GeneralExemplars/GeoExemplars/LakeDistrictData/data/LakeDistrict/terrain-50-dtm_3563996/sd/SD59.asc
ncols 200
nrows 200
xllcorner 350000
yllcorner 490000
cellsize 50
[rows 72 to 107 of 200, columns 0 to 80 of 200]
61 58.8 58.5 58 57.9 57.7 59.9 61.3 61.5 61.7 61.9 61.9 63.1 64.4 64.6 65.3 64.2 62.4 62.3 63.4 63.2 64 66.4 67 66.8 65.7 63.4 64 65.2 66.8 71.5 73.4 72.9 68.3 68.7 72 72.4 74.2 87.6 92.6 95.6 93.7 80.1 74.7 78.8 82.3 75.8 75.6 76.4 79.2 83.1 82.1 84.3 85.1 82.4 87 91.9 90.8 87.3 80.1 87.2 100.5 113.9 118.4 115.7 112.8 112.9 120.7 130.4 142 150 160 157.1 153.8 153 146.4 136 130.1 146.5 158.8 151.2
65.5 64.2 58.4 57.7 57.5 57.8 57.3 60 60.6 64.4 65.2 61.7 62.9 61.9 64.7 63.5 63 62.1 61.9 61.9 62.6 63.2 65.3 65.9 65.5 64.4 63.1 64 64.6 65.4 69.8 71.7 71.4 65.2 68.5 71.4 71.4 71.9 82.2 87.4 89.3 88.7 78.6 75.1 84.8 84.3 75.7 75.4 76.8 81.7 85.2 84.4 86.2 83.9 82.4 92.1 94.6 91.5 85.1 78.6 78 87.6 105.8 109.7 110.6 107.1 111.7 120.1 133.4 146.2 158.1 158.4 154.5 149.6 146.3 143.4 133.9 129.7 148.2 156.9 148
67.4 65.2 60.4 57.5 57.5 57.3 57 57.2 59.9 66.2 69 65.5 62 60.5 61.2 62.5 61.1 61.7 62.7 63.1 62.6 62.6 62.2 64.1 64.2 64 63.8 64.8 65.4 65.9 69 73.5 67.8 64.5 69.3 70.5 69.8 71 77.3 82 83.5 81.7 74 81.1 87.6 86 80.2 76.9 82.1 86.7 88.4 87.5 86.1 82.3 85 96.4 95.9 89.7 83 79.6 78.6 80.6 96.7 103.3 103.5 104.5 109 121.4 132.1 144.7 151.1 150.6 149.2 144.9 140.2 137.8 132.7 129.2 147.6 152.5 146.3
65.2 65.1 61 57.7 57.2 57.2 56.8 56.9 57.1 65.7 70.5 67.7 61.3 60 60.1 60 60.7 61.6 62.8 63.3 62.4 64.2 64 64.2 63.9 63.8 63.7 64.9 65.8 66.3 67.5 67.9 62.9 71 71.4 72.2 70.5 70.2 71.5 74.2 75.2 73 76.3 82.6 87.2 85.4 79.6 81 85.7 90.6 92.2 87.9 84.3 86.3 92.1 98.8 96.1 86.5 80.5 79.6 77.9 81.4 89.7 92.5 101.4 105.7 110.4 121 129.2 137 139.1 141.3 143.3 141.6 134.9 132.9 129.2 130.8 146.4 146.9 145.6
63.8 64.1 62.3 59.4 63.8 67 61.6 56.7 55.9 57.4 66.8 66 60.4 59.7 59.4 60 60.6 61.7 62.5 63.1 63.3 64.7 66.6 64.5 64.7 64.1 62 64.2 65.7 66.5 66.8 63.9 61.8 69.5 70.4 70 68.9 69.3 69.7 68.8 69.2 72.2 77.1 83.3 87.6 84.7 79.4 82.8 88 94.8 92.5 85.3 83.2 88.9 93.3 99.9 94.5 86.4 81.8 79.7 77.9 80.7 84.7 98.2 106 101.4 110.5 117.5 121.7 124.6 126 130.2 135.9 137.9 130.7 128.7 124.9 131.7 139.4 141.3 139.3
62.3 62.7 61.8 61.4 67.6 71.3 64.8 58.4 56.7 55.5 57.1 61.2 60.5 59.9 59.2 59.9 60.5 60.6 61.4 64.7 63.6 64.9 64.1 62.6 62.9 63 63.3 64.6 65.6 64.1 60.5 58.5 61.9 69.1 69.4 68.2 68.5 68.8 68.5 68.6 68.7 69.1 75.4 81.3 86.3 84.6 79 82.9 88.9 95.3 88.1 81.1 83.8 89.9 95.6 101.6 90.8 80.9 79.6 81.3 81 79.2 87.1 102 104.2 97 106.7 111 111.4 107.9 109.3 117.3 125.9 128.6 124.7 123 118.3 129.8 132.9 135 131.9
62.9 62 62 61.5 64 69.9 64.8 60.2 56 55.6 55.6 57.2 59.7 59.4 59.1 59.5 59.6 59.8 61.5 62.8 61.4 62.3 62.8 62.4 62.7 63.3 61.1 59.4 57.7 59.9 60.9 61.7 66.6 67.1 67.8 67.5 67.5 68.2 67.7 67.8 67.7 67.4 71 79.7 84.6 82.6 78.1 82.1 88.5 94.8 83.4 77 82.6 89.7 101.2 99.4 87.4 82.1 83.7 87.3 85 80 88.2 99.1 97.1 93.8 99.6 100.6 97.1 94.5 99.1 104.6 110.5 116.7 116.2 115.9 112.3 127.6 129.9 129.4 124.8
69.8 61.7 61.6 61.4 61.4 65.1 65.7 55.3 55.8 54.6 58.8 58.5 58.8 58.9 58.8 59.2 59.5 60.1 61.1 61.1 62.4 63.8 62.5 62.5 63 60.9 57.1 58.4 59.5 60.5 60.6 60.6 65.6 66.1 66.7 66.9 66.9 68.2 67 66.8 66.7 66.7 71.6 77.1 81.8 80.1 76.5 80.9 86.8 91.2 78.3 74.2 81.6 91.1 100 95.9 86.6 81.9 87.5 90.1 86.1 79.7 90.2 95.2 88.6 95.6 94.3 86.8 84.9 84.7 88.5 91.2 98.9 104.2 108.6 105.1 104.8 117.9 125.9 125.5 119.4
78.2 68 61.3 61.2 61.3 61.8 63.2 54.5 54.3 57.2 58 58.3 58.1 58.8 58.7 58.9 60.1 60.2 60.7 60.8 64.4 64.8 68.6 71.9 63.1 63 57.1 58.1 59.6 60 60.4 60 64.3 65 66.3 66.2 67.2 77.2 68.8 68 67.1 66.1 66.9 70.7 77.4 75.3 73.2 79.2 86 85.7 75 72.9 80 88.9 95.5 91.8 86.1 85.6 91 92.1 86 78.1 89.1 84.4 91.2 96.4 89.5 81.4 80.1 78.8 79.3 81.9 95.2 99.6 99.9 94.8 95.7 103.8 121.5 125.9 116.4
77.7 72.8 63.2 61.6 60.3 60.5 59.9 53.8 56.5 56.8 56.9 58.1 57.9 58.7 58.5 58.8 61.5 61.4 63.3 64.5 65.9 67.6 78 79.3 67.2 62.4 56.1 58.1 58.8 59.2 59.3 59.2 63.2 67.1 68.1 66 72.3 82.9 74.3 68.1 66.4 66.1 65.9 65.9 71.2 70.2 66.8 73.7 80.1 80.1 75.3 71.6 78.1 84.9 89.5 86.8 86.3 88.6 91.4 87.6 80.8 75.1 77.1 80 89.9 96.8 85.4 84.3 82.8 81 79.7 81.9 84.1 89.1 93.2 88.6 87.4 98.5 119.4 121.7 114.4
77.8 71.3 62.3 62.1 60.6 59.7 57.9 53.6 55.4 55.7 55.8 57.6 57.6 58.2 58.4 59.1 62 62.5 61.8 63.6 65.6 76.5 86.1 86.6 77.3 62.5 56 58.3 58.2 58 58.6 60 61.7 63.4 64.5 64.9 75.7 83.7 77 73.2 69.1 69.6 69.7 63.1 65.4 64.1 64.7 70.3 75.5 75.7 76.5 71.3 76.5 80.9 84.2 83.9 86 88.6 87 81.9 74.2 73.6 74.1 75.5 86.6 92.1 85.5 85.6 83.3 80.6 81.7 90.5 88.3 92.5 91.9 90.1 85.9 101.7 117.4 118.2 115.8
84.8 75.3 69 61.5 60.8 60 56.2 53 54.1 54.3 54.7 56.5 57.3 57.9 58.4 59.1 60.6 60.8 61.4 63.1 68.8 82.2 88.7 86.6 78.5 66.7 55.9 57.5 57.9 57.6 59.3 62.1 61.7 63 64 68.9 78.6 83.9 75.9 68.4 68.5 68.2 66 62.3 62.4 63.1 63.7 68 72.4 75 76.5 69.3 73.4 77.5 80.1 82.1 84.2 84.3 82.3 75.6 71.4 71.6 71.9 76.5 86.4 87 85.4 84.7 79.2 78.6 86.8 92.7 92.6 90.8 91.8 89.6 84 99.9 107.3 107 104.3
87 78.4 71.4 63.4 60.4 59.8 59.1 57.1 56.7 55.7 52.8 52.9 55.3 56.5 58 58.4 58.5 58.7 58.7 61.3 69.5 82.1 87 84 77.3 66.5 57.4 56 57 58 68 67 62.2 62.9 69.7 67.5 78.5 81.6 72.1 66 64.6 66.7 65.5 61.8 61.6 62.3 63 65.3 69.6 71.7 71.2 67.3 70.6 74 74.5 81.4 82.8 80.8 77.2 71.1 70.4 70.3 72.7 79.5 85.6 83.6 82.6 79.1 78.3 80.5 92 96.7 93.6 93 91.4 85.7 85.1 94.1 80.3 78.9 80.8
91.1 83.7 74.2 65.6 62.4 62.5 60.4 59.6 59 57.8 54.9 52.4 53.6 55.3 57.5 57.9 58.4 59.2 58.1 60.3 67.2 80.9 86.4 81 74 63.9 56.3 54.9 56.1 64.4 69.1 67.6 63.3 61.2 66.7 66.2 76.2 76.5 69.9 64.3 63.4 64.4 62.1 61.2 60.6 61.5 61.8 62.3 65.5 68.1 65.8 65.9 67.4 67.9 73.5 82.8 81.3 80.4 75.2 70 70.3 71.1 75.9 79.8 82.1 80.8 82.3 78.7 76.9 78.9 92.3 98.5 94.2 95.8 91.1 82.4 84.5 84.7 79.8 81.3 81.3
95.1 87 79.2 68 60.6 59.9 59.8 59.1 58.9 58.4 55.7 53.9 52.7 52.6 54.5 57.2 57.2 57.7 57.9 57.2 63.7 76.5 82 77.8 71.4 57.3 55.7 55.1 55.2 67.9 71.4 70 64.2 60.6 60.9 63.3 71.3 72.4 63.2 62.3 61.3 61.5 60.4 59.9 59.7 60.5 60.9 60.7 64.5 65.2 67.3 63.9 63.3 68.3 78.6 84.4 80.4 80.9 75.4 70.1 70.3 70.8 76.2 81.7 84.1 85.4 85.8 80.7 76.7 78.7 93.1 97.2 93.2 93 87.7 80.9 82.1 81.6 79.4 78.5 78.2
94.9 89.3 83.8 71.1 63.5 58.8 57.4 58.7 58.4 58.3 54.6 53.9 53.5 51 52 55.8 57.1 57 56.8 57.8 64.9 74.2 81.8 74 66.4 54.9 54.5 54.6 58.2 71.9 76.3 74.6 65.7 60.2 59.4 59.9 65.7 65.3 59.6 59.1 60.8 64.6 61.3 59 59.4 60.3 59.7 59.6 63.6 71.4 75.5 65.9 62.5 68.9 77.8 83.9 77.7 79.5 76.3 74.1 71.9 70 75 84.4 88 87.8 90.8 89.5 78 78.4 91.3 92.6 91.2 90.4 83 80.3 80.3 81.4 78.4 76.9 75.9
91.6 87.6 79.9 70.5 64.3 60.9 57.9 58.4 57.9 57.7 53.9 53.8 53.8 52.2 52.6 52.3 55 56.7 56.4 55.6 56.1 68.5 74.4 66.6 58.5 54 53.8 55.2 67.7 73.7 77.5 73 63.7 59.4 59 58.3 64.4 60.9 58.5 59.6 60.4 60.7 59.6 58.1 59.9 59.3 59.1 59.4 66.5 75.2 76 64 61.9 67.5 79.5 82 75.5 77.9 76.7 78.7 76.9 70.5 73.3 84.6 87.7 91.5 98.5 92.7 76.8 77 87.8 88 87.7 87 80.6 82.1 83 81.4 81.1 79.3 75
87.7 83.9 77.1 68.1 62.9 58.3 57.5 57.5 57.7 57.4 54.3 53.6 53.6 52.9 51.4 51.2 52 55.9 56.7 55.8 55.6 61.2 64.4 60.5 54 53.2 54.5 62 68.4 73.7 73.6 65.4 58.5 56.5 57.2 57.3 63.1 57.6 56.7 57.5 59.3 57.9 57.8 57.3 57.5 58.2 58.2 58.6 65.5 74.9 75.2 62.8 61.6 69.5 78.6 78.5 72.9 78 78 80.1 79.1 70.3 74.8 83.7 89.2 98.3 101 91.1 76.2 81.2 83.7 83.3 84.7 80.5 83.5 87.7 87 81.3 80.8 79.5 74.2
85.9 81.8 76.5 67.5 60.2 56.9 57.3 57.4 57.8 57.6 54.7 53.3 53.5 52.7 50.4 51.9 52.1 51.9 55.4 53.8 54.3 57.7 58.7 54.5 53.2 53.4 56.8 63 67.4 72 68.8 59.2 57 58 57.1 55.2 58 53.9 54.9 57.3 58.2 57.5 56.9 56.2 59.2 60.6 57 57.2 64.3 70.3 71.6 62.9 62.7 70.1 76.7 74.2 71.5 76.1 80.6 81.4 78.4 70.2 75.3 83.8 93.1 99.3 94.8 84.2 73.9 81.3 78.2 77.7 75.7 84.7 89 86.8 80.4 78.1 77.7 76.5 78.1
87.5 80.4 72.7 66.9 61.6 58.3 57 56.6 56.7 57 55.6 53 52.9 52.3 50.7 51.8 51.9 51.8 51.7 51.7 52.4 55.6 54.3 52.4 53 53.1 56.7 62.9 64.7 67.7 65.5 59.3 57.3 57.3 56.9 52.8 53.2 54 55.4 53.6 57.4 59.3 55.6 56 64.1 68.9 62 57.6 63.1 65.9 67.6 61.2 63.8 68.5 73.7 70.8 69.9 76.1 82.1 82.4 77.5 70.5 75.2 83.2 94.7 93.7 82.7 73.7 71.4 72.5 71.9 72.2 81 89.5 84.5 77.7 75.7 76.2 76.8 72.6 88.1
87.9 81.8 73.7 66.4 61.2 58.3 57.3 56.8 55.7 56.3 55.6 53.2 52.8 52.5 51.1 51.4 51.5 51.5 51.4 51.7 51.9 51.7 52.5 52.7 52.7 53 55.2 64.6 66.7 63.1 61 58.3 56.7 57 58.3 50.9 50.4 51 53.9 52.8 56.6 57.2 55.5 56.7 67.4 70.8 63.6 58.7 63 65.9 64.4 60.4 62 66.3 69.2 65 68.7 76.2 86.3 84.2 75.6 69.6 75 83.5 91.5 87.5 72.3 69.1 69.6 70.3 71.4 73.6 76.3 77.2 75.1 74.8 74.5 73.1 72.4 86.6 98.4
88.5 82.7 75.2 69.5 63.7 60.5 57.2 56.5 54.9 55.6 52.9 52.5 52.6 52.4 51.2 49.6 51.4 51.9 50.5 50.8 51.4 51.8 51.9 52.4 52.4 52.5 55.6 66.8 71.9 67.7 57.7 56.7 56.1 59 60.4 50.4 48 48.4 49 50.5 53.6 55.8 57.9 59.7 69.8 70.9 60.7 58 63.2 65.4 63.1 59.1 60.1 62.5 62.9 62.4 68.5 76.6 88.8 85.5 74.3 67.6 71.5 77.8 86.9 79.1 68.8 67.3 67.9 68.4 70.2 71.4 72.4 72.6 72.8 70.7 69.3 74.8 85.5 101.1 108.6
86.2 83.9 78.8 71.9 65.4 61.7 56.7 55.8 54 55.6 52.7 52.3 52.5 51.7 51.6 51.7 50.5 50.3 50.7 51.1 52 51.3 51.8 51.9 52 51.9 53.5 64.8 69.5 67.9 57.3 55.6 55.8 61.2 61.4 50.6 48 48 48.4 49.3 53.1 58.1 59.1 62.2 71.4 71.1 59.7 58.4 60.7 63.4 59.7 58.7 59.2 60.4 64.1 68.5 68.1 82.9 90.8 86.6 74.4 66.8 66.5 70.9 73.1 67.7 66.9 67.3 67.7 68.1 68.9 69.1 69.8 68.3 69.9 72.3 75.7 78 93.9 107.2 114.4
86.1 82.1 77.9 71.7 64.6 59.3 55.9 54.5 53.4 54 51.4 51.7 51.9 51.2 51.6 51.1 51.2 49.3 50.7 51 51.3 50.4 51.4 51.6 51.5 51.6 52.5 61.3 64.4 64.5 55.4 55 55.4 58 58.1 47.9 48 48.5 48.4 48.9 52.3 56.4 57.6 61.6 69.7 71 62.7 59 60.9 60.5 58.7 58.7 58.8 59.2 66 68.5 72.6 85.7 91.4 85.6 78.4 67.8 66.7 68.2 67.3 66.1 66.6 67 67.3 67.8 69 69.8 68.1 68.9 73.4 75 77 84.1 99.9 108.1 116
84.6 82 76.7 69.8 63.8 59 56.2 55.8 55.1 52.8 52.2 52 51.8 51.2 51 51 50.2 50.5 50.1 50.3 50.9 50.7 51 51 51.2 51.4 52.4 53.2 58.5 58 54.4 52.6 54.4 56.2 55.8 48.2 48.1 51.2 50.4 50.8 52.1 56.1 56.4 62.7 65.8 65.7 64.2 61.4 59.2 58.5 59.2 59.9 59 59.5 67.6 70.4 74 84.2 86.5 80.7 71 66.1 66.5 64.7 65.5 65.8 66.2 65.8 66 66.3 67.6 67.2 70.4 73.2 74.7 75.9 82.3 90.1 99.8 104.9 116.3
85.4 79.6 75.8 68.4 62.6 57.8 55.7 55.5 55.6 54 53.8 51.8 51.5 51.1 53.1 54.6 51.7 50.5 49.6 50.2 50.2 50.5 50.5 51.3 51.3 51.5 51.6 52.8 50.1 50.9 49.9 48.4 47.9 50.6 50.7 50.3 53.4 53.2 51.7 50.4 53.1 56.1 56.1 61.2 63 64.1 64.4 62.3 59.8 59.4 63.4 63.9 59 62 70 69.5 74.4 79.6 77.2 71.4 65.2 65.5 65.9 64.1 64.9 65.3 65.2 66.5 66.7 68.5 69.8 70.8 72.4 74.1 77.7 83.5 87.2 94.9 100.6 106.6 118.4
84 79 74.1 65.9 61.1 57.8 55.8 55.1 55.1 54.6 53.9 52.5 51.4 51.2 55.9 59.6 56.9 55.5 58.3 53.9 48.9 50 50.3 50.5 51 50.8 50.8 51 49.9 49.4 48.8 48.2 48.9 47.9 48.6 48.3 51.9 52.2 52 51.9 53.3 57.7 56.5 58.5 62.1 63.1 63.9 63.7 59.8 59.6 66 65.9 63.1 67 68.1 66.4 69.5 69.9 64.5 63.9 64.2 64.4 63.9 64.4 64.6 64.7 65.4 66.8 68.2 69 70.1 71.6 72.4 73.9 78.2 87.9 89.4 97.8 101.6 109.4 118.9
89 80.1 73 68.5 66.5 60.8 56.6 54.8 54.5 54.3 53.6 51.6 53.3 51.4 54.8 59 57.8 63.7 67.3 66.8 55.1 48 49.8 50.2 50.6 50.7 51.2 50.7 49.7 49.2 49.1 48.1 48.3 48.2 48.9 48.6 51 51.8 51.8 51.7 52.7 54.8 58.1 59.5 61.7 61.9 62.1 59.9 59.5 62.4 66.8 64.5 62.8 66.8 64.7 64.3 64.3 63 62.6 62.8 63.2 63.7 64.1 63.8 64.2 64.5 65.5 67.2 72.4 76.3 76.5 75.4 72.6 74.7 82 88.8 90 94.2 100 112.2 118.9
92.7 85.8 78.2 73 71.3 67.4 58.7 55.5 53.5 54 53.9 54.2 51.8 51.3 52.8 60.1 63.1 70.3 74.5 73.1 64.3 53.4 48.1 50.4 50.6 50.2 50.1 50 49.4 49.1 49.2 49.1 49 48.8 48.1 50.5 51.4 50.3 50.4 50.6 51.5 54.8 61.5 61.2 63.5 62.7 60.6 59.2 63.5 63.3 63.4 62.5 63.3 67.6 63.8 60.2 60.5 61.1 62 62.3 62.6 62.6 63.2 63.7 63.8 64.5 67.1 77.1 88.2 89.7 88.2 75.2 74.4 81.9 85.2 89.6 92.3 95.6 102.8 114.8 119.3
89.8 87.7 82 76.2 72.8 68.8 57.8 55.1 54.5 53.3 52.9 51.4 51.4 51.2 51.7 59.7 65.8 73.5 78.3 76.6 68.1 58.2 49.8 49.3 49 50.4 49.5 49.6 48.8 48.2 48 48.8 48.6 49.2 48.8 48.1 48.3 48.3 49.3 49.9 50.3 54.2 61 64.7 63.8 62 60.4 60 62.3 62.7 64.4 63.6 65.3 69.9 64.5 60.5 60.4 59.9 61 60.5 62.2 62.3 62.6 63.3 64.1 66.8 72.8 84.6 95 95.6 87.5 76.1 79.4 87.1 88.6 91.8 94.9 100.5 105.1 112.7 119.9
91.2 82.3 79.2 72.9 71.3 72.6 64.2 59.1 58.7 56.1 53.3 52.1 55.1 52 52 58 64.5 74.5 80.3 79.9 71.2 57.9 51 50.4 49 47.2 47.4 47.1 47.2 47.3 47.6 48.1 48.4 48.8 48.6 48.4 48.6 48.5 49.1 50.2 50.1 51.5 60.4 60.5 60.8 60.9 61.1 61.7 62.4 61.7 62.8 64 65.5 65.6 60.5 60.3 61 61.5 65.3 65.6 61.6 62.7 63.3 71.8 73.6 71.3 77.6 88.9 97.5 94.7 83.5 77.2 81.8 88.4 91.5 95.9 102.1 102.4 103.3 110 120.3
93.1 85.4 75.7 72 70.5 73.4 67.5 63.4 60.6 58.3 52.6 53.9 52.7 52.5 53.9 59 65 71.8 80.4 83.3 68.8 57.9 52.4 54.3 53.2 50.7 49.8 49.6 48.3 49 48.6 48.4 48.2 46.6 48.5 48.7 48.2 48.2 50.1 49.8 49.9 51.6 51.7 56.7 58.6 62.3 62.3 61.2 62.4 62.7 61.8 61.4 63.4 63.7 58.7 59.5 60.6 61.7 65.8 67.2 69.1 65 68.2 75.3 73.1 72.5 82 93.6 98.1 93.3 79.3 79.9 85.6 88.5 92.4 100.2 101.1 97.8 104.2 108.5 120.1
100.1 90.8 80.8 71.2 69 71 68.7 63.8 62.5 54.4 53.5 59.7 58.6 55.8 58.8 59.9 63.9 69.7 77 79.5 66.8 54.2 53.6 53.3 53.4 52.4 50.2 49.8 49 47.9 48.1 48.1 48.1 47.9 46.8 48.5 48 48.9 50.1 49.8 49.3 51.4 51.4 54.8 56 60.8 61.2 60.7 61 60.6 60 59.4 64.8 63.4 57.9 60.6 61 64.8 67.9 67.6 67.5 66.1 70.1 72.2 72.6 74 86.6 97 96.9 91.7 81.3 82.6 89.6 90.7 95.1 103.8 98.4 97.4 97.6 104.9 119.3
101.8 95.2 85.9 73.8 66.9 67.6 67.2 63.3 58.3 53.4 56.6 69.1 67.7 59.7 63.4 61.4 61.3 66.3 76.4 76.5 63.8 55.6 55.2 53.5 53.1 52.6 50.4 49.4 48.7 48.7 47.4 47.8 48.1 47.9 47.5 47.7 48.3 48.3 49.3 49.4 49.8 51.3 51.5 54.1 53.1 60.6 60.6 59.5 58.5 59.9 59.8 58.4 63 57.8 59.2 62.2 64.7 66.6 68.4 68.6 68.1 69 78.1 80.3 74.2 78.6 90.6 97.4 95 88.8 81.7 84.8 89.3 91.3 94.8 100.6 97.8 96.2 97.7 107.2 126.2
100.2 96.5 89.9 79.1 69.6 65.6 65.1 61 55.3 54.2 59.9 70.6 70.7 64 57.4 60.4 61.6 62.6 70.5 72.4 59.2 52.9 54.5 52.2 51.7 50.4 50.3 49.2 48.6 48.6 47.9 47.3 47.7 47.4 46.5 47.6 48 48 48.8 49 49.8 50.9 51 53 56.2 59.4 62.9 61.7 57.5 60 58.9 57.5 54.6 65 65.7 64.8 64.8 66 68.4 69.3 69.4 75.8 84 85.1 76.8 83.6 92.1 94.6 90.6 83.1 83.9 86.6 90.2 91.4 96.1 100.2 101.9 102.2 102.9 105.3 124.8
102.7 94.7 89.1 83 73.4 64.1 62.3 59 55.7 55.8 62.4 72 72.4 69.1 65.1 60.9 61 63.3 66.8 67.7 58.5 53.7 52.5 52.3 51.2 50.7 50.7 50 48.5 48.7 47.7 47 47.8 47.9 45.9 48.2 47.9 48.3 48.5 48.7 49.2 49.6 50.3 52.2 55.6 58.6 58.2 56.6 56.8 56.5 54.2 53.3 61.5 63.8 63.7 64.1 65 65.7 69.7 70.3 73.9 83.4 89.4 87.1 80 87.4 90.7 88.8 86 83.9 86 88.2 90.6 96.2 99.3 101.4 102.5 107.2 109.4 109.2 122.9
