GeneralExemplars/GeoExemplars/LakeDistrictData/data/LakeDistrict/terrain-50-dtm_3563996/sd/SD59.asc
ncols 200
nrows 200
xllcorner 350000
yllcorner 490000
cellsize 50
[rows 0 to 35 of 200, columns 81 to 161 of 200]
208 210.4 212 209.9 210 209.2 207.9 207.8 205.1 208.6 212.2 211.5 201.9 198.9 195.7 189.6 177.4 169.5 157.8 150.8 144.7 142 141.6 144.8 148.3 138.6 138.4 140.7 145.4 150.2 157.9 158.8 168.7 162.2 164.3 171.7 182.4 188.5 192 194.8 200.3 206.9 215 218.8 225.8 234 240.1 247.9 255.8 263 270.7 277.1 283.8 290.1 298.6 302.8 306.7 308.6 310.1 311.2 314.3 323.9 336 346.6 358 364.3 366.5 365.3 358.2 352.3 352 345.2 339.6 332.7 325.5 331.9 338.7 341.4 347.5 352.2 351.5
207.4 208 207.3 208.7 203.7 203.1 202.3 201.6 200.5 203.3 204.4 202.5 198.5 196.3 189.6 177 169.6 159.6 154.1 147.9 144.7 143.5 143.5 146.8 143.9 138 138.9 145.9 152.8 162.1 170.1 173.8 179.7 165.4 166.4 170.4 177.5 184.9 190.7 195 199.8 207 211.1 216 222.5 229.2 236.9 242.9 251 258.9 266.1 270.8 274.7 279.9 285.5 290 293.6 299.2 300.5 303.8 307.5 312.8 323.4 332.7 341.7 346.2 345.7 343.2 337.9 335.5 332.8 326.8 321.7 315.9 315.1 318.7 322.3 327 331.7 336.3 336.4
202 204.9 206.5 207.9 205.5 203.6 200.9 196.9 194.5 196.6 198.5 196.2 193.1 186.6 180.2 172 164.8 157.3 154.1 148.2 147.3 146.9 144.7 145 139.8 137.6 138.8 150 157.1 164.6 173.6 178.6 181.9 165.1 164.7 170.7 180.5 188.8 193.6 197.5 199.4 203.1 205.8 211.9 219.2 225.2 231.5 236.4 245.4 253.1 260 263 266.3 268.9 271.3 275.1 280.4 288.1 289.9 295.5 299.2 303.5 313.4 324.2 331.8 332.2 327.7 323.9 321.9 318 315.2 310.7 307.5 302.4 305.5 306.3 311.5 315.4 318.4 322.1 322.9
199.4 203.6 204.8 207.7 207.3 209 207.4 202.1 194 193.4 192.1 186.9 185.9 181.9 174.2 168.6 165.9 162.5 160.2 154.2 151.5 147.9 144.5 138.5 137.4 136.7 139.8 152 158.7 168 175 179.1 180.6 166 164.3 168.2 181 190.4 193.7 198.2 197.1 197.3 201.6 207.6 215 222.2 226.6 230.7 237 243.2 250.1 254.4 257.7 258.1 260.5 264.2 266.9 275.2 280 285.2 289.3 294.3 305 315.9 322.2 321.7 316 314.5 311.3 307.9 303.8 299.4 294.9 295.2 297.4 297.8 303.1 304.7 306.3 309.9 314.1
197.3 202.3 205.5 208.2 208.5 212.3 212.2 206.5 197.1 191.9 188.3 181.4 176.5 174.3 173 172.3 167.5 162.9 159 153.5 149.9 143.9 141.8 143.1 136.7 136.5 139.5 152.2 160.8 168.7 173.3 176.4 176.3 168.8 164.8 168.8 178.8 188.8 191.8 194.7 191.6 191.5 196.8 202.7 213.5 217 220.1 222.3 228.5 235.7 241.3 245.2 249 248.6 249.2 250.6 256.9 264.1 270 273.1 276.6 283.6 296.5 306.8 311 308.5 308.5 306.4 303.9 299.1 295.8 291.9 290.1 293.2 293.8 294.1 297.3 297.5 298.2 304.9 310.9
196.2 204.9 207.7 211.5 214 217.3 214.5 204.3 196.4 190.9 190.7 184.1 180.9 181.6 178.2 172.5 164.4 162.2 155.1 151 147.4 144.3 140.2 140.7 135.9 136.1 138.1 149.2 157 161.5 166.4 170.8 172.1 170.1 166.3 171.6 175.8 185.2 188.8 188.5 185.7 186.6 191.2 200.9 208.3 209.9 211.9 214.9 219.1 227.1 231.9 236.7 238.5 238.3 239.1 240.7 243.3 254 260.6 263.7 269.2 278.5 287.6 296.2 298.9 296.8 298 298.8 297.4 294.2 289.1 287.3 289 291.8 290.3 290.5 292.1 289.8 295.1 302.3 308.8
194.4 202.6 207.7 212.3 216.3 220.1 213.8 203.3 196.8 191.4 191.9 190.9 185.9 183.8 178.4 171.6 165.6 160.4 152.4 150.1 146.1 141.7 138.5 136 136.4 135.6 135.3 137.1 146.3 152.5 158.2 164 167 166.9 165.8 171.7 171.8 179.2 182.7 182 176.8 179.7 184.7 195.9 201 202.9 205 209.3 211.8 218.2 224.4 228 227.4 228.6 229.9 233 237.1 244.4 249.8 256.4 262.5 271.9 280 286.8 288.7 288 289.4 291.4 290.8 287.4 282.6 283.6 287.3 286.6 285.4 286.4 284.6 284.2 295 302.7 306
190.8 196.6 206.3 212.2 218.1 220.8 213.5 204.2 196.4 190.9 190.4 191.3 184.2 181.4 176.4 169.3 165.3 156.4 152.1 148.1 144.9 140.8 136.1 135.5 135.8 135.4 134.9 134.7 140.1 143.9 147.2 154.7 159.3 158.8 164.3 168.3 162.7 174.1 178.5 174.9 171.9 175.2 182.9 188.1 191.9 197.5 200.6 202.3 204.6 209.6 216.8 221.2 220.8 220.7 223 220.8 222.7 228.8 239.7 247.4 255.1 263.5 270.6 276.5 279 280.2 280.2 282.6 282.1 278.3 274.6 279.6 282.2 279.4 278.5 279.3 275.4 280.3 294.5 297.7 302.3
190.6 194.4 203.8 210.2 216.1 215.7 209.1 202.8 199.5 194.5 192.6 191.4 184.5 185.1 181 172.5 167.3 154.1 149.2 145.1 143.7 138.5 135.3 135.1 135.7 140.1 134.6 134.6 134.5 134.5 134.5 145.1 150.6 154.9 159.5 154.5 155 163.9 171.2 167.8 167.2 175.7 181.8 185.4 188.7 193.3 194.5 196.2 198.2 197.4 207.6 210.5 212.8 213.5 214.1 208.6 211.7 221.6 234.4 239.6 246.2 253.1 259.7 266.5 268.8 271 270.9 273.3 273.5 271.1 268.5 273.5 273.6 271.9 271.2 269.9 267.1 279.5 288 290.1 296.9
190 191.6 200.2 203.8 208.3 208.4 202.7 197.4 195.6 193.1 197.6 198.1 192.1 191.5 183.2 172.6 163.6 154.1 148 146.5 143.8 137.6 134.9 134.9 138.8 144.1 134.7 134 133.6 133.9 133.7 136.8 143.1 148.4 148.1 145.2 154.5 161.2 163.8 163.5 173.4 182.3 185.2 179.4 182.6 192.7 196 197.3 191.9 184.2 193.3 199.6 204 205.3 204.9 200.6 203.1 220 226.3 231.6 237.6 241.9 248.3 255.5 257.7 258.5 265.9 266.3 265.5 262.8 260.6 263.5 263.6 264.4 263.4 266.4 262.2 273.8 276.9 281.6 290.5
191.5 187.8 195.5 198.9 200.7 200.9 195.3 193.5 193.3 193.5 202.6 202.9 199.5 191.7 181.9 170.7 161.1 152.9 146 146.2 142 135.7 134.3 134.6 143.6 145.3 140.3 133.9 133.6 133.3 132.8 133.1 137.4 139 134.5 141.8 154.2 158.5 157.6 166.4 176.1 183 184.2 178.4 187.4 191.9 192.9 193.9 185.6 174.5 181.8 191.3 196.3 198.2 196.7 192.4 199.6 216.3 218 223.3 229.5 234.5 238.4 242.6 246.8 250.5 258.6 255.2 256 253.9 249 251.2 254.5 254.9 257.7 258.6 253.7 266.3 265.9 271.3 283.9
189.8 185.7 187.4 190.2 190.1 193.4 193.1 194 193.1 198.2 205.5 205.7 201.5 191.9 179.3 168.1 158.7 154.1 148.2 146.9 141.9 139.2 134.2 133.9 144.5 145.6 140.6 133.7 133.1 133.1 133.1 132.5 132.5 132.3 131.9 140.4 153 154.4 158.1 167.2 174.4 179.3 178.2 176.7 185.5 186.8 186.4 187.2 185.4 171.7 172.2 181.4 187.3 192.7 193.6 188.5 197.6 210.7 209.5 212.3 219.5 223.5 225.7 229.7 236.6 242 248.7 246.9 248.7 246.6 240.7 241.4 243.9 246.4 251 250.7 246.3 252.1 254.7 261.6 274.1
183.3 180.3 178.4 180.7 187.1 190.4 192.6 192.5 191.5 200.6 205.2 203.8 199.8 191.1 178.3 169.9 160 157.7 151.7 146.1 140.1 137.3 133.2 135.6 141.8 141.9 138.8 132.7 132.9 132.8 132.5 132.5 132 131.8 131.7 140.1 151.4 150.7 159.5 165.3 170.8 173.6 169.5 171.3 178.4 179 179.1 179.8 180.3 173.1 166.9 171.3 180.5 188.5 189.5 187.1 195.7 205.2 201.6 202.4 207.3 211.8 216.4 221 224.7 228.5 235.1 236.6 240.8 238.8 236.4 235.3 238 240.3 239.2 236.9 238.2 238.9 244.7 253.6 264.4
181.2 174.3 176 180.8 188.5 190.2 190 192.7 189.9 196.1 198.2 197.6 195.2 189.3 178.5 168.5 158.9 152.9 146.5 140.3 136.9 135 133 136.4 139.1 138.5 135 132.1 132.3 132.4 132.2 132.4 131.7 132 133.3 138.3 146.8 152.3 160 162.4 165.9 168.4 164.2 164.5 169 169 175 178.1 171.3 173.4 168.2 168.9 172.8 183.8 182.1 186.7 190.4 199 196.2 193.6 199.3 206.3 208.9 210.7 213.6 215.6 222.5 229.3 230.2 231.2 231.4 232.3 232.6 234.7 235.4 235.1 235.3 234.5 236.4 247.9 260.6
188.5 171.8 174.2 184.5 186.4 187.1 191 190.4 187 188.7 188.9 190.3 189.6 185.4 175.9 167 155.7 149.4 145.5 142.1 139.9 136.1 132.8 133.7 133.7 132.1 131.1 131.6 131.7 131.4 132.1 132 131.4 131.4 133.3 137.1 143.8 150.6 158.2 158.5 159.6 164.1 161.8 160 160.6 168 174.5 181.5 170.5 165.9 167.1 168.1 171.3 174.2 185.6 190.7 189.4 191.5 187 182.8 192.4 200.5 201.1 202.4 205.9 211.1 215.3 218 225.5 230.7 229.5 230.2 231.9 238.1 238.4 235 234.2 234.4 233.2 245.1 257.3
187.3 174.6 171.6 180.1 187.1 188 187.4 186.1 180.7 181.2 181.1 183.6 183.3 179.1 172.9 169.3 159.2 152.4 150.3 147.4 141.5 137.3 132.4 132.4 131.8 131.6 131.1 131.2 131.4 131.1 131 131.5 131.1 130.8 131.4 138.2 139.9 149.4 156.2 155.3 154.1 157.5 162.2 159.6 159.6 168.9 173.8 176.9 167.9 165.9 166.8 168.1 170.1 175.2 184.4 189.6 187.2 182.4 178.6 179.8 188.4 195.1 195.2 197.4 200.4 210.1 220 226.5 232.4 231.7 232.2 235.3 238.7 238.8 237 234.9 232.3 230.1 233.5 243.6 256.3
183.5 174.3 169.7 175.5 183.5 181.9 182 181.9 177.3 177.8 174.9 177.7 177.2 174.4 172.1 173.1 163.7 153.4 146.9 141.3 138.2 137.2 134.7 132.1 134.3 135.8 132.2 130.8 130.8 130.8 130.6 131.1 130.7 130.5 130.8 132.9 139.7 150 154.5 153.4 154.1 154.8 161.2 161.4 160.1 164.8 165.7 165.8 166.4 165.5 166.3 167.7 176 183.3 189.3 189.5 188.8 185.3 179.3 180 184.4 185.3 189.2 199 206.4 214.7 222.4 230.6 235.8 235.8 237.4 239.8 242.9 242 239 235.6 229.9 227.5 231.8 245.5 254.9
180.4 172.4 164.7 171.7 177.9 176.1 178.8 179.3 176.4 177.4 173.8 170.7 171.5 170.4 172.4 169.4 160 152 146.8 142.5 140.9 138.9 138.5 146.1 144.2 139.5 136.5 135.6 130.5 130.3 130.2 130.6 130.5 130.6 130.6 136.4 144.3 150.8 151.8 155.1 155 153.6 159.1 161 157.9 159.3 163.3 164.7 164.5 165 166.3 172.4 176.8 180.7 190.9 192.2 191.6 187.7 179.2 180.7 182 186.4 190.1 196.8 207.8 215.5 223.9 230.4 232.2 236.8 241 242.6 244.4 243.9 240.4 233.2 226.8 224.6 227.6 245.8 252.4
177.4 166.4 161.7 167.4 174.1 173.1 179.8 178 173.4 172.3 169.8 166.8 165.5 166.8 168.6 165 161 157.6 154 148.9 145.4 144.5 147.1 150 144.2 138.8 135.3 133.8 130.1 129.8 129.9 130.1 131 132.4 131 139.5 145.8 151 150.5 150.7 149.6 148.9 159.6 160.7 156.6 157.1 161.4 164.1 163.8 166.2 169.7 180.2 179.5 186.5 190.7 190.7 189.9 183 177.9 182.4 186 190.3 190.8 196.9 209 216.1 224.4 225.7 228 233.7 238.6 240 242.3 241.7 238.7 231.5 223.7 220.3 226.3 242.9 248.2
170.4 160.6 159.2 164 170 172.7 176.2 173.3 173.7 172.3 167 164.2 164.3 166 164.5 163.8 165.2 163.2 161.5 155.3 148.9 147.7 150.1 146.9 141.4 137.8 134.9 131.9 132.5 129.5 129.3 130.1 131 132.7 134.6 137.8 144.3 142.2 149.1 149.9 147.2 151.5 159.2 160.9 156.8 158.3 164.3 164.1 166.5 170.1 177.1 183.3 184.4 187.3 190.2 190.9 189.9 178.7 180 189.3 190.6 190 193.1 200.3 208.4 214.2 220.8 221.1 223.6 229.9 233.3 234.4 235 236.7 236.1 232.2 223.5 218.7 221 237 241.9
162.2 158.6 158.4 161.4 165 169.4 173.9 171.8 172.6 170.5 165 165.3 163.6 163.2 163.1 162.9 163.7 166.8 170.3 160.7 154.4 154.5 151.4 144.6 140.3 137.3 134.8 133.9 133.7 130.3 129 129.7 132.4 134 138.5 131 131.6 143.3 145.7 146.3 144.2 152.2 158.4 160.9 158.4 162.5 168.9 165.1 170.3 173.7 181.1 183.8 184.5 186.9 189.3 188.4 181.6 175.6 184.9 193.6 191.7 191.7 195.1 200.8 203.3 206.4 211.4 216 219 224.9 226.4 227.6 228.5 231.3 235.4 235.3 224.9 215.9 219 234.1 236.3
158.8 158.4 158.6 159.1 159.6 164 172 169.8 172 170 166.7 165.3 162.7 165.6 162.2 161.4 162.2 169.8 172.6 164.5 163.2 157.9 148.2 144.2 140.4 138.7 137.1 135.8 134.8 128.7 128.9 130.4 136.7 138.4 140.7 130.6 132.5 142.4 143.4 143.5 142.3 151.6 152.4 154.8 163.1 169.4 166.2 167.4 170.1 172.9 178.7 181.3 182.2 185.7 187.1 186.6 178.7 180.4 192.5 192.8 189.5 190 195.4 195 194.6 200.6 206 210.5 213.1 215.9 218.6 221 227.3 232.2 237.1 233 226.1 216.9 217.3 228.8 233.7
158 156.9 157 157 159 160.6 165.2 168.5 170.7 165.1 163 160 158.9 163.4 158.9 160 162.8 171.4 170.3 165.4 161.7 154.1 143.2 140.7 138.1 138.7 142.2 138.6 135.7 128.5 128.6 132.6 143.4 145.5 142.7 131.5 134.7 142.1 141.4 141.5 144.2 146.2 151.6 161.9 164.4 171.8 165 167.6 168.7 171.1 174.8 176.8 181.3 184.6 185 181.2 176.1 186.4 190.3 186.7 182.2 184.5 188.8 186.5 190.2 199.9 202.2 203.6 206.7 210.5 213.1 217.9 223.9 227.7 234.5 227.6 222.3 215.7 217.5 228.1 229.1
156.5 155.9 155.8 157.6 160.6 159.3 160.9 164.9 167.4 163 160.7 157.2 157.4 157.2 159.7 160 160.2 165.5 164.9 161.9 155.9 145.9 142.8 139.5 138.3 144.8 151.3 144.3 135.4 128.1 128.4 135.5 149.3 151.1 144.6 132.3 133.3 138.2 139 140.6 143.3 147.1 154.8 161.7 164.9 165.7 165.6 165.7 165.3 166.5 170 176.1 183.4 186 183.4 179.5 177.6 184.5 182.6 175 166.2 168.8 178.2 183.3 193.8 195 194.7 197.1 200.4 204.1 208.9 214 218.9 223.8 229.8 222.8 217.1 210.2 217 220.9 218.3
154.5 157.4 157 158.9 157 156 158 162.1 164.4 160.5 156.8 158.2 156 155.1 155.8 156.3 158.3 158.8 155.7 151.8 149 145.2 141.8 139.8 144.6 154.3 154.8 143 131.4 128 128.7 141.4 151.4 150.6 142.8 130.6 131.3 138 142.1 141.1 148.9 153.3 156.9 161.1 163 164 164.6 163 160.9 160.4 164.4 175.9 183.5 185.5 181.5 174.2 173.1 170.7 167.3 172.7 173.9 174.1 181.9 190.8 197 199.4 200.4 195.1 194.1 199.3 204 208.6 212.7 217.9 222 216.1 211.7 204 200.9 205.8 212.2
155.1 157.6 164.1 168.7 161.6 157.5 159 159.8 158.9 157.2 156.3 156.8 155.3 155.5 155.6 153.7 154.7 152.2 150.4 147.2 139.6 142.5 137.7 136.9 148.7 156.5 151.5 138.3 127.7 128 131.6 143 149.6 146.8 134.1 129.4 130.1 136.1 139.7 140.6 148.3 156.8 163.2 162.7 163.1 162.6 160.7 159.4 159.9 160 162.8 174.9 183.2 186.5 181.7 168.5 158.7 156.1 167.2 181.4 179.5 181.4 194 200.6 202.2 204.3 203.5 195.7 189.5 192.6 197.3 202.5 207.4 213.7 211.4 202 194.2 197.2 211.3 217.6 223.2
160.4 164.7 175.4 177.4 163 155.9 154.6 153.6 157.2 155.8 156.7 158.8 155.6 155.3 154.5 152.7 151.8 150.6 147.3 143.4 139.4 138.7 135.8 138.3 149.4 151.4 143.5 132 127.3 127.6 136.3 142.9 147.3 145 129.9 128.7 130.5 134.7 139.7 141.1 149.9 161.1 165.6 163.7 164.1 162.4 160.5 159.7 160.2 162.2 168.2 174.3 183.5 187.5 181.8 171.8 159.8 163.6 180 183.6 182.6 188.1 195.3 200.8 204.9 205.1 200.5 195.7 186.4 183.7 192.8 196.6 200.6 204.9 202.9 194.7 201.3 208.9 214.1 219 221.9
161.6 168.3 177.4 181.1 164.7 153.2 152.4 153 154 153.6 155.3 154.8 154.6 154.2 154.4 153.7 148.5 147.3 143.2 139.7 137.7 136.3 136.6 139.1 143 142.7 133.4 127.1 127 130.3 139.3 144.7 144.8 142 128.2 127.9 128.3 135 137.9 140.6 150.9 163 165.2 163.4 165.3 162.3 160.9 161.3 161.5 167.8 176.2 181.1 185.7 187.4 178.9 173.3 166.7 177.5 187.6 183.9 183.4 186.7 186.6 196.2 203.8 204.1 196.8 192.6 189.8 179.4 186.8 184.6 191.1 195.4 184.2 201.5 205.1 210.5 214.7 215.7 215.8
157.4 174.8 182 181.6 171.3 158 153.2 152.8 151.8 153 155.6 159.2 158.7 151.4 152.4 147.2 143 141.3 139.1 137.7 137.3 139.2 140.5 136 139.3 136.5 129.1 126.8 127 132.7 138.9 141.3 139.8 135.7 129.1 127.5 128.3 131.5 134 139.4 149.3 162.3 164.2 164.8 166.1 163.9 164.1 162.3 162.9 172.4 180.9 184.8 188.4 184.6 177.4 172.4 172.5 186.4 187.5 179.7 178.3 178.2 180.1 188.6 197.9 199 191.1 187.6 185 181.2 174.9 176.6 180.1 179.3 193.5 203.2 206.5 209 207.8 209.2 211
161.9 174.4 184.5 181.7 171.9 159.6 152.9 152.6 152.6 154.5 155.9 162.3 160.2 149 148.9 149.3 144.5 142.5 142.8 140.2 139.6 145.8 136.4 133 134.1 132.4 126.6 126.9 126.6 131.6 136.2 136.8 135.4 132.5 129.8 127.8 128 132.9 135.7 139 148 160.5 163.8 165.1 165.9 166.3 166.9 165.5 167.8 175.1 180.6 185.8 188 181.1 175.4 172.3 179.1 186.4 180.5 172.3 167.8 169.5 171.5 176.1 188.7 189.7 186.4 183 179.7 174.3 170.5 172.8 181.2 191.3 198.4 203 203.9 202.8 203.7 205.1 207.9
160.4 173 178.1 179.1 171.9 158 152.4 151.4 151.5 150.1 158.5 164.6 159.8 149.8 150 148.3 144.3 145.1 143 140.4 142.4 146.1 133.7 130.4 133.1 129.7 126.3 126.4 126.1 129.8 132.1 134.8 132.7 129.4 129 130.1 130.3 132.7 135.5 138.9 146.9 157.6 162 163.7 165.4 168.6 167.4 165.8 168.8 173.9 177.9 184 183.4 177.5 173 174 182.7 183.2 168.8 157 153.3 157.4 155.4 164.7 178.3 181.9 182.8 182 179 174.1 168.2 177.1 181.8 189.2 193.7 196.9 198.2 197.5 197.8 200.8 204.5
157.5 163.9 169.6 172 171 156.6 149.1 149.3 149.6 149.5 159.6 167.4 161 146.7 145 144.8 146 145 141.5 138.1 141.7 140 130.5 129.1 128.4 127.1 125.6 126 126 126.1 127.7 129.5 129.4 128.6 129.8 130.6 128.5 131.1 132.8 135.9 146.7 155 158.5 161.5 166.6 170.5 164.9 163.6 166.7 170.2 174.8 179.9 177.4 173.4 171.2 176 183.2 177.8 159.8 149.7 149.3 150.7 150.8 159.3 168.8 175.3 181.7 181.9 180.8 177.8 164.9 173.1 178.5 183.3 182.7 183.2 187.6 191 193.4 197.3 200.7
150.2 153.7 161.4 165.6 166 150.4 148.3 151.3 150.8 149.4 162.3 166 158.8 145.2 144.8 143.6 141.5 138.4 138.4 138.3 138.2 136.1 136.3 131.6 128.8 127.7 126.7 126 125.7 125.7 125.7 125.2 126.1 132.5 135.7 133.8 131.9 129.9 132.8 137.1 145.4 151.9 156.1 158.8 166.4 167.3 160.2 159.2 160.4 163.5 168.8 172.8 171.2 168.8 170.6 178.1 179.8 170.6 158.8 150.9 149.4 149.3 150.3 152.1 161.7 172.2 181.5 183.8 181.3 176.1 163.5 167.8 167.6 168.2 168.5 175.8 183.7 188.1 191.2 194.3 197.7
146.3 145.7 150.3 158 160.7 148.7 148.6 158 155.1 151.1 159.5 162.2 148.6 143.5 143.7 142.6 142.4 144.9 142 139.9 139.9 137.1 134.8 132.5 132.8 132.5 129.2 125.5 125.4 125.1 125.2 125.3 125.9 131.6 138.3 138.3 132.7 130.2 132.6 134.4 140.1 148.1 151.5 157.7 163.5 158.2 152.2 151 149.8 150.4 156.2 165.1 165.1 165 169.7 177.3 172.3 165.6 158.4 156.7 155 150.5 149.6 150 155.7 170.6 180 182.3 179.8 167.7 162.6 164.5 164.5 167.5 171.6 174.9 181.8 185.4 188.3 191.4 197.4
145.4 144.9 144.9 151 151.9 148.1 152.9 158.7 151.6 151 156.3 155.4 142.2 142.2 143.8 144 144.3 144.6 142.8 142 137.9 133.3 131.6 131.4 132.8 133.4 130.5 125.9 125.4 125.1 125.4 125.7 129.5 136.5 141.9 142.2 132.1 133.7 134.7 132.4 140.6 144.2 147.3 156.6 157.9 149.5 143.8 141.7 141.1 143 149.6 157 157.6 160.8 168.9 171.6 167.7 162.9 160.3 160.4 157.7 152.2 151.5 149.6 154 169.4 176.7 177.7 174.1 157.9 162.1 166.1 169.7 172.5 173.1 173.6 179.2 182.8 186.1 190.8 195.8
145.7 144.8 144.7 146.3 145.3 145.7 154.4 153 145.9 149.1 150.3 142.6 141.5 142.6 143.4 142.8 144.2 151.3 154.6 146.5 135.3 131.5 130.3 129.9 135.3 137 126.3 125.1 125.1 127.7 130.7 136 140.3 143.3 147.7 140.2 131.5 134.9 128.9 127 133.5 138.2 143.8 153.8 153.3 148.1 148.2 140.3 139.9 140.1 141.3 145.2 149.3 156.8 163.9 165.2 165.9 164.4 164.4 165.6 159.3 150.8 149.8 148.6 153.1 165.1 170.3 172.9 163.3 164.6 178.2 170.7 169.3 171.7 173.5 174.6 175.5 178.7 185.2 190.9 195.7
