GeneralExemplars/GeoExemplars/LakeDistrictData/data/LakeDistrict/terrain-50-dtm_3563996/sd/SD59.asc
ncols 200
nrows 200
xllcorner 350000
yllcorner 490000
cellsize 50
[rows 108 to 143 of 200, columns 0 to 80 of 200]
103.3 97.8 87.4 80.2 73.3 68.2 63.7 57.7 56.2 55 60.3 70.7 72.9 70.3 66.9 60.8 64 67.3 68.1 64.4 59.1 57.3 52.9 54 51.2 51.4 52.3 49.2 48.2 47.9 47.6 47.6 47.8 47.7 46.7 48.2 47.7 48.6 49.1 48.8 48.8 49.4 50.8 52.3 55.2 57.2 56.8 55.9 56 51.9 54.3 59.2 61.9 62.3 63.6 64 65 66 69.5 71.4 77.1 90.7 93.6 91.8 84.2 85.9 85.8 85.4 86.7 85.3 87.9 89.4 93 97.3 98.8 100 103.4 108.8 112.9 117.6 125.8
102.1 98.3 92 84.7 73.9 65.3 63.9 58.3 56.3 55.3 57.6 68.8 74.2 67.9 67 68 59.2 65.7 67.9 64.3 62.2 57.2 54.2 52.5 52.1 52.8 54.9 51.7 48.1 47.9 47 47.3 47.5 47.8 47.2 47.7 47.8 48.2 48.3 49.6 49.3 49.9 51.4 53 55 56.2 56.8 57 54.5 53.4 55.7 57.3 61.8 62.2 63.7 64.4 64 67.9 71.9 72.9 83.4 94.3 96.1 93.3 86.8 82.7 84.2 88.7 86.7 88.2 88.9 91.8 94.3 98.1 100.8 102.5 105.7 112.3 117.8 124.9 130
102.4 99.2 91.5 83.7 78.2 72.3 69.7 62.7 58.5 55.8 55.7 69.4 76.8 71.4 70.2 68.2 64.2 63 61.1 60.1 61.4 60.2 54.9 53.9 52.7 54.6 57.8 55 48.3 47.7 46.8 46.9 47 47.7 46.3 47.3 48 48.1 49.3 49.9 49.2 50.6 52 54.2 54.4 55.1 56.7 55.4 52.2 55.2 55.5 57.8 61 64.4 63.9 64.3 63.5 69.3 71.3 76.3 88.1 94.6 94 88.4 84.6 85.4 89.1 89.4 88.2 90.1 92.6 95.9 98.3 100.4 103.5 105.6 109.9 115.4 121.8 128.5 130.6
101.8 100.4 97 90.4 82.9 76.5 69.3 64 59 56.8 59.5 69 76.8 73.9 71.4 67.8 63.6 60.2 57.7 58.5 60 59.9 56.5 54 53.5 57.2 60.3 58.3 51.4 47.7 46.6 47 47.2 47.3 46.4 47.8 47.4 47.9 48.6 49.4 49.5 51.8 52.2 53.9 54.4 53.3 53.6 52.5 52.9 55.3 55.3 56.7 57.9 59.6 63.6 62.6 66.3 70.1 72.5 78.4 86.6 89.8 87.3 84.3 84.2 85 87.4 87.1 89.8 94.9 96 97 99 102.7 106.2 109.4 113.6 118.7 125.3 131.9 132.5
107.3 99.7 94.5 87 82.9 79.2 72.9 68 65.5 60.3 58 65.6 74.5 71.7 67.5 64.1 61.8 59.5 57.8 58.3 59 57.3 55.5 55.5 55.5 56.8 61.2 60.6 54.7 48.5 46.4 46.6 44.1 44.6 47.4 46.9 47.6 48.5 48.7 49.6 48.2 51.1 52.5 53.3 53 51.3 51.6 50.5 54.6 54.7 54.7 54.4 55.1 59.4 62.5 62.6 66.3 70 71.1 76.5 83.1 84.8 84.1 84.1 86.9 88.9 86.7 88.6 92.3 96.5 97 98.5 101.8 104.8 109.1 114.3 121 118.3 131.1 132.1 132.4
108.9 104.6 103.5 92.6 87.7 81.8 75.2 72.5 69.4 62.6 60.6 63.5 67.6 65.9 63 61.2 58.5 58.5 57.2 56.9 57 55.7 55.6 55.2 55.7 56 60.8 61.6 57.7 51 46.3 44.4 45.4 46.7 48 49.6 48.9 48.7 49.2 49.4 48.9 49.1 51.1 52.2 52.3 50.9 49.9 52.7 53.7 54.1 53.9 54.2 56 59.8 60.7 61.6 64.4 69.7 74.5 77.6 86 86.2 86.4 87.9 92.3 89.6 88 90.1 97.2 100.5 101.1 100.9 103.6 109 113.5 120.1 125.5 125.1 130.5 132.3 134.4
110.2 109.7 104.2 96.5 89.2 82.5 76.8 73.6 71.6 63.3 64.5 62.4 64.8 62.7 59.5 58.6 56.9 56.4 57 57.1 56.8 56.2 57.4 55.5 55.5 56.2 60.1 61.3 57.5 48.7 45.6 47.6 47.4 48.1 48.9 49.3 48.9 49.4 49.1 49.4 49.7 49.1 49 49 48.4 52.4 52.8 53.5 53.5 53.5 53.4 53.4 55.3 58.5 60.5 62 67.1 70.5 75.4 77.7 90.7 90.7 91.4 91.8 91.6 90.8 88.8 92.1 100 103.9 102.2 106.1 109.5 112.7 118.6 122.6 127.3 126.4 130.4 132.2 136.6
110.6 113.1 109.6 100.4 91.9 85 77.4 72.6 70.5 67.8 65.7 62.9 60.4 59.1 58.6 62.8 64.6 56.9 55.7 57.2 58.2 57.6 56.9 56.5 55.4 55.8 59.8 60.4 56.5 47 47.1 46.8 47.3 47.8 48.2 48.5 49.2 48.9 48.9 49.4 49.8 49.7 50.1 52.1 52.6 53.1 53.7 53.8 53.4 53 53 52.9 53.5 57.2 60 61.4 63.1 70.3 74.9 86.1 96.9 98.6 95 96.1 93.3 93.2 91.2 93.8 108 107.5 105.6 110.3 113.6 117.7 123.1 126.4 126.3 127.5 131.8 133.8 137.8
110.7 116.7 114 101.2 97.1 89.7 82.5 75.1 72.6 70.2 69 65.3 63.3 60.3 58.6 56.8 57.2 55.9 55.5 56.8 62.5 56.9 55.8 56 55.5 55.1 55.9 58.3 56 48.8 46.5 46.6 47.7 47.3 47.5 47.7 48.3 48.7 49.1 49.5 49.5 49.7 50.8 51.5 52.1 53.1 53.3 53.3 53 52.7 52.2 52.5 53.1 56.2 59.4 61.1 66.1 70.5 77.1 94.3 103.6 102.6 99.7 104.5 101.3 99.6 94.5 95.7 106.8 106.4 111.3 115.4 118.4 118.6 124.2 125.9 128.2 128 131.3 134.2 142.7
111.9 120.4 116.9 102.8 95.3 93.8 86.5 79 75.4 71.7 70.3 67.8 64.5 61.2 59 58.6 57.2 57.2 55.7 55.5 56.8 57 56.1 56.8 55.6 54.6 54.7 55.9 53.7 48.6 46 46.7 46.8 47.4 47.2 47.5 47.6 48.1 48.8 49 49.3 50 51.5 51.7 51.3 51.9 52.7 52.7 53 52.3 52 53.9 53.4 57.7 56.9 61.5 68.1 71.2 82.2 93 103.5 106.7 108.4 110.3 110.3 103.1 97.8 100.4 108.1 109.1 116.5 120.4 118 124.7 128.3 127.7 128.9 129.4 131.1 135.6 146
114.3 120.9 113.3 104.2 96.5 95.5 91.2 83.1 79.2 75.1 72.3 69.6 65.2 61.4 60.3 59.2 59.3 59 57.1 55.5 55.9 56.6 57.5 56.4 54.5 53.9 53.9 56.3 53.2 47.5 45.3 46.3 47.2 46.9 47.1 47.3 47.5 47.8 48.4 48.6 49.2 50.5 50.5 50.7 51 51.5 51.8 52.7 52.8 52.1 51.8 55.1 52.7 52.4 56.4 62.2 67.2 72.1 81.7 97 107.5 107.3 110.5 113.9 114.6 107.1 98.8 102.2 108.6 109.2 117.7 116.2 120.2 124.8 126.6 126.8 128.4 129.6 131 144 157.1
113.8 120.6 116.9 101.2 95.4 97.3 96.4 90 83.3 79 75 70.1 66.2 62.3 62.5 62.5 59.7 59.4 56.9 56.4 57.4 58 59.5 59.1 55.8 54.1 54 54.9 52.7 46.9 45.5 47.3 47.2 46.6 46.9 47.2 47.5 47.8 48.2 49.1 49.6 50.1 50.2 50.3 50.7 51.1 51.4 52.2 51.2 51.2 53 54.5 51.7 52.2 58 61.9 66.4 76.6 87.3 100.8 109.4 109.7 115.9 114.1 117.7 105.9 98.6 104.5 109.1 109.7 113.7 119.2 122.5 125.1 128.2 128.8 129 129.4 129.4 146.5 160.7
114.6 115.2 118.5 103.2 98.8 100 98.7 91.9 90.1 84.5 78.5 72.5 68.5 65 65.5 65.8 61.8 60.5 58.4 59.9 61.1 62.2 63.8 62.1 58.6 55 54.4 54.5 50.3 45.4 46.3 46.5 46.4 46.4 46.7 47.1 47.3 47.7 48.5 49.5 49.7 49.6 49.9 50.1 50.2 50.3 50.5 50.8 50.8 50.8 53.7 55.8 51.6 54.7 58.6 60.7 67.3 78.8 90.3 102.1 109.2 111.5 120.4 124.5 117.2 103 99.2 102.4 106 109.5 118.4 120 125.5 128 129.9 128.2 128.8 130.9 132.7 148.8 160.9
122 113.3 110.9 104.8 102.7 106.5 103.7 97.3 91.6 89.7 85.1 78 70.9 68 68.9 68.4 64.7 63 61.8 62.3 64.2 66.5 70.4 70.4 64.2 58.9 55.3 54.4 48.3 45.4 46.4 47.1 47.5 47.3 46.6 47 47.1 47.5 48.2 49.4 49.4 49.2 49.7 50 50.2 50.3 50.3 50.4 50.4 50.5 51.5 55.7 51.7 54.4 58.6 60.8 65 77.2 89.7 102.4 102.8 111.7 118.6 121.7 112.7 103.2 99 104.4 106.7 112.4 118.9 123.3 130.6 135 132.3 129.5 130.1 130.3 137.1 151.3 169.1
130 117.6 115 108.2 106.2 109.6 111.3 103.8 97.6 94.6 91.4 86 75.6 71.4 71.3 70.7 65.5 64.1 63.5 62.8 68.1 72.1 74.5 73 69.4 64.6 60 54.1 47.2 44.5 45.3 47.3 46.7 47 47 47.1 47.6 48 48.1 48.7 48.7 48.7 49.3 49.5 49.8 50.3 49.9 50.3 50.4 50.5 55 53.1 51.8 54.4 57.7 59.5 63.2 73.9 90.4 102.3 104 111.1 114.5 116.1 108.8 103.5 99 101.9 104.6 111 118.9 127.5 136.7 144.4 138.1 132 135.2 134.3 142.1 154.3 169.9
133.1 126 121 114.1 108.8 111 116.1 109.2 104.2 100.8 94.4 88.5 82.5 74.6 72.3 72.4 68 65.7 66.5 68.3 74.1 76.5 77.9 75.2 70 67.2 63 54.7 50.8 46 43.8 46.5 46.9 46.9 46.7 46.7 47.1 47.5 48.3 48.1 48.2 48.5 49.1 49.1 49.2 49.8 49.6 49.6 50.4 52.4 55.7 51.7 53.2 56.1 58 61.4 62.4 72.8 87.4 96.8 104.6 110.4 110.1 110.1 106 104.4 100.2 101.3 108.3 113.1 121.1 131.9 142.3 148.1 147.3 133.9 140.1 143.1 144.4 156.2 167.8
135.5 134.5 132.4 126.1 117.1 115.4 123.1 114.1 110.6 108.4 101.7 94 86.9 79.8 73.9 71.1 67.3 66.8 70.8 76.2 78.7 79.8 79.6 76 69.4 68.4 64.6 56.4 50.5 51.6 44.2 45.2 46.2 46.4 46.3 47.1 46.8 47.4 47.7 47.8 47.9 48.5 49.1 48.5 48.9 49.3 49.2 49.8 49.8 53.9 55.6 55.2 54.6 57 59.7 59.1 61.8 70.5 83.6 92.6 99.5 111.2 106.6 104.8 105.3 107 106 108.8 116.3 117.7 126.9 134.4 142.3 149.8 150.4 137.3 142.7 149.2 145.1 156.7 168.8
139.6 139.2 136.9 134.4 128 121.4 128.4 119.8 114.5 114 106.6 99.6 90.5 83 77.2 72.9 70.2 68.9 75.2 80.8 80.3 79.5 80.9 77.2 70 68 63.8 55.7 50.6 48.1 47.1 43.1 45 47 46.7 47.1 47.2 47.6 47.7 47.8 48.3 48.5 48.6 48.5 48.6 48.6 49 49.8 49.9 51.3 52 57.8 55.1 57.3 60.4 60.1 61.2 68 81 88.7 93.9 105.9 104.4 101.5 111.9 110.9 111.6 112.7 119.4 119.1 128.6 135.7 141.3 148.5 152.1 140.2 147 150.6 148.9 157.1 166.6
145 143.9 144.7 142.1 134.1 128.4 129.8 123.9 117.2 119.5 112.2 106 95.1 85.9 79.9 76.2 73.5 72.8 78.5 80 79.4 80.8 81 78.3 72.4 67.4 61.7 52.6 49.7 47.5 45.8 44.6 42.6 46.4 48.4 48.4 47.8 47.3 47.4 47.6 47.7 47.9 47.9 47.8 48.1 48.3 49 49.3 49.1 49.7 53.6 56.7 56.1 58.6 59.2 60.3 61.7 68.5 79.3 87.7 92.3 95.9 98 108.1 114 111.5 114 113.6 119.8 124.9 128.2 135.7 140.6 146.2 151 141.4 145.5 147.3 151.9 160.1 166.8
151.7 152 162 157.8 146.2 134.9 131.3 128.8 124.9 126.8 119.5 110 99.2 87.2 83.3 80.4 79.8 77.2 80.3 80.6 78.8 79.3 78 76.4 72.5 65.4 58 49.5 48.5 47 45.5 45.7 43 43.7 48.7 48.9 47.8 46.8 47.1 47.2 47.4 48.1 48.3 47.7 47.9 48.2 48.7 48.8 48.8 49.6 54 56.8 56.1 57.5 58.2 58.9 62.9 67.4 77.3 84.1 90.2 97 93.3 110.2 109 112.7 116.8 119.4 119.6 127.4 130.8 135.3 140.8 148.1 147.4 141.1 150 144.8 149.8 160.7 166.4
156.5 163.1 167.7 177 169.1 152.6 134.5 133.8 128.1 130.5 125.5 115.4 103.7 93.5 89.6 86.1 84.1 80.8 81.9 81.2 79.2 75.8 74.7 73.6 70.8 62.7 55.3 50.7 48.2 46.3 45.8 45.6 44.4 45.3 49.2 48.6 46.6 46.6 46.7 46.9 47.3 47.4 47.4 47.5 47.4 47.7 48.2 48.6 48.5 49.2 53.4 56.2 57.8 57.7 59 58.6 62.9 70 75.6 76.1 85 91.4 92.2 104.6 104.6 111.1 117.2 113.4 119.1 126.6 130.5 135.8 142.9 151.8 142.1 141.5 147.4 144.5 151.9 162 169.1
159.4 165.2 170.3 174.4 175.7 172 147.9 140.5 130.9 127.5 123.7 117.3 109.2 102.1 96.7 91.1 86.1 84.4 84.1 83.3 79.1 74.5 71.7 72.1 69.3 61.4 54.2 52.2 49.2 45.6 45.3 44.8 42.2 48 50.3 47.9 46.5 46.7 46.4 46.5 47 46.9 47.4 47.1 46.9 47.2 47.5 47.8 48.4 48.8 51.3 54.5 56.3 57.6 58.9 59.7 64.5 69.4 71.7 73.5 86.8 86.3 96.3 96.8 104.5 103.4 109.7 114.2 116.7 122.6 123.1 134.5 144.5 147.8 139.4 142.9 148.6 143.7 159.9 168.1 168
164.1 166.4 172.3 180.2 178.6 173.7 156.5 147.2 138 132 126.9 121.4 115.2 107.5 101.7 95.9 90.8 87.5 86.2 83.7 78.9 72.1 70.2 70.8 67.6 61.9 55.9 52.1 49 45.7 44.9 42.5 45.1 49.7 48.6 46.5 46.7 46.4 46.4 46.3 46.4 46.6 47.3 46.8 46.4 46.7 47 47.7 47.8 47.6 52.2 56.2 56.6 57.6 58.4 60.2 64.3 66.4 67.1 71.9 80.1 90.3 94.2 93.2 97.4 102.5 108.3 115.8 114.9 120.7 124.2 132.5 139.5 141.2 143.7 144.6 144.2 148.8 161.1 166.9 170
170 170 175.6 183.9 182.8 176.4 164.4 157.1 148.1 135.8 132.3 131.5 127.2 118.4 107.1 98.1 93.8 91.6 88.7 83.9 77 71.6 69.7 69.3 66.2 60.9 54.7 51.5 49 47.6 45.9 43 45.9 49.3 49 46.7 46.3 45.9 46 46.1 46.3 46.6 46.8 46.7 46.5 46.5 46.5 47 47.2 48.7 54.6 56.4 56.9 57.8 57.9 59.7 62.8 62.3 63.9 71.4 75 84 86.2 90.1 97.7 101.9 108 110.6 114.5 122.9 120.1 128.3 135.8 139 145.7 145.5 142.3 151.4 160.2 165.6 170
172.1 176.7 178.7 185.6 185.8 181.5 173.5 168.4 160.5 152.4 140.5 139.1 136.1 127.8 116 106.2 100.9 97.8 90.7 82.6 77.8 73.3 70.9 69.8 63.9 58.7 53.7 51 49.6 48.2 45.1 44.6 45.9 49.1 48.9 48.3 46 46 45.8 45.9 46.5 46.4 46.6 47.6 46.8 46.6 46.7 46.5 46.6 47.5 53.7 56.2 57.5 57.7 58 58.8 61.6 62.4 64.7 69 73.3 80.3 82.4 89.2 91.7 99.6 106.2 110 114 124.5 118.4 120.5 131 139.4 140.9 142.9 146.2 158 162.9 163.8 171.7
173.5 178 182.1 187 186.1 184.3 181.9 182.9 176.6 172 161.1 150.5 141.5 136.3 123.9 114.7 105.8 100.7 96.3 90.1 76.6 73.6 70.3 67.1 61.4 56.8 53.2 49.9 47.6 46.6 44.1 43.8 45.6 48.5 48.1 48 48.8 44.9 45.7 45.8 47 47 46.6 47.5 46.9 46.3 47 46.3 46.2 47.2 51.5 56 58.3 58.2 58.2 60.7 61.4 61.3 62.8 68.6 70.8 76.8 79 86.9 92.9 96.9 104.5 110.1 114.2 122.4 118.6 117.5 127.3 136.6 141.3 142.3 152.9 157.5 162.7 163.6 173.6
173.1 176.9 181.3 187.5 191.3 188.6 188.4 189.4 185.6 177.7 169.8 160.5 149.4 139.8 130.6 125.4 111.4 104.2 103.9 99.2 86.7 76.1 69.6 65.4 59.6 55 52.7 50.5 46.7 46.4 45.3 42.1 44.9 47.6 46.9 47.3 48 49.1 45.2 47.4 47 47.1 46.5 47 45.7 45.6 45.8 46.3 46 47.2 48.9 55.7 59.4 60 58 61.9 63.5 63.6 63.8 68.8 70.5 76.3 75.4 82.2 90.2 94.4 102.2 106.9 114.2 121.7 118.2 116 125.2 131.8 141.3 142.3 153.1 157.8 161 165.8 171.8
174.8 176.2 180.3 185.2 192.5 194.5 191.4 190.8 187.7 182.1 174.5 164.7 157.2 148 140.6 133.2 122.2 114.8 109.6 106.7 92.8 83.9 73.8 68 60.5 55.1 52.2 50.2 47.7 47 46 43.7 42.8 45.6 46.2 46.3 47.4 47.5 47 49.6 46.7 46.2 45.7 45.3 45.3 45.6 45.9 46 46.6 47.7 48.2 53.8 61 61.1 59.1 61.3 64 64.9 65.7 68.9 70 73 74 80.8 85.6 92.1 99.9 105.3 111.8 118.8 117.8 115.5 123.1 131.5 142.3 147.4 151.2 154.1 158.3 166 170.9
175.4 177.4 179.8 183.9 191.2 198 196.8 192.5 187.9 182.9 176.9 170.3 161.9 156.8 149.1 145.8 132.1 123.1 118.2 111.5 98.8 91 80.5 71.7 60.2 50.2 49.1 50.6 49.3 48 46.2 45 42.6 43.4 45.3 46.1 46.6 47.2 47.5 49.6 45.5 44.7 45 44.6 44.7 45.4 46.7 46.7 46.5 47.7 48.2 56.2 63.3 60.4 59.7 62 64.2 64.4 65.3 67.4 69.4 71.7 72.7 77.1 81.2 88.3 99.2 103.6 111.1 113.8 112.3 111.5 120.3 126.8 133.7 146.3 151 155.6 157 166.3 176.1
173.8 178.2 181.3 183.4 187.8 194 197.6 196.1 188.3 184.1 178.5 173.3 167.9 159.9 152.7 147.7 141.8 129 123.3 117.9 106.5 96.5 84.5 72.5 58.6 52.2 47.8 49.1 49.2 48.5 46.9 45.2 44.4 42.1 43 45 45.7 46.4 46.5 45.3 44.6 45.1 45.9 45.9 47.9 49.4 49.1 47.1 48.2 47.4 50.4 57.3 59.4 60.3 62.6 64.1 64.2 62.7 64.9 68.4 69.7 71 70.5 73.9 77.3 86.7 93.9 100.2 108.6 113.1 110.4 111.2 117.6 127.8 138.8 145.8 149.5 153 158.7 169.1 177.8
169.4 178.2 182 184.6 188.6 192.7 193.8 194.8 190.7 186.4 180.8 174.8 169.1 163.8 154.9 151 146.1 142.1 128.1 123.7 113.3 103.9 86.2 71.6 52.5 48.2 47.3 48.3 48.7 48.8 48.3 46.7 45.8 46.1 41.5 41.9 44.3 45 44.9 44.7 44.7 44.5 44.1 51.6 50.7 51.6 50.6 51.1 52.4 50.3 51.2 55.4 56.2 59.2 61.7 63.4 62.1 62.3 66.2 69.5 70.2 70.4 69.7 72.1 75.4 85.2 93.2 99.9 106.5 111.2 108.2 111.1 120.6 135.4 139 148.9 150.3 155.2 163.7 174.2 180.5
165.7 175.7 180.9 185.6 190.4 194 194.4 193 188.8 184.9 180.6 176.1 173.6 167 160.8 153.2 148.4 144.2 135.4 120.8 109.3 99 87.3 73 55.8 47.9 47.3 48.9 49.4 49 48.5 48 46.9 44.2 44 42.3 42.1 44.4 44.4 43.8 44.3 44.6 44.8 47.2 47.5 49.8 52.5 54.4 56.3 53.4 50.8 52.2 53.9 57.2 60.3 61.3 60.8 61.9 66.4 68.6 69.7 69.6 70.1 71.4 75.7 83.8 91.9 98.9 107 107.8 107.2 111.2 123.8 137.7 140.9 145.5 151.7 157 166.2 176.4 180
164.1 172.1 178.1 182.7 188.1 193.4 194.4 193.3 188.2 182.1 176.4 173.5 170.8 168.8 162.8 156.1 152.8 147.1 137.4 122.5 106.1 97.6 89 74.8 58.9 48.4 48.1 50 50.3 49.6 49.4 49.3 46.9 44.4 44 42.9 42 41.5 43.6 44 44.1 44.5 44.8 45.6 49.2 52.6 50.2 55.1 56 55.5 51.9 51.8 52.8 55.2 59.1 61.2 63.3 66.1 66.8 68.2 69.2 69.8 71.3 71.1 74.5 84.9 92.4 103.3 105.1 105.4 109 115.9 133.3 137.3 145.9 147.5 152.1 160.1 168.4 179.5 180
162.8 165.5 176.2 178.3 186.6 191.9 192.7 191.7 188.8 186.3 175.3 169.6 166 164.6 162 159.3 154.5 148.3 138.6 125 111.2 100.5 93.9 80.7 65.2 51.1 49.5 52.3 52.6 51.4 51.1 51.1 47.3 45.8 44.2 43.8 44.8 41.2 41 44 43.8 44.3 44.7 44.4 49.7 53.3 54.1 53.6 55.3 56.1 53.9 52.4 53.1 53.8 57.3 62.6 65.9 65.9 67.3 69.2 70.5 70.8 74.1 78.3 74.2 77.9 86.1 97.6 101.2 112.2 120.4 117.1 127.1 139.4 144.5 147.2 155.3 163.4 171 180.6 179.7
159.6 162.8 171.2 174 177.7 188.4 189.2 186.6 181.7 177.6 178.1 169.4 162.3 161.4 159.9 157.7 153.4 147.3 138.9 126.9 114.3 104.8 94.1 82.7 69.6 57.1 52.7 53.4 54.5 52.9 52.5 52.6 49.5 45.4 44.4 43.2 42.8 40.6 41.9 44.1 44.1 43.8 44.6 46 52.6 57.2 56.1 56.3 57.5 58.7 55 50.6 51 51.6 59.1 61.3 63.8 65.1 67.6 68.9 70.3 70.8 75.7 79.4 79.2 83.7 89.6 103.5 101.9 104.9 110.5 120.3 135.6 138.9 142.4 147.1 156.9 166 174.8 181 178.9
154.4 160.3 165 172.5 173 178.7 182.9 181.4 174.4 170.8 166.3 168.5 161.4 156.3 154.1 151 149 144.4 136.8 124.7 115.4 107.7 97.4 85.9 73 62.5 53.8 54.2 54.8 54.6 53.7 54.2 51.1 46.7 43.8 43.6 43.1 40.5 43.2 43.7 45.3 44.9 44.7 46.8 56.5 64.6 62.1 57.6 57.5 58.8 57 56 50.9 49.8 57.2 60.8 62.7 65 66.3 68 69.5 71.1 73.8 77.8 82.3 88.9 94.4 103.8 106.2 108.6 116.9 127.7 135.9 141 145.3 153.8 160.6 167.9 177.1 181.8 177.6
