GeneralExemplars/GeoExemplars/LakeDistrictData/data/LakeDistrict/terrain-50-dtm_3563996/sd/SD59.asc
ncols 200
nrows 200
xllcorner 350000
yllcorner 490000
cellsize 50
[rows 36 to 71 of 200, columns 81 to 161 of 200]
146.1 145.1 145.2 145.2 144.1 145.8 151.6 143.9 143.4 143.4 141.6 141.4 141.2 141.7 143.6 144.4 152.4 158.9 154.2 141.4 129.5 129.2 130.9 134.4 136.7 137.3 125.4 125.1 132.1 134.8 137 140.5 143.3 145.3 144.9 132.1 131 131.2 126.2 126.2 127.5 133.5 140.5 150.5 150.6 151.3 149.9 140.8 140.8 147.4 146.3 141.1 143.2 151.7 157.9 162.3 165.4 166.9 169.8 170.9 158.9 150.9 149.2 148.3 150.1 160.6 164.3 161.7 161.3 179.8 184.7 172.3 168.4 170.3 173.9 178.1 180.5 182.1 183.7 189.6 194.9
147.3 145.8 144.7 145.5 145.1 145.4 144.3 142.8 142.3 141.8 142 142.3 141.5 143.4 149.8 154.3 158.8 156.8 145.9 132.1 128.4 130 132 133.9 135.3 134.1 124.2 130.7 136.7 136.8 137.1 139.6 141.1 141.4 132.9 127.9 128.1 126.2 126.2 126.2 131.9 139.1 141.5 148 149.2 154 146.8 139.7 146.2 150.6 153 145.7 141.1 144.7 152.4 163.9 168.1 170.5 174.3 171.2 158.2 152.9 150.2 148.1 148.3 155.6 160.6 151.7 171.4 186.3 190.5 181.6 170.1 169.8 171.9 177.3 181.5 183.9 184.1 185.1 191.4
151.3 148 148.9 150 149.6 151.9 151.2 146.1 143.2 143.5 143.2 142.6 142.1 149.4 157 157 156.8 145.3 133.9 128.3 128 127.1 127.8 131.4 132.7 132.5 124.4 134.5 135.6 132.5 132.1 132.9 134.8 130.8 127.4 126.2 126.2 126.2 126.2 126.2 135 140.2 144.1 147.6 149.4 151.5 141.1 145.4 152.2 151 152.3 144.3 141.2 146.9 154.6 165.3 174.8 175.4 169.6 157.6 156.2 160.3 155.8 150.3 147.8 150.6 149.2 160.5 175.5 191.7 193.8 186 170.1 169 171.4 176.9 179.2 180.8 180.5 181.5 183.6
158.3 159 155.5 154.5 156.4 155.2 151.9 151.3 147 145 143.5 142.5 146.2 155.7 158 155.5 152.4 137.7 128.7 127.6 127.3 126.2 125.8 126.4 124.5 124.5 125.5 131 127.8 125.5 123.9 124.3 126.2 130.1 126.3 126.2 126.2 126.2 126.2 128.8 137 141.6 141.9 142.5 147.8 142.6 137.1 149 155 156.3 152.4 145.5 146.1 154.4 162.3 174.3 179.1 176.6 163.5 156.2 159.7 170.8 164 158 149.4 145.8 147.3 157.2 180.7 191.4 193.5 185.7 171.8 169.6 174.7 181.2 184.5 179.8 176.7 175.5 178.2
163.7 162.3 159.1 158.2 156.8 154.3 153.9 151.6 149.1 147.1 146.2 146.8 151.4 155.9 153.9 152.7 147.6 135.1 129.4 128.9 128.7 127.8 130.3 135.3 128.5 123.7 124 125.1 123.6 123.3 122.9 122.9 124.1 129.1 128.1 125.7 126.2 126.2 126.2 135.9 136 133.6 135.9 138.2 142.8 134.7 140.4 151.7 155.6 153.5 152.1 146.9 153.3 162.7 171.5 179.2 179.3 176 160.8 164.3 171.2 176.7 173.3 169.8 156.2 144.2 146.4 158.1 177.7 188.1 190.9 185.4 176.6 171.4 179.8 189.2 189.9 182.8 171.3 177.2 183.1
168.5 165.7 162.3 159.8 156.5 153.1 152.4 151.8 152.3 151.2 151.7 153 149.7 150.7 148.5 152.9 146.8 136.2 133 136.8 133.8 138 146.4 147.4 137 123.7 124 124.1 123.5 123.2 122.8 122.9 128.7 136.9 133 129.4 126.2 126.2 128 138.6 133.2 128.6 127.9 130.5 130.3 130.8 142.9 150.2 152.2 148.8 146.5 151.2 161.4 170.8 176.5 179 177.4 171.5 165.4 173.7 180.6 180.7 179.2 174.1 159.2 143 149.9 163.6 174.4 183.4 185.4 183.5 179.2 178 187.5 192.8 187 175.4 166.8 177.2 183.5
169.9 164.8 162.9 157.9 153 156.2 155.8 161.7 164.4 158.9 157.7 154.4 148.2 144 144.1 147.2 144.5 136.3 139.4 141.9 146.4 153.9 158.8 153.4 137.4 124 123.4 123.5 123.3 123 122.6 127.7 135.9 141.1 137.2 128 126.2 126.2 131.3 136.2 128.2 125.7 126 126.9 128.2 129.4 141.5 147.4 147.5 145.6 146.1 153.1 164.7 171.5 175.6 175.8 173.8 169.6 173.5 180.2 180.1 179.2 176.7 169.6 154.8 141.6 155.3 160.1 167.4 176.4 178.7 180.2 178.5 181.6 188.2 186 176.7 163.8 164.1 174.3 180.7
166.5 159.6 156.6 154.8 166.4 173.8 173.9 175.9 174.4 167 158.6 160.5 151.9 147.4 145.9 147.4 146.3 141.7 139.6 146.2 154.7 159.6 160.6 151 134.5 125.1 124.7 123.2 123.2 123 122.7 133.2 141.9 144.7 138.6 130 126.2 128.4 135.9 134.3 126.4 126.1 127.1 128 128.4 130.7 139.8 147 146 144.4 144.2 152.7 160.9 166 169.4 170.5 168.4 167 173.8 177.1 175.6 173.7 167.4 160.1 146.9 143.2 155.2 155.8 156.8 166.5 172.4 175.2 174.8 179.2 178.7 172.4 164 159.8 164.9 172 179.3
160.8 156.4 153.4 160.1 174 177.2 178.5 181.1 176.6 166.6 170.8 167.8 156 152.5 150.7 154.8 149.9 145.9 146.5 158.9 161 165 159.6 143 129.1 126.3 125.2 123.3 123.1 122.1 127 138.6 146.3 146.8 140.6 132.2 126.4 131.4 136.1 129.4 125.8 127.9 133.1 133.3 132 132.5 141 146.8 145.2 145.3 144.4 149 152.7 152.9 157.9 161.1 160.6 163.7 168.8 169.4 167.6 163.8 156.9 152 140.7 146.3 148.2 148.7 151.5 158.6 164.8 167 169.3 166.9 163.2 160 158.2 159.2 160.5 164.5 177.6
156.3 153.7 153.9 166.7 173.5 174.6 177.8 178.4 174.1 173.4 173.5 163.8 155.6 155.6 158.5 157.3 148.2 146.9 156.4 167.1 170 165 156.5 142.6 129.7 129.2 128.3 126.4 125.7 122.9 130.8 137.4 143.9 145.7 140.9 132.6 126.9 132.9 133.8 127 126.4 131.8 131.2 129.2 129.6 132.8 141.4 145.9 145.3 147.1 149.7 155 157.9 150.8 145.3 145.9 149.1 155.6 157.2 158.2 158.7 155.7 149.5 144.5 137.3 139.8 139 141.7 143.2 146.4 151.1 153 157.1 151.7 150.4 151.3 154.6 158.2 157.2 161 171.1
155.1 154.5 157.8 162.6 167 169 170.9 171 169.8 172.5 167.7 156.7 155.9 156.3 164.1 162.9 155 152.7 163.7 168.5 168.9 165 156.8 148.1 140.5 139.5 136.4 131.4 127.2 119.1 125.6 130.8 138.1 142 139.8 130.2 129.2 133.8 131.4 127.7 130.8 138.4 131.3 129.3 131.6 134.1 141.5 144.9 146.6 150.5 158.3 166.4 164 157.2 146.7 138.9 139.6 145.9 147.5 148.1 151.7 152.2 142.5 138.1 135.3 136.5 136.4 136 139 140.1 141.6 142.3 148.1 154.4 154.5 157.6 155.6 155.5 155.9 160.3 165.5
158.7 156.4 154 154.5 157.1 164.9 167.8 167.4 165.8 163.9 157.4 155.6 154.2 163.4 172.6 167.9 155 157.5 163.8 165.6 164 162.4 157.3 151.1 144.6 140.6 136.4 130.8 127 120.9 118.9 121.7 128.1 133 133.6 125.2 130.7 132.7 128.7 127.9 139 138 129.6 128.5 130.1 136.2 142.8 143.4 147.9 156 166.1 170.5 165.4 160.9 149.6 138.1 137.4 136.9 137.1 141.8 145.5 145.5 145.1 142.8 133.6 134.8 134.6 137 141.3 143.7 146.6 150.4 157.8 163.6 159.1 160.3 160 159 156.5 157 158.7
161.8 158.4 161 165.1 162 164.2 165.1 164.1 161.4 158.4 154.7 154.6 161 173.3 174.6 166.6 155.1 159.1 161.4 163.8 161.4 158.9 153.7 149 143 138.4 134.8 134.3 131.9 122 119.1 118.5 122.7 124.3 123.8 121.2 126 129.1 125.3 132.9 139.2 130.2 126.8 127.9 128.8 134.9 138.2 143 150.9 159.5 169.4 170.8 166.7 160.1 143.7 138.5 136.7 135.6 136 137 142.4 145.5 148 149.6 133.1 132.6 134.2 135.6 139 143.3 147.3 155.8 163.6 165.9 163.4 163.2 162.3 160.5 157.9 158.9 161.4
169.4 171.5 172.8 171.9 168.4 161.8 160.3 160.8 160.6 157.4 154.5 158 169.9 173.8 170.2 159 153.8 156.3 156 159.1 158.7 155.6 150.7 144.3 140.4 143.9 146.5 140.9 132 120.8 119.2 118.7 119 121.5 120.2 120.3 121.9 124.3 124.6 133.9 136.5 127.3 126.3 127.4 128.8 133 137 141.4 150.1 158.9 166.2 167.2 164.7 156 141.2 138.2 136.8 138.4 137.2 137.5 142.7 149.9 148.7 142.6 130.8 132.2 142.2 138.9 140.2 143 151.7 161.3 164.3 170.3 169.5 163.7 160.8 160.2 157.7 162.2 165.3
173.7 173.1 174.8 172.4 164.7 162.1 159.6 160.1 160.6 157.9 157.4 168.3 172.7 170 160.7 153.8 151 150.7 151.1 156.1 152.8 149.7 150.8 151.9 146.9 146.2 143.7 140.6 135.7 130.4 123 119 118.1 119.2 118.6 118.8 120.3 120.1 123.3 132.7 132.6 126 127.1 128 132.2 136.6 138.9 142.7 149.3 156.1 161.9 162.1 159.5 148.8 142.7 143 139.1 141.1 142.1 145.1 150.6 156.3 149 132.8 131.5 146.2 153.9 152.4 150 147.8 155 166.4 172.9 173.8 168.7 163.6 161 159.1 158.9 160 163.4
175.8 175.7 175.2 168.4 163.1 161.2 159 160 165.8 161.8 164.8 170.3 170 159.6 153.8 150.2 148.9 148.6 148.5 150.8 152.5 156.2 163.7 160.6 153.9 152.3 149.6 145 141.7 138.3 128.7 126.1 119.4 117.2 117.7 117.1 116.8 116.6 118.7 124.9 124.5 123.8 124.1 126.9 130.4 140 142.7 146.1 149 153.4 155.9 157.3 153.6 144.2 144.2 141.3 138.1 142.9 150.2 154.9 161.7 159.3 140.4 131.3 147.7 156.7 160.5 161 160 158.1 168.7 173.8 176.4 175.4 174.5 172.3 160.4 159.3 159.4 159.8 160.8
179 177.4 171.4 167.2 161.9 160 159.2 166.5 166.2 163.7 165.3 164.3 157.6 151.5 150.2 150.4 151.4 154.1 155.3 158.9 157.8 160.8 164.6 161.6 159.1 159.4 154.9 152 147 143.2 134.3 128.8 124.4 119.1 116.8 117.2 116.9 116.2 117.9 117.3 114.9 123.2 122.9 127.2 129.8 135.3 138.2 142.7 144.9 144.3 148.1 151.2 147 145.6 146.1 138.6 136.7 146.2 155.4 163.2 164.9 154.9 128 140.7 155.5 160.8 163.6 165.1 164.1 169.5 175.3 178.3 179.8 177.8 178.6 173 165 161.1 162.3 169 164.5
179 174.4 173.1 167.7 163.2 158.7 164.8 166.8 159.9 161.3 161.1 156 153.9 151.5 150 154.5 160.9 163.5 162.9 162.5 164.9 166.9 162.4 162.7 162.6 163.8 156.3 153.6 150.6 145.2 134.8 132.3 129.9 121 118.2 116.8 116.6 124.8 130.7 123.1 113.5 122.1 125 129.1 126.2 123.3 126.7 131.3 131.7 133.1 141.1 143.4 141.9 144.3 143.3 136.9 139.1 152.6 165.1 168.5 160.1 141.4 128.6 146.8 159.1 164.2 168 169.4 171.9 175.8 179.8 182.9 182.3 180.8 177.8 170.4 168.7 167.8 175.7 171.3 163.9
180.5 175.1 169.9 165.9 161.7 159.7 163.4 158.5 157.2 158 161 157.3 157.7 157.9 159.1 169.3 165.4 166.3 168.8 170 172.4 168.2 163.8 161.6 160 157.3 153.5 151.9 149.7 145.7 141.5 136.6 134.1 126.6 121.5 120.7 128.5 130.6 131.2 118.9 115.7 124 131.9 134.8 129.2 115.7 117 119 119.2 123.4 134.4 135.6 134.7 136.9 137 136.6 144.1 157 166.3 162.3 145.6 128 135 152.7 161.5 167.4 170.4 171.9 176.5 179.6 183.9 185.9 184.8 184.4 176.7 171.9 170 176 177.2 168.6 167
181.8 171.3 167.1 164.3 162.5 159.1 160.5 157.4 159.6 161.5 166.3 166.7 164.7 164.9 178.2 180.4 171.9 173.8 175 175.3 173.4 169.1 167.8 166.4 161.4 158.9 155.5 152.8 150.9 151.4 146.7 145.3 140.7 132.6 126.4 129 131.2 132 128 115.9 117.4 127.5 135.6 134.8 124.6 115.3 115.7 117.2 118.1 121.1 126.1 129.2 138.3 144.3 141.1 139.5 148.2 158.4 161.2 149.8 129.7 124.7 142.8 157.7 163.3 168.7 171.2 174.4 178.4 182 185.6 186.5 188.1 184.7 177.4 174.9 176.4 180.4 173.1 170.3 173.5
177.8 169.4 165.8 167.4 168.6 169.2 169.7 168.2 167.7 168.4 169.3 169.4 169.2 178.1 182.9 177.3 172.6 174.6 173.1 173.2 175.1 176.1 175.2 172.7 171.6 167.1 164.9 160.8 160 157.7 154.2 149.1 142.6 136.8 131.8 127.7 127.9 127.1 123.2 114.3 119 129.8 137.7 129.7 118.5 116.3 119.1 121.3 118.6 120.5 126.5 138 151 153.8 147 143.8 149.6 155.3 152.8 131.8 123.6 133.6 150.8 157.1 162.8 167 169.8 174.5 178.2 182.2 184.6 187.2 188.1 183.7 179.4 177.7 177.7 173.4 170.4 173.1 177.4
175.3 172.6 171.1 175.7 173.5 176.6 173.1 169.7 170.1 170.4 170.5 168.6 172.8 181.8 178.1 172.6 171.3 173.1 174.2 180.7 185.2 185 183.6 180.8 180.1 173.9 172.1 167.6 164.3 161.5 159.1 154 146.5 142.4 134.3 126.8 120.8 117.9 117.1 112 117.6 130.8 134 120.9 114 119.6 121.2 120.7 119 123.1 136.3 147.3 156.2 155.2 147.4 143.8 146.3 146.6 139.2 122.2 124.3 139.4 150.3 153.6 156.8 160.5 165.7 170.8 175.1 179.4 182.5 185.5 184.5 181.4 178.6 177.4 174.3 168.5 171.9 175.2 180.7
176.2 178.6 177.3 177.7 176.2 172.7 171.9 171.7 170.7 171.6 169.1 169.2 179.1 183.4 173.7 173 177.7 180.3 182.7 189.4 190.8 189.3 188.3 184.4 183 178.1 173.9 170.2 170.6 171.1 166.6 159.4 154.7 147.3 134.9 126.9 118.4 115.1 114.5 110.8 120.1 130.5 125.4 112.7 116.8 119.7 120.6 120.8 121.3 130.1 140.3 152.6 155.9 149.2 141.8 136.2 136 136.7 128.5 120.5 126.2 137.5 143 145.7 145.5 148.8 154.1 160.2 168.1 173.5 178.8 180.6 178.3 175.9 172.4 170.6 166.2 166.4 173.1 177.6 182.9
180.1 180.4 179.1 174.2 177.1 173.4 171.6 175.5 173.9 173.1 168.8 171.1 180.4 179.8 179.9 185.8 188 186.1 186.1 191 193.1 193.1 192.1 187.9 183 179.8 177.1 176.9 176.1 175.5 171.2 165.8 159.6 153.8 141.5 131.9 120.7 118.5 115.1 110 121.5 124.3 113.4 109.5 115.7 114.1 118.6 120.6 124.7 133.7 145.1 152.9 149.5 139.5 132.3 127.5 127.2 128.7 119 120 129.2 134.4 134.3 133.9 135.1 138.5 142.1 145.7 152.3 163.6 171.4 171.9 168.9 165.6 163.5 160.8 161.1 160.4 168.7 176.4 180.5
176.4 174.6 169.3 177.7 179.2 177.1 179.3 178.9 179.3 180.2 175.2 178.1 180 181.8 182.6 186.3 186 187.1 190.1 191.6 191.7 194 193.3 188.8 187.8 183.3 180.8 177.9 177.1 176.9 173.6 168.6 161.7 153.1 145.6 136 125.4 121.2 118 108.8 107.8 106.2 104.8 107.8 111.1 116.3 116.8 120.5 126.5 137.6 146 148.8 144.1 130.1 122.6 120.5 120.9 117.9 117.8 122.5 133.8 129.5 128.5 129.3 130.1 132.6 135.1 137.5 143 150.4 161.8 163.7 162.3 162.1 166.1 173.2 173.8 163.3 161.4 169.8 169.1
167.9 166.5 176.4 183.8 183.3 185.3 186.4 182.1 181 180.8 178.6 181.6 181.6 180.7 181.1 185.9 185.4 191.7 192.7 194.8 197.6 195.2 194.5 191.7 187.1 184.2 180 178.5 176.9 173.7 169.8 165.3 158.6 150.7 142.3 133.5 129.9 123.2 122.3 121.9 115.2 107.7 106.3 105.7 105.1 113 115 116.9 125.8 136.1 142.8 142.7 137.6 120.5 117.5 117.7 116.4 119.3 127.5 135.8 134.9 133.9 132 128.5 129 127.7 129.3 131.4 135.2 142.7 152.2 158.8 160.9 166.7 173.5 177.4 177.4 167.3 157.2 162.9 164.7
163.9 173.8 183 187.6 183.6 181.7 180.3 176.7 179.8 182.5 182.8 184.4 182 181.1 182.2 183.5 190.5 195.7 197 200 201.6 200.3 195.8 191.7 187.4 185 179.2 177.4 176.1 171 167.6 161.6 151.7 145 135.7 132.3 127.6 122.1 120 120.8 115.2 111.6 105.7 104.7 104.5 108.8 110.5 114.8 124.7 131.7 133.9 134.5 127.5 115.3 114.6 114.7 118.9 127.9 134.6 136.1 137 141.3 129.7 126.8 126.7 128.4 129.9 130.5 131.3 132.6 141.4 151.8 159.9 168 174.7 179.4 179.1 167.3 156.2 158.1 160.4
167 177.5 184 183.8 181 179.8 178.9 174.7 177.7 178.2 179.7 182.4 182.5 183.6 187 190.3 195.7 201 202.1 205.2 203 199.4 196.3 192.4 188.3 184.1 178.6 178.3 172.7 166 162.7 156.1 144.6 138.5 133.1 132.7 128.4 124.8 122.8 122.9 119.4 111.9 102.4 103.1 109.6 104.9 107.7 113.3 120 124.6 126.2 125.6 115.3 112.9 113.7 117.5 124.7 134.4 134.8 136.2 142 136.1 126.2 129.5 135.7 140.8 140.2 142.7 140.8 134.5 133.4 143.8 157.3 165.9 173.8 178.9 175.3 164 155.4 157 158.9
164.9 173 171.7 169.6 173.5 177.9 180.2 176.1 175.1 178.6 181.6 184 184.7 187.8 188.6 193.3 199.1 202.7 201.8 203.7 201.9 198.1 191.6 187.6 186.5 183.8 178.3 172.8 166.6 159.9 152.5 148.5 140.5 136.2 131.7 131.4 132.6 129.6 122 122.6 116.4 111.4 105 101.8 102.5 103.1 104.4 105 104.9 112.1 117.1 112.8 109.6 111.9 115.7 123.3 131.6 134.4 135.2 140.7 142.2 127.3 126.6 135.6 143.1 148.5 146 147.6 148.4 145.7 135.3 138.9 150.6 158 170.6 174.7 169.3 159.4 154.6 158.9 162.5
163.3 166 168.6 173.4 173 176.4 175.7 177.5 174.9 178.6 181.3 181.9 184.7 188 191.6 193.5 198 200.7 203.7 200.3 200 193.8 187.4 183.4 182 178.3 169.4 164.6 160 153.2 147.2 141.5 134.6 129.7 132.3 132.4 133.1 127.6 120 119.1 115.9 110.9 102.5 101.5 103.6 104.4 104.6 105.9 107.2 107.2 107.5 109.1 111.5 114.2 122.7 129.6 133.4 132.7 136.2 140.9 131.9 123.4 129.8 139.5 148 150.9 150.5 153.5 156.3 147.4 135.3 137.1 145.6 151.8 163.3 166.7 161.4 153.6 154.9 159.5 164.4
159.5 164.7 169 173 169 175 178 173.3 173.6 178.2 178.5 181.8 182.1 187.4 188.8 190.9 195.8 201.4 200.5 194.7 190.4 185.3 182.5 178.5 175.1 170.6 165.5 161 157 150 143.4 137.3 130.9 125.9 128.4 131.6 126.2 123.6 124.2 117.6 112.6 105.4 101.2 102.2 106.4 107.5 105.8 106.7 111 110.1 111.2 115.4 119.2 121.3 126.3 127.3 128 129 134.5 135.8 122.1 128.5 139.9 148.4 152.6 150.7 153.6 158.9 160.7 144.4 135.6 137.8 139.2 143 152.6 156.7 153.8 150.4 154.1 159.9 166.9
154.4 163.1 165.5 165.1 169.4 170.5 170 170.4 173.7 179.1 180.2 182.7 181.7 184.2 187.2 189.4 191.9 194.4 189.5 184.9 182.4 176.2 172.4 170.5 168 164.4 160.5 156.6 153.4 146.1 143.7 138 128.9 123 126.3 125.4 116.1 120.8 120.9 116.9 105.5 99.4 100.8 101.8 105.7 108.8 111.8 118.5 123.2 123.3 122.1 125.8 124.6 122.7 122.4 121 121 120.9 122.2 123.5 120.7 134 145.3 152.5 150.7 151.2 157 163 156.6 138.7 139.7 143.6 146.2 147.9 145.4 147.3 151.3 151.5 158.4 163.1 169
149.1 157.1 158.6 161.5 166.4 165.4 165.8 171.7 173.9 178.5 180.7 183.6 182.2 182.6 185 186.4 188 186.8 184 179 175.8 172.4 167.6 163.9 160.9 158.8 155.3 153 149.7 144 138.6 132.7 125.6 121.3 122.2 119.7 113.5 118 118 100.5 98.7 100.7 101.3 101.7 103.3 112.3 120.5 127.6 128.7 128.9 131.3 133.4 125 119.5 118 117.7 118.2 118.7 119.6 119.7 125 139.4 147.6 148.8 148.3 152.2 159.2 157.7 150.1 137.9 145.4 151 154 157.8 158 157 157 154.2 161.5 170.4 173.7
149.7 151.8 156.5 158.8 162.2 163.9 166.9 169.7 171 173.1 179 179.1 179.1 179.4 179.2 181.4 182.2 179.4 174.5 173.2 169.7 165.5 161 157 156 153.8 149.7 147.6 143.1 136.4 131 123.7 119.6 120.4 118.1 106.5 102.5 111.5 119.8 101.2 104.4 109.4 110.2 112.8 108.4 114.8 126.4 130.6 130.9 133.8 138.9 139 127.1 117.7 117 116.8 122.5 133.1 131.2 127.4 130.4 142 145 144.9 146.6 151.4 158.7 154 143 140.6 151.7 157.2 161.8 165.1 162.7 162.7 160.9 154.5 164.3 172.6 171.3
145.9 151.6 153.9 153.7 157.1 163.4 162.6 166.2 171.5 173.9 172.6 175 174.5 174 175.8 176.6 174.2 171.5 169.5 171.4 170.8 165.6 155.9 152.8 150.4 147 146.1 141.5 136.1 132.7 127 121.5 112.8 109.5 106.9 97.7 99.1 96.6 102.1 99.7 114.2 122.4 119.6 117.7 107.7 109 120.6 126.6 125.4 134.4 140.1 135.7 125.7 116.9 115.5 125.1 132.4 136.6 133.2 130.5 133 138.6 139.5 140.5 144.4 148.4 149.1 146.6 140 143.4 155.6 162.5 168.6 168.7 166.9 164 158.4 154.4 163.4 167.8 163.8
143 146.8 148.6 148.8 153.5 160.3 165.1 166.9 169.3 168.4 170 171 171.2 171.7 173.9 171.4 168.3 168.8 173.7 174.6 167.1 160.9 152.2 146.3 145.2 141.1 136.3 137.4 132.8 128.7 120.1 113.1 106.8 104.7 96.6 99.6 99.4 101.5 102.4 112.3 118.4 123.4 124.8 127.7 114.7 108.1 109.2 108.9 111 124.1 132 127 119.4 114.7 117.3 128.4 134.9 132.7 132.4 130.7 129.6 137.2 143 141.8 145.9 149.4 151.8 151.5 140.4 146.2 162 169.4 170.2 170.1 167.8 161.1 155.2 153.7 153.7 156.2 156.4
