GeneralExemplars/GeoExemplars/LakeDistrictData/data/LakeDistrict/terrain-50-dtm_3563996/ny/NY20.asc
ncols 200
nrows 200
xllcorner 320000
yllcorner 500000
cellsize 50
[rows 105 to 139 of 200, columns 78 to 155 of 200]
421.1 438.7 461 487.6 519.3 551 590.9 627.7 656 671.5 682.1 701.1 721 727 734.9 748.2 763.1 771.1 780.2 792.3 805 766.9 733.1 702.8 691.5 661.9 639 625.2 607.2 582.8 604.4 591.3 558.5 542.5 539.6 535.1 531.8 519.5 499.3 481.3 468.1 469.4 452.4 443.3 434.2 420.3 412.6 394 374.2 357.7 326.7 318.2 327.7 366.1 370.7 354.6 345.6 347.3 352.9 359.3 368.7 383.9 402.3 406.6 419.1 416.3 420.4 392.7 393.2 399.4 405.7 405.1 393.8 356.3 376.4 389.7 400.3 414.8
427.7 437.5 460.9 490.6 519.1 553.7 590.2 634 651.8 661.6 672.9 683.1 700.6 711.4 715.3 725.3 737.8 759.7 776.2 795.3 809 804.1 766.1 728.3 695.9 679.5 650.3 634.6 633 617.5 621.8 623.6 605.1 570.6 564.1 560.7 551.5 525.4 509 506.6 509.8 489.3 475.9 466.2 459.6 443.1 433.5 426.3 401.5 380.1 357.8 342.3 328.3 363.9 397.3 380.2 371.3 374 381.2 388.9 399.9 414.6 425.7 436.4 442.6 441.9 442.1 424.1 432 428.8 433.4 431.8 420.1 399.9 402.5 408.4 410.6 403.8
430.4 441.2 459 486.9 512.9 563.1 590.4 618 636.8 652.1 665.6 674.5 689.4 696 703.1 712.8 730.2 742.2 770.4 791.4 805.1 825.7 792.8 746.7 710.7 698.7 682.7 651.1 637.5 635 636.7 641.7 637.4 631.1 596.4 582.2 570.3 546.2 540.6 530.3 523.2 511.7 501.1 492.2 481.3 469.5 461.2 443.1 423.2 396.8 379.1 361.4 318.5 366.7 389.1 389 389.9 396.5 407.2 416.4 429.6 439.5 451.8 460.9 466.4 474.1 469.3 457.7 458.5 453.2 457.2 449.2 441.2 431.5 426.6 423.9 422.5 418.1
431.1 440.5 461.9 483 503.7 547.9 590.7 611.3 631.1 644.8 656.3 666.7 675.8 684.9 700.2 708.7 723.3 740.8 750.2 771.7 807.7 823.2 825.2 761.3 720.9 707.1 689.7 674.7 657.3 641.7 643.8 656 672.9 663.6 643.9 606.5 585.8 582.3 576.9 557.4 541.4 537.3 521.9 506.1 495.6 480 467.1 452.2 437.7 417.2 394 377 353.8 348.1 383.6 396 405.1 417.1 429.9 444.4 460.9 470 482.3 490.2 496.5 497.2 489.9 477.4 474.7 475.3 468.4 465.1 456.1 453.8 450.5 448.8 446.4 436.9
422.6 440.7 458.9 482.2 510.3 543.1 576.6 595.5 624.3 639.8 650.4 659.5 671.4 682 694.1 706.1 719.4 729.1 742.8 767.2 797 810.1 825.6 790.8 743 739.2 733 716.7 678.3 661.9 660 676.4 709.1 695.8 673 646.4 630.8 607.6 587.9 575.7 569.5 564.9 544.8 526.7 520 508.3 482.4 460.4 443.7 423.6 405.5 383.4 347.4 368.5 392.7 406.6 417.9 436.2 456.2 474.1 489.6 507.3 518.3 526.5 532.6 537 519.2 507.3 494.8 491 487 478 478.2 470.7 469.1 463.7 463.3 450.9
423.8 440.2 460.3 484.6 511.5 540.8 577.2 604.3 623.5 634.2 647.9 656.1 668.5 678.6 694.8 703 716 727.4 751.1 769.8 792.8 798.5 804.7 817.2 809.3 775 767 755.8 714.7 691.4 688.3 704.6 718.8 704.4 693 678.3 662.9 630.1 611 601.5 598.3 594.9 579.3 560.3 540.6 536 514.8 482.8 456.1 434.1 410.7 386.8 356.4 381.9 401.4 420.9 437.1 462.4 486.8 507.7 528.6 542.1 552.7 560.3 559.7 559.2 549.3 540.4 517.7 506 498.9 496.1 490.4 491.6 482.8 474.2 480.5 474.1
428.7 443.3 461.5 485.6 510.7 539.2 573.4 595.4 615.6 627.3 644 655.9 666.3 674.2 685.7 696.5 708.7 723.1 762.2 779.9 784.9 786.6 785.7 788.8 796.7 779.8 774.8 771.9 751.6 728.7 719.8 722.2 718.6 708.4 695.9 689.9 676.3 664 645.6 636.4 626.2 613.3 592.2 574.3 560.2 546.6 534.3 508.1 470.4 442.4 417.7 389.9 365.9 389.1 413.5 436.4 461.4 498.2 526.9 560.7 567.7 578.2 585.4 588.1 584.8 582.7 578.3 558.4 538.6 530.6 516.9 511.3 506.2 508.6 494.6 487.4 489.6 482.7
427.8 444.5 464.6 485.3 509.2 533.6 568.6 580.2 604.6 624.3 641.7 659.6 671.8 680.7 690.4 697.9 709.4 731.6 761.3 770.1 772.4 772.9 768.8 770.1 776 768.9 767.1 764.8 757.1 745.3 734.9 730.3 720.5 710.2 700.1 693.2 689.7 677 663.6 659.2 654.9 639.9 613.2 591.3 571.9 553.7 537.8 520.3 485.8 455.2 427.4 400.3 376.5 401.1 428.6 453.2 482.7 511.8 562.5 585.8 593.7 602.1 617 618.3 612.4 606 594.1 581.8 561.4 545.8 535.6 534.9 521.8 513.9 506.1 495.9 498.3 495.3
425.4 442.7 464.4 476.9 494.9 515.6 540 570.6 596.4 625.3 637.5 657.3 669.4 676.9 689.4 700.8 718.1 734.7 751.6 758.8 761.1 764.2 764.3 766.3 768.8 765 763.5 759.2 753.9 748.3 738.3 732.2 720.2 712 701.6 695.1 687.6 680.6 679.4 679.4 681.2 678.7 647.4 618.8 589 561.3 545.1 530.2 505.7 461.3 431.7 407.1 390.4 416.1 446.4 474.9 507.8 539.6 582.4 612.9 620.5 636.8 649.9 648.8 639 624.8 613.8 602.4 587.8 567 558.4 544.6 537.6 528.6 520.7 507.8 505.3 507.3
421.2 436.8 458 478.4 498.8 528 552.8 581.1 606.6 626.8 643.7 656.3 669.6 676.7 686.6 710.5 726.6 740.4 751.8 755.2 759.8 760.8 764.7 766.3 766.5 761.5 759.9 758.7 754.5 747.4 739.5 731.8 720.4 711.9 703.2 692.9 688.4 680.8 682.5 684.8 687.6 692.7 684.4 670.9 643.5 590.9 559.7 527.4 512.1 466.8 435.6 412 413.9 430.8 459.2 517 540.7 565 592.5 619.4 643.2 655 667.5 667.1 652.2 638.9 631 619.7 615.3 592.1 571.6 559.7 551.7 541 530.8 522.4 516.3 510.4
422 433.8 451.3 471.3 503.8 523.7 546.3 581.8 602 639.3 651.8 661.4 674 682.3 692.9 712.8 724.9 744.9 755.5 760.7 761.6 763.3 762.9 763 765.4 760.1 760.7 757.1 752.9 748.4 735.8 732.8 716.6 707.4 699.5 691.3 683 679.8 678 678.8 676.7 677.2 674.3 672.6 659.3 631.6 577.2 533.7 500 467.2 442.1 430.4 430.7 447.2 471.2 529 556.4 570.3 589.2 616.2 639.7 661.1 675.4 680.9 696.3 680.6 655.4 641.1 628.9 622.7 590.5 574.5 561.6 556.8 542.4 533.9 526.4 522.4
419.3 433.7 447.6 468.3 492.1 514.8 535.8 565.6 591.9 633.4 659 671.4 682.8 688.4 696.4 714.8 727.9 740.7 748.6 753.8 757.5 762.5 763.4 763.3 763.3 757 754.4 753.8 751.9 744.8 733.4 732.3 714.4 699.3 693.5 684.4 677.1 673.8 671.9 669.6 667.4 663.3 660.1 656.2 641.5 615.9 576.9 531.6 497.4 462.2 454.9 459.5 460.9 458.1 481.8 511.3 549.1 573 588.2 613.4 636.9 648.7 666.7 682.9 691.3 694.5 678 660.8 644.5 626.6 610.1 586.6 574.3 562.1 549.5 544.2 534 530
420.9 434.4 444.9 462 483 504.6 526.2 550.1 579.2 606.9 647.3 667.4 674.2 681.5 699.8 705.8 719.8 731 742.4 752.7 762.7 763.3 760.9 766.4 764.7 760 753.4 747.1 743.5 743 728.9 725.7 704.5 691.4 683 678.2 673.4 670.4 665 662.9 659.1 651.4 642.6 632.2 621.3 600.7 564.4 513.3 490.4 488 488 486.9 485 483.5 491.7 513.6 541.3 562.9 581.4 603 622.3 638.8 654.7 664.4 678.6 690.8 675.5 669.8 649.9 629.3 613.4 601.6 582.8 569.6 557.6 552.4 543 535.7
426.2 433.3 442.1 454.9 473.1 494.4 514.1 532.7 559 589.1 619.2 652.3 655.6 665.6 680.1 691.9 707.1 722.2 736.5 753.8 760.8 761.6 760.2 763.9 764.9 760.1 747.6 743.2 735.1 732.8 721.1 704.1 693.6 681.2 674.9 673.9 669.4 666.7 664.7 658.8 655.9 644.6 634.2 627 601.3 569 544.3 532.3 528.6 526.7 517.1 517.2 506.1 498.7 501.2 511.7 535.1 557.2 574.6 592.1 611.3 627.1 641.1 652.1 661 667.7 667.8 667.1 655.3 632.7 615.8 602.3 585.1 572.3 559.4 551.4 547.2 538.1
420 430 438.6 453.6 468.2 483.1 497.8 512.2 534.1 559.2 586.1 611 630.9 646.5 662.6 675.1 691.7 706.5 733 753 753.5 758.9 758.5 763.1 764.3 757.2 744.2 738.4 728.6 715.4 708.4 695.8 682.6 670.5 667.7 666.7 663.1 662.3 661.7 657.5 647.6 638.7 629.5 626.1 617.7 596.7 573.1 569.8 559 556.6 551.9 538.7 518.4 508.9 504.7 516.5 531.9 553.4 573.5 587.7 601.4 618.9 628.4 638 648.3 652.5 652.9 654.8 642.9 633.8 614.5 603.1 583.7 571.2 562.1 552.3 545.6 538.3
421.9 423.1 435.4 450 456.5 463.5 477.3 493.4 511.7 535.5 562 585.5 611.5 632.9 647.5 659.1 675.6 690.2 708.1 729.6 747 755.8 756.4 757.2 760.1 753.7 742.4 733.2 723.1 709.7 694.2 685 671.3 663.5 661.8 661.8 660.9 661.3 660 656.2 646.5 639.6 632.3 626.7 620.1 610 601.5 589.9 580.5 573.1 560.9 545.6 525.2 518.2 515.6 519.2 528 548.6 565.4 580.3 590.9 618.7 622.8 628.9 634.1 644.8 640.6 639 633.3 622.4 610.3 593.4 580.1 572.7 562.5 553.2 542.1 535.9
398.6 406.4 428.6 435.3 432.6 440.4 455.5 473.7 490.7 514.2 539.2 564.2 594.6 615.5 632.7 647 662.1 671.9 688.7 705.4 729.6 744.8 743 754.3 762.8 754.5 743.5 728.9 712.8 700.8 682.3 669.4 661.2 657.3 657.8 656.3 658.7 659.4 659.4 656.5 650.2 640.4 634 630.1 625.9 620.2 617.1 608.8 599 586.3 572.7 554.3 537.3 526.8 524 519.5 528.3 539.5 552.7 574.6 585.8 601.9 616 621.9 624.9 630.5 630.4 628.6 624.3 615.4 606 592.8 578.7 568.5 559.5 549.3 536.5 535.4
378 381.8 395.3 402 410 420.6 437.1 453 473.2 495.9 522.7 549.2 573.2 599.6 620.9 636.8 650 660.4 673 683.6 700.5 721.6 730.2 745.3 754 749 744.6 724.3 701.2 685.4 669.7 661.3 654.3 650.6 652.1 654.4 655.1 655.7 658.1 654.6 648.6 641.6 638.7 634.9 634.7 632.6 631.3 628.7 619 603.2 592.1 569.5 546.1 534 526.3 522 523.2 528.8 540.1 558.6 578.1 581.4 598.8 618.8 619.3 619.9 622 618.3 613.2 608.5 598.5 586.3 573.4 562.2 550.2 545 541.1 534.9
357.5 364.2 373.1 377.5 391.2 402.4 420.5 436.1 461.5 488.7 510.1 531.4 563 590.2 610.5 626.3 641.9 649.4 661.4 671.5 684.9 701.4 719.2 727.8 740.5 744.2 731.2 708.3 690.2 674.5 663 653.6 646 647.4 651.5 650.9 651.2 652.4 655 652.1 649.4 645.7 643.8 645.8 645.3 646.2 648.5 645.3 635.9 623.3 606.7 583.9 557.8 540.4 527 522.4 522.2 524.8 532 545.9 553 566.2 572.7 587.9 598.9 607.1 611.7 613.5 607.4 603.5 597.8 588.6 570.9 561 550.2 543 540 534.9
343 347.9 357.5 363.1 380.8 396.3 407.7 429.6 454.1 468.1 494.4 524.4 555.5 580.7 597.6 616.2 630.3 642.3 653.2 664.3 674.8 688.3 703 714.1 720.6 730.6 717.5 698 679.4 669.9 658.9 646.8 639.1 645.4 650.3 651.3 650 652.6 654.9 653.4 651.8 651.9 649.5 652.2 656.7 658.4 657.8 660 647.7 634.7 612.6 589.2 565.8 542.7 529.4 525.7 524.6 522.5 525.1 537.4 548.4 558.5 565 575.7 588.3 595.8 600 602.6 602.8 603.6 596.1 584.2 569.5 559.6 543 541.9 536.3 533.4
342.5 346.3 351 361.1 373.5 388.2 405 423.2 444.3 465.7 491.3 514.8 538.4 563.7 586.3 600.2 620 634.3 646.2 660.9 673 684.5 697.6 707 712.1 716.2 710.7 686.9 670.4 661.4 651.5 638.9 637.3 645.3 667.3 652.6 653.6 659.6 657.3 657.4 657.7 659.1 657.7 660.9 663.6 665.4 666.4 663.4 655.7 640.5 621.8 594.7 571.2 548.6 535.7 531.1 526.9 522.5 522.5 531.4 544.3 547.5 552.4 562.4 574.8 584.7 587.9 590.7 592.1 610 604.9 588.1 573.1 558.8 543.5 541.9 539 533.6
342.4 345.6 351.4 359.3 370.3 384 399.3 419.7 442.5 462.7 479.9 491.7 519.3 541 557.9 588.5 612.1 631.7 646 662 678.8 691 697.5 704.3 709 716.5 710.2 682 664.4 651.6 642.6 633.6 625.2 634.8 638.9 638 657.5 663.6 664.8 663.8 665.2 664.9 662.6 662.3 669.9 671.9 672 673.8 668.4 648 627 603.1 579.7 558.7 543.4 534.5 529.9 525.4 522.5 527.1 535.7 537.6 541.6 547.7 557.6 572.1 580.2 581.9 578.8 578.2 579.7 570.5 558.6 556.5 546.8 544.8 543.7 532.9
341.6 344.4 349.2 356.7 369.4 383.3 399.8 416.3 432.4 449.3 474.4 503.9 530.3 556.6 584.8 607.1 625.6 640.1 651.1 673.3 697.8 704.1 714.4 710.2 710.7 718.5 714.1 676.9 657.2 644.5 635.3 625.4 614.5 631.3 632.3 630.5 636.3 661.5 667.4 672.6 674 666.7 663.4 658.8 664.8 675.6 678.8 693.3 685.9 665.6 636.2 613 589.2 567.3 554 541.4 533.2 526.9 522.8 527.3 528.8 530.5 532.4 534.9 544.5 547.4 564.2 577 570 566.7 561.4 562.4 557.8 550 548.6 548.9 543.3 534.6
340.5 343.3 346.5 355.2 366.4 378.5 395 411.4 429.2 449.3 479.2 512.7 540.8 566.6 592.6 619.2 632.4 652.2 664.4 698.1 708.4 718.8 723.9 719 719.8 717.3 710.8 674.3 652.7 637.2 625.1 618 604.9 609.5 612.3 616.6 620.5 643.3 670.8 679.8 673.8 668 661 656.4 663.9 677.6 682.9 698.3 690.3 683.3 653.9 625.1 600.5 580.2 561.2 548.6 537.3 529.6 525.2 525.3 526.4 526.9 528 525.8 529 533.6 534.1 545.6 566.5 562.8 558 555.2 550.1 543.1 543.7 546.3 546 535.2
338 338.9 342.6 350 359.7 374 392.9 407.8 428.3 447.1 477 510.5 538.9 574.9 594.9 623.2 642.2 659.3 675.8 692 704.6 723 724.2 731.9 726.3 721 704 672.1 647.6 631.6 619.1 607.5 596.3 598 603.2 604.2 610 633.3 654.8 661.9 667.6 667.3 658.8 655.7 656.4 677.1 684.4 683.1 679.5 683.2 663.8 639.9 619.4 586 570.4 553.5 542.9 536.6 530.1 527.2 526.2 525 522.4 520.8 521.8 524.2 522.4 528.9 540.4 543.2 555.2 546 540.2 539.5 538.2 540.2 536.9 536.8
333.7 335.5 338.5 342.5 351.9 366 382.7 401.3 421.8 442.9 471.7 503 540.2 577.7 595.7 622.1 642.6 660.9 682.7 692.2 705.9 719.2 730.1 731.9 726.9 728.9 712.9 669.5 641.9 624 610.6 596.9 589.8 593.1 596.8 603.9 603.2 615 627.9 637 640.1 644.2 652.2 648.9 651 666.7 686.6 675 669.2 667.2 662.9 645.2 627.1 604.8 575.7 559 549.9 541.3 536.6 530.4 528.7 524.3 519.6 516.5 517.4 514 514.5 518.2 523.3 530.6 538.9 529 531 530.9 530.8 529.7 530.8 529.8
333.4 332.1 334.5 337.1 343.1 358.1 372.2 389.6 413.2 439.6 471.3 497.4 538.2 574.6 591.8 623.7 640.6 656.8 686.1 699.3 711.4 725.7 736.7 732.9 728.2 726 712.5 670.4 636.9 617.9 604.8 592.9 585.6 589.5 594.8 587.2 593.1 604.2 610 614.1 619.9 626.2 632.5 644.2 639.2 646.3 662.5 662.2 659 660.3 653.7 644.7 630.6 611.4 587 566.9 555.1 544.2 539.4 533.5 527.9 523.8 517.8 514.3 513.5 510.8 506.6 503.6 506.1 510.7 516.2 516 524.6 524.6 522.8 523.4 524.7 524.9
334.4 331.3 331.6 334.6 340.3 351 365.9 381.9 407.8 435.6 468 494.1 526.3 554.9 579.2 617.2 635.6 654.7 684.3 701.6 711.9 730.1 735.2 729.9 732.1 722.3 711.9 686.2 633.5 612.1 599.6 588.6 575.6 583.5 580.9 580.9 588.2 597.3 595.6 596.4 600.8 610.3 621.1 627.2 631.2 630.2 642 649.3 645.5 645.4 641.2 637.3 630.1 615.9 594.5 573.5 559.1 547.6 539.2 535.3 527 520.3 516.7 510.2 504.6 505.2 499.4 498.8 496.5 497 503.5 509.6 517.6 516.3 515.3 515.6 517.8 521.3
334.4 330.4 327.4 329.6 335.4 346.1 362.1 380.3 402.5 428.9 461.6 486.5 513.2 541.4 574.8 605.4 624 640.5 657.5 689.5 694.2 720.3 733 727.5 733.9 724.2 705.5 682.1 656.2 608.1 591.3 585.5 574.3 567.7 566.4 569.2 573.2 586.6 590.5 587.8 592.2 594 602 620.4 623.6 617.1 622.3 623.5 634.4 627.4 626.4 624.7 620.5 613.4 598 577.5 564.1 552.5 542 534.8 529.8 520.4 518.2 511.2 499 492.6 490.7 487.8 489.5 492.8 493.4 502.9 507.3 509.2 507.7 510.9 513 510.2
334 327.6 325.5 326.2 331.2 345.7 365.6 381.2 397.3 418.7 452.3 482.8 503.6 527.8 553.6 600.8 607 623.6 644.8 663.6 670.7 693.6 717.4 711.8 718.4 721.8 703.1 672.4 656.3 609 586.8 578.1 567.3 556.3 556.1 556.4 561 576.7 588.3 585.4 585.3 584.9 594 606.1 608.5 606.1 605.4 607.5 616.2 617.9 615.6 617.2 621 619.5 602.6 584.8 566.3 559 542.8 538.2 531.1 522.4 513.1 509.2 498.4 486.6 478.2 478.2 479.5 482.4 487.3 494.7 500.8 501.6 500.7 505.3 507.2 500.9
331.2 325.6 325 324.7 329.9 341.7 361.6 379 392.8 409.8 437.2 464.1 491.8 517.8 540.8 569.4 601 608.8 625.4 640.2 655.6 662.3 687.6 695.6 719.1 717.5 695.6 671.1 647.3 609.9 581.9 566.9 556.6 545.8 541.4 545.7 547.7 550.9 558.7 572 574.6 578.1 591.1 591.7 595.2 593.9 593.9 597.1 602 607.2 608.2 613.1 616 612.4 609.7 588.2 573 563.8 551.1 540.7 529.3 518.3 507.9 502.3 496 483 474.8 469 471.5 472.9 478.1 483.9 485.7 490.4 494.1 494.1 489.3 488.3
336.2 325 324.8 323.8 327.2 337.1 356.2 372.9 389.2 406.5 427 455.9 482.9 508 532.5 555.6 579.9 598.2 611.6 624.3 637.4 644.5 660.7 682.9 697.8 700.5 686.6 665.4 639.5 605.9 575.1 560.6 546.8 536.7 535.3 535.1 536.9 536 540 543.6 547.5 557 564.2 570.3 574.8 579.3 581 587.6 595 599.6 603 607.4 610.9 610 599.1 588.3 580.3 563.6 552.1 547.6 527.8 515.8 502.4 492.3 488.6 480.6 469.9 457.7 454.7 458.4 462.8 469.6 473.6 477.8 476.3 477.7 477.1 477.4
342 332.3 325.9 322.8 322.6 330.4 344.2 363.4 380.7 398.4 415.2 439.9 469.8 494.6 521 545.7 566.1 585.6 601.5 611.6 624.8 632.8 640.8 664.4 679.2 678.3 668.5 666.1 628.3 589.5 566.8 551.4 537.2 527.3 521.8 523.5 524.1 524.2 531.8 537.6 539.2 542.3 549.1 550.1 554.4 560.2 571.7 579.2 585.7 591.8 598 602.2 605.2 599.6 595.1 589.3 578.6 563.3 550.4 544.5 527.7 512.6 497 490.2 479.8 469.6 453.6 442 441.7 443 451 455 457.9 465.4 466.7 469.1 470.1 466.2
346.1 334.8 326.8 323.1 322.3 324.9 335.5 354.2 373.4 392 404.5 430.2 456.9 478.7 505.2 530.1 555.8 576.4 591.5 602.2 613.4 621 625.6 639.1 643.4 652.8 649.3 650.9 623.7 582 556.5 541.6 527.1 517.5 509.7 511.8 512.7 510.7 516.8 522.3 527.6 533.9 535.9 537.4 544 554.3 562 569 576.2 584.5 593.7 599.9 604 602.7 598.2 583.7 578.3 560.5 550.3 544.2 526.4 510.8 496.7 482.5 481.3 477 459.8 427.1 434.3 431 439.5 443.8 450.1 452.8 458.2 460.2 460.5 461.3
350.8 337 327.8 323.1 322.3 323.8 328 345.3 365.7 379.8 396.1 414.9 439.4 464.7 490 515.3 542.2 565.4 578.7 593.7 603 609.7 611 613.9 626.2 633.8 633.6 630.8 614 576.4 547.9 533.7 518.6 505.1 493.8 497.4 495.9 498.1 503 507.6 512 518.5 523.4 531.1 538.5 548.7 554 562.6 569.4 573 579.8 577.2 584 590.8 596.4 578.5 569.5 555.5 548.5 541.3 523.1 507.1 499.1 482.1 476.6 469.7 444.7 420.6 412.1 417.1 426.3 435.9 441.6 438.9 444.4 440.6 449.9 451.1
