GeneralExemplars/GeoExemplars/LakeDistrictData/data/LakeDistrict/terrain-50-dtm_3563996/ny/NY20.asc
ncols 200
nrows 200
xllcorner 320000
yllcorner 500000
cellsize 50
[rows 0 to 34 of 200, columns 78 to 155 of 200]
510.8 543.6 577.3 600 613.1 611.4 645.8 673.4 695.1 714.7 720.2 724.8 727 728.5 726.7 725.7 722.8 719.8 711.2 700.4 688.8 669.1 643.8 615.6 588.5 565.3 541.1 519.1 501.8 489.6 478.4 464 460 449.8 443.4 430.7 418.3 404.5 380.7 360.9 343.3 321.2 299.2 279.2 265.5 249 238.2 225.3 218.5 211.4 213 222.4 232.3 239.9 253.9 261.6 282.5 299.8 319.8 342 364.9 389.7 413.3 437.7 458 475.9 494.4 510.6 522.6 534.9 546.3 559.1 567.6 576.2 585.6 594.3 607.2 616.1
520.6 555.5 583.5 613.2 635.6 650 659.9 665.1 680.8 697.5 708 708.6 710.1 711.1 710.6 708.7 702.1 697.1 688.1 675.2 659.4 646 618.3 590.4 562.9 537.5 513.3 496.1 476.6 464 457.5 434 441.2 431.3 411.6 408.6 399.3 385.1 365.8 349.2 330.3 310.5 292.5 278.7 267 250.9 244.6 230.2 222.5 213.1 212.9 223.1 236 240.3 253.5 260.5 279.5 301.3 322.7 344.2 365 389.7 415.7 438.9 461.2 479.7 498 516 528.1 539.5 552.4 564.3 574.2 583.1 591.8 601 613.6 628
528.6 560.2 589.1 618 642.4 661.2 683.2 679.7 679.9 683 684.1 690 695.3 698.5 697.8 687.1 667 659.1 658.3 657.5 641.3 623.3 594 564.1 534.7 508.7 488.7 469.4 456 443.2 435.2 425.7 414 411.6 395.2 391 379 366.8 349 332.5 317.8 301.2 286.3 274.3 261.3 253.6 240.9 230.9 218.9 214 214.9 222.3 232.1 239.8 252.2 261.9 285.7 305.4 325.5 346.2 366.4 391.5 416.9 441.4 465.4 486.8 504.9 522 534.6 545.9 558 570.3 582.6 589.6 598.3 613 625.8 637.1
526.2 565.9 593.1 623.7 658.6 670.7 688.6 705.7 695.1 684.7 683.2 683.9 685.6 686 678.3 666.7 632.7 623.5 620 626.8 621 594.5 568.2 540.4 507.1 482.6 463 448 433.6 423.6 413.8 402.4 387.9 391.8 375.4 373.8 361.2 350.6 338.9 327.5 311.3 296.5 282.9 269.7 258.2 253.3 239.9 231.7 219.3 214.7 218.3 226.5 233.3 241.2 253.7 266.7 286.5 308.5 328.9 351.5 373.9 396.9 421.5 448.5 469.5 491.9 508.4 523.9 539.6 552.3 562 573.5 586.2 595.2 608.6 621.9 635.2 647.8
532.7 567.7 602.4 633 656.1 674.7 702.2 708.8 704.4 696.4 686.1 683.2 679.1 679.7 672.3 639.7 612.5 590.3 581.5 581.5 572.3 560.5 536.9 517 486.4 459.6 439.2 421.8 412.4 401.5 393.5 382.5 374.7 365.5 358.7 351.5 349.2 333.6 326.7 310.4 295.2 285.4 273.4 266.9 258.6 249.1 241.1 228.3 221.7 219.3 226.9 238.5 240.6 243.8 255.2 268.3 289.5 311.2 328.5 350.1 375.7 400 425.6 454.2 477.6 497.2 514 526.2 539.9 553.6 566.7 575.8 588.4 601.8 614.4 629.7 642.1 653.8
542.5 575.5 614.9 643 665.5 681.7 717.2 717.1 711.1 706 692 683.8 675.6 672.8 669.2 642 613.8 580.4 546.4 536.4 525.2 516.9 509.5 483.8 457.8 432.5 412.6 401.2 388.4 381.5 371.5 362.9 357 349.1 341.1 333 330.2 319.8 309.1 295.4 283.1 272.4 269.3 261.2 253.5 247.9 238.7 228.5 221.3 225.3 231.8 243.1 244.7 249.8 258.7 273.3 291.7 314.2 333.6 356.3 381.3 406.4 433 457.5 473.9 499.7 515.3 527.8 539.5 553.6 564.9 578.6 590.5 602.9 618.7 634.4 648.4 662
552.6 586.8 628.6 656.1 670.1 689 705.3 707.5 706 701.7 691.2 682.9 676.9 667.8 659.1 644.6 608.5 573.4 541.4 506.7 490.8 475.4 464.4 455.3 428 405.5 389.4 376.2 367.4 358.4 351.9 346.2 341.2 331.7 325.5 323.4 311.3 308 300.5 288.6 280 268.7 258.5 250.5 247.5 244.1 237.9 229.1 230.4 230.9 242.3 254.8 261.8 259.4 267.6 283.3 305 322.8 343.4 362.7 388.9 411.3 435.6 463.7 484.5 500.9 516.3 528.6 540.4 552.6 564.8 578.5 590.5 603.7 622.8 636.2 652.9 669.9
568.9 605.9 638.7 658.9 669.5 694.3 698.3 700.3 699.6 696.4 687.3 680 673 666.4 658.6 639.4 603.2 568.6 542.5 512.6 483.7 459.1 428.3 416.5 401.2 381 368.2 357 345.7 339.6 331.6 326.6 318.8 315.1 308.7 306.2 296 288.7 284.9 275.6 265.9 259.3 253.8 248.7 243.2 241.9 237.1 231.7 243.9 239.9 254.3 262.1 272.2 276 277.2 291.3 312.4 333 349.4 368.1 390.9 418.6 444.8 469.6 487 500.7 515.4 525.8 539.8 552.1 566.4 581.7 591.9 605.6 624.3 640.2 657.6 673.7
575.1 609.6 636 656.1 667.8 679.3 688.4 699.1 696.4 692 684.3 672.7 671.6 664.7 658.1 642.5 600.7 560.1 533.8 506 473.6 450.6 427.7 400.9 382.5 364 352.7 342.7 329.8 320.5 314.1 308.1 304.4 302.3 293.7 289.4 284.4 278.4 272.8 267.1 262.9 252.5 249.5 244.6 241.8 239.9 236.5 247.3 251.6 260 263.7 273.1 285.2 288.3 287.9 304.5 325.8 347.2 366.2 387.1 403.4 425.9 447.8 470.7 491.6 508 519.4 524.8 535.7 550.5 567.6 582.6 597.4 613 627.9 643.3 660.4 677.6
576.6 616.3 642.1 656.9 677.8 684.9 684.9 689.7 692.8 685.5 678.9 669.3 664.1 656 646.6 634.5 589.4 553.2 525.2 494.9 460 435.6 418.2 397 371.3 354 338.6 325.9 317.1 306 300.6 293.8 289.6 288.6 281.3 277.3 272.5 268.7 263.4 261.1 256 249.1 246.5 243.8 241.5 244.6 249.3 257.9 260.1 274.9 277.9 289.6 295.5 301.9 308.2 320 336.8 363.9 382.8 399.4 422.7 443.1 457.2 479.2 499.7 505 518.5 529.4 536.2 550 568.6 585.6 597.4 613.3 627.9 643.4 660.1 678.1
606.2 623.3 643.1 657.3 676.4 678.8 677.3 688.1 693.9 687.7 682.3 668.4 658.4 655 643 630.8 596.3 554.7 522.2 477.6 448.2 424.4 399.4 376.6 354.7 337.1 322.6 313.5 305.5 294 286.1 279.9 276.4 274.1 269 266.5 263.8 261.2 258.1 255 251.2 249.1 246.3 243.7 245.3 251.5 260.6 273.7 277.6 290 293 304.3 312.1 321.9 330.5 336.6 353.8 378.3 392.9 409.5 428.7 452.7 476.8 490.8 507.6 516.5 523.7 532 533.6 552.2 566.1 582.4 595.8 609.3 623.4 639.2 656.8 676.1
626.2 645.3 660.1 660.1 669.5 676.1 675.1 681.4 688.5 682.7 674.5 658.7 651.7 643.3 633.9 620.3 577.8 539.5 505.2 462.9 435.1 408.1 383.7 364 342.9 325.9 313.4 305.1 298.5 288.8 280.4 272.8 270.4 269.6 266.5 263.8 258.1 256.7 253.9 252 250.3 247.8 245.5 245.3 249.3 260.7 271.7 285.7 293.9 301 309.9 318.1 330.2 339.6 350.5 355.4 361.9 390.2 407.2 419.3 437.9 458.3 480.5 505.1 512 518.6 527.9 537.9 544.5 548.3 567.5 580.7 594.4 607.5 619.5 636.5 654.7 673.6
647.4 657.3 664.9 661.2 661.7 664.6 664.4 670.8 671.4 664.3 655.9 645.9 643.2 634.4 617.6 580.1 548.9 514.4 484 447.5 419.8 393.6 370.5 351.3 335.9 322.7 309 304.5 293.8 281.9 273.4 270.5 267.4 263.5 262.5 261.9 257 254.7 250.7 248.9 248.6 247.3 245.3 251 264.5 274.5 289.1 302.2 309.7 318.6 328.1 338.6 349.4 362.5 376.5 377.3 372.7 398.6 416.4 434.5 454.9 469.9 492.8 508.8 515.9 524.8 534.6 543.8 553.7 561.9 561.3 574 589.5 603.5 617.8 633.5 648.8 667.4
657.9 654.3 664.8 661.6 659.3 662 651.5 650.7 645.3 639.7 633.6 630.6 626.7 619.8 591.3 549.5 519.4 489.4 461.8 433 405.5 382 361.9 348.1 333.3 320.9 304.4 297.3 286.8 276 267.2 265.4 263.6 263.2 260 257.5 255.1 253 252.2 250.4 250 249.3 256.2 267.8 274.2 289.7 296.3 310.6 325.9 336.7 347.6 360.1 372.8 385.2 394.6 400.2 385.2 407.7 425 448.8 465.4 486 499.6 509.8 524.2 534.3 543.2 551.5 559.8 568 568.7 575.7 587.9 601.2 613.1 631.3 646.4 663.1
655.2 666.8 669.9 669.4 660 650.2 632.9 629.4 622.1 617.1 611.6 609.6 608 599.1 569.2 528.3 495 463.5 437.6 412.1 389.1 371.4 356.4 341.1 327.1 314.3 299.1 288.2 279.2 270.9 265.2 263.3 264.1 260.4 258.6 256.4 256.5 257.4 256.6 255.4 257.7 261.9 268.9 277 289.1 300.9 313.5 327 342 358.3 369.7 384.9 394.7 407.8 418.7 417.5 406.6 419.1 436.2 448.5 463.4 489.8 505.4 513.3 520.1 529.4 545.3 554.2 564.5 573.2 580.8 578.4 597.3 608.1 622.8 635 647.5 661.4
663.1 677.1 678.4 663.9 647.9 630.3 614.8 607 598.7 597.4 589.6 587.9 579.9 563.7 530.2 502.6 473 442.2 415.2 392.8 372.1 355.6 343.3 328.5 316.2 306 286 275.7 269.5 269.4 270.1 270.9 269 268.4 266.8 266 266.2 267.7 269.4 267.1 271.7 275.8 284.7 296.3 305.6 317.6 332.8 347.7 360.8 377.9 389 402.2 414 431 444.2 439.9 432.9 433.2 444.9 457.2 474.4 487.8 500.1 513.1 523.8 539.5 547.8 561.1 572 581.3 592.1 594.6 595.1 615.3 627.7 638.3 650 662.2
666.3 668.4 662.7 652.2 635.4 612.7 595.1 581.3 573.3 573.8 569 564 552.3 531.1 502.3 474.4 448.8 421.4 397.6 376.4 357.6 343.2 332.5 314.5 305.6 291.9 280.7 272.7 279.3 281.6 281.2 280.1 282 279 275.6 277.5 282.6 282 281.3 282.4 289.4 296.6 307.2 316.4 326.1 339.2 351.6 369.8 387.1 403.3 417 434.2 445.6 458.6 466.6 457.4 445.8 432.9 445.3 458.8 468.2 479.4 496.5 510.5 523.4 538 550.1 563.7 577.1 589.7 601 607.4 606.7 613.6 629.5 639.1 649.9 661.8
672.7 668.4 660.1 646.5 625.9 604.7 580.7 567.2 557.7 553.8 549.9 539.2 515.8 496.7 473.7 448.1 424.2 400.8 378.6 358 343.4 328 312.6 300.9 288.9 280 281.8 290 298.8 299.2 295.8 291.6 291 293.5 295.3 297.5 296.9 302.5 312.6 309.8 312.1 318.8 331.1 344.9 350.9 361.7 376 394.9 414 431.8 444.5 454.4 471.4 475.5 467.1 455.1 451 437.2 446 464 467.8 480.1 492.8 509.1 524 537.7 551.8 566.1 580.1 593.1 606.5 615 621.5 624 631.7 638.3 646.1 660.5
679.3 673.2 663.7 645.9 624.8 601.9 576.4 560.1 549.9 540.1 530.6 509.9 482.3 464.4 442.2 420.3 402.6 381 358.8 341.6 324.4 313.8 301.5 289.2 281.3 288 297 307.6 316.4 323.4 318 311.6 315.5 315.5 315.4 318.1 325.4 326.4 333.1 338.9 338.2 346.3 353 372.9 382.4 397.3 408.1 423.3 446.1 461.4 464.6 475.8 482.3 475.5 459.8 454.3 448.9 442.4 446.4 455 464.7 476.3 489.6 504 518.9 533.5 548.1 563.7 579 595.4 609.8 623.8 629.2 633.1 636.7 636.8 649 656.7
684.8 679.1 668.9 647.4 623.6 600.5 575.4 559.5 539.9 525.1 506 480.2 455.3 435.4 419.6 397 381.1 359.8 341.9 324.9 310 300.2 287.3 285.7 294.6 307.1 314.4 326 334.3 343.9 338.8 336.3 342.2 346.4 349.9 355.9 351.6 355.8 359.4 367.9 371.3 375.8 384.8 397.7 414.7 429.5 442 449.4 465.9 481.2 483.5 484 482.9 474.5 457.7 447.9 446 446.6 453.4 457.6 466 474.7 491.9 506.7 524.5 539.5 548 568.7 586.2 599.3 609 623.2 629.8 632.9 640 645.7 649.6 657.7
686.3 683.2 670.8 651.9 624.3 601.1 577.1 554.1 529.6 509.9 480.1 448.4 428.4 408.6 392 374.9 359.7 348.1 325.1 311.9 297 289.1 293.6 300.4 314.5 322 331.9 341 353.8 355.6 361.2 362.6 372.2 376.4 380.5 385.8 389.1 390.3 393.9 397.1 403.9 409.9 415.5 428.8 444.6 456.1 468.9 475.7 482.8 486.8 491.7 485.2 481 466.8 452.3 445.6 449.9 446.1 449.7 453.8 461.5 476.3 490.9 509.2 527.7 550.2 565.7 574.9 589.6 598.4 611.2 618.3 627.8 634.5 641.8 647.9 655.7 661.6
694.6 686.9 677.6 654.6 630.7 602.1 567.6 538.5 511.6 488.8 460.8 424.1 406.1 384.4 372.8 358.3 344.4 326.9 317 303 294.1 299.5 306.9 314.5 328.6 345.7 350.8 360.7 365.5 378.3 385.9 393.6 402.1 411.6 428.6 423.6 425.3 427.1 432.9 436.6 439.8 442.7 447.2 462.1 477.6 481.1 482.1 483.5 487.9 489.1 487.6 486.9 479.5 463.3 448.5 448.9 450.8 449.1 447.8 453.3 462.2 476.5 493 510.9 531.4 553.1 569.7 583.4 597.9 607.9 614.2 623.1 629.4 637.2 644.2 650.3 657.4 666.7
702.5 694.4 682 661.3 631.6 606.8 556.5 524.7 499.5 467 432 405.1 390.6 373.9 360.8 346.7 340.6 322.6 308.7 297.3 307.1 313.6 317.6 328.9 341.3 354.9 364.1 375.6 390.4 400.4 411.7 428.3 438.9 457 489 491.9 478 471.1 478.9 481.3 480.2 482.9 483.5 491.3 490.1 484.6 485.1 484.2 486.4 488.9 483 485.3 476.1 462.2 452.1 451.2 451.9 452 449.5 454 464.4 477 494.2 511.3 531.9 555.1 573.6 591.4 605.5 615.2 620.2 628.3 634.4 638.3 645.4 652.6 658.1 666.4
713.3 705 697.6 665.7 626.7 591.2 550.8 519.5 486.3 452.4 421.6 398.2 378.4 364.1 352.1 334.2 321.5 309.3 305.6 307 315.5 323.2 330.4 344.8 357.1 366.9 381.2 395.2 409.6 426.5 442.8 459.8 472.9 490.4 505.1 507.6 509 508.9 508.8 510.7 509.2 503.1 496.8 495 490.1 479.9 478.1 478.2 481.3 484.4 479.4 480.1 472.6 463.9 459.6 457.6 460.3 453 453 451.8 466.5 477.3 490.9 510.7 530.6 559.1 580.7 598.4 610 619.5 623.9 634.1 638.6 643.7 647.6 652.5 660.2 668.2
721.5 717.2 691.1 653.6 619.5 590.6 558.3 517.1 475.8 437.4 409.5 385.2 372.5 359.1 338.9 325.4 309.8 314.9 315.6 321.4 328.3 348 348 361.7 373.6 385.8 400.8 417.3 434.4 455.3 469.8 485.1 497.6 505.1 512.3 518 520.9 521.6 522 521.8 517.3 507.6 495.5 489.2 478.2 470.5 469 472.9 475.6 477.4 480.6 478 473.7 465 461.1 467.7 467 461 455 457.2 470.7 482.1 496.2 511.4 534.2 562.2 588.1 606.3 617.8 624.3 629.1 636 642 648.1 654 661 665.9 670.9
728.1 719.9 682.5 644.8 615.3 587 554.1 500 464.5 429.1 400.5 380.4 366.1 353.9 334.7 322.4 320.8 326 327.9 338.1 347.3 361.6 369.6 386.6 395.4 407.8 423 442.6 462.7 478.7 490.3 499.9 510.4 517 523.6 528.2 531.5 533.5 531.6 526.1 517.7 503.9 484.1 474 465 455.3 458.8 464 468.2 470.4 478.1 483.3 478.2 476.4 472.3 469.1 466.5 466.9 459.9 458.7 473.2 484.9 497.9 509.2 533 565.9 591.9 610.5 622.1 630.6 636.4 641.7 649.3 654.2 660.2 666.3 670.9 674.5
730.6 716.6 676.3 641.3 611.2 576.1 539.6 487.3 451.3 420.6 393.1 376 363.3 348 337.1 336.6 330.8 341.7 346.2 359.9 368.7 380.2 394.3 408 418.6 430.8 449.9 466.4 481.6 494.3 505.6 512.8 521.4 525.4 531.3 536.8 540 539.3 536 529.3 514.6 493.6 475.5 459.5 447.8 441.7 444.9 452.4 464.5 461.9 466.6 475.8 478.8 478.8 477.2 476.6 472.4 469.3 464.9 466.7 478.3 484.2 495.6 508.3 532.7 562.8 591.6 610.9 622.6 633.5 638.5 644.9 651.5 658.3 665.1 670.4 675.2 678.7
731.4 712.9 678.8 643.1 611.9 569 515 472.1 442.4 414.7 387.8 373.4 359.4 347.8 345.4 344.2 343.5 347.9 362.4 373.8 388.4 403.9 416.3 428.5 440.9 457.2 472.3 484.6 496.9 505.7 517.7 523.4 529.8 534.1 540.8 544.6 548.2 547.5 542.8 528.7 506.4 482.8 460.6 449.1 435.4 432.8 432.2 441.5 462.3 461.1 463.2 474.5 483.6 484.4 485.1 487 478.7 475.8 471.7 468 480.7 486.3 497 512.9 533 559.4 587.6 609.5 622.3 633.5 640.2 647.1 654.4 662.1 668.8 674.4 678.5 681.2
728.6 708 682.9 646.2 602.4 556.8 504.3 467.6 436.6 411.1 388.8 371.8 360.8 353.9 357.6 356.3 357.1 366 376.1 390.4 405.7 419.8 429.4 442.8 458.1 471.8 485.4 496.1 507.3 517.1 525.8 530.9 538.5 543.1 549 552.2 555.5 554.4 544.3 529.3 498.5 469.5 449.8 438.9 432.4 433.7 431.4 435.9 452 452.4 462.6 475 487.2 491.6 493.1 494.8 493.2 483.8 479.6 476.9 486.8 489.2 495.7 515 530.8 554.9 581.2 605.1 620.9 632.6 641 650.5 657.9 664.7 671 676.7 681.1 683.6
722.1 699.7 674.8 642.3 601.2 549.4 501.5 465.4 434.8 408.2 387.2 374.8 366.3 363.4 368.4 366.3 369.8 381.1 388.5 404.4 419 430.5 444.4 455.6 470 482.5 495.8 505.6 515.9 525.3 532.4 537.2 543.9 549.4 555.4 560.6 560.7 557.1 544.2 523.2 487.4 454.9 442.6 435.6 431.8 430.8 431 438 449.8 454.5 462.7 474.9 488.6 498.3 502.4 503 503.9 495.2 488.9 486.2 489.6 495.5 501.7 514.8 529.8 555.8 579.5 600.8 619.8 633.1 642.7 654.4 661.6 667.9 673.3 678.9 683.5 685.9
706.5 685.3 667.6 632.6 599.6 542.2 499.6 466.7 434.2 408.9 392.4 380.6 374.5 371.3 379.6 374.3 387 399.2 407.7 416.6 429.6 444.1 458.4 468.5 481.2 493.5 504.6 514.9 523.4 531 536.2 542.6 548.1 555.2 562.2 566.1 564.5 560.9 541.3 510.9 476.4 451 430.5 429.2 430.6 430.3 431 439.3 446.8 457.3 464.9 482.9 494.5 504.7 508.6 510.9 511.7 510.5 502.5 493.9 497.1 499.1 502.6 515 531.1 550.8 577.7 596.1 615.2 630.8 644.5 656.7 664.5 671.3 676.5 681.4 685.8 688.4
689.7 671.4 656.5 616.4 577.9 536.1 493.4 459.6 431.9 413.7 402.6 397 393.7 389.5 389.2 391.1 387.7 407.8 419.2 425.9 440.2 455.7 470.5 483.5 485.3 501.1 511.6 520.8 530.1 536.4 540.1 546.8 553.8 561.3 569 570.4 571.4 568 534.3 498.8 475.5 447.2 428.5 426.9 429.3 434.5 433 442 445.2 454.9 471.6 486.2 498 510.7 514.2 521.4 520.6 518.9 519.4 507.6 499.9 506.4 507.4 517.5 530.3 550.2 572.1 592.1 610.4 628.4 644.1 656.8 666.3 673.1 678.5 683.1 687.9 690.5
674.1 656 625.4 592.7 558.8 523.2 482.7 451.5 435.1 428.4 427.3 421.5 415.9 410.8 404.9 403.9 401.8 414.8 426.5 440.7 451.2 466.4 482.1 492.4 495.5 506.6 517 525.1 534.1 541.4 545.4 549.7 556.4 564.8 572 573 572.2 548 512.6 489.1 473.7 440.9 426.4 428.1 433.4 431.3 432.4 442.2 452.2 468.7 483.4 498.1 504.4 516.5 524.5 528.1 530.3 531 530.9 522.1 513 512.1 513.7 523.1 538.6 554.7 572.7 589.2 608.2 625.8 643.5 656.5 668.1 674.2 679 684.4 689.3 692.2
652.2 629.6 602.8 570.3 535.1 498.3 471.6 462.7 461.8 458.5 453.7 447.2 438.6 428.8 423.2 417.3 415.1 422.2 438.3 449 462.5 476.6 489.5 495.6 503.7 511.3 521.1 529.5 537.8 546 548.5 552.1 558.9 566.9 572.7 578.6 568.2 539.3 502.1 480.1 458 434.6 429.1 431.4 433.5 439.5 438.5 447.7 458 474.1 489.7 509.6 520.6 523.3 529.6 535.3 536.2 539.6 538.1 531.6 523.9 519.9 523.4 530.1 544.5 559.7 573.1 586.7 607.4 625.8 641.9 654.9 668.4 676.2 681.7 686.4 691.2 694.6
631.8 610.9 583.4 541.3 516.7 508.2 500 494.1 493.5 489.4 480.8 475.2 463.7 449.2 440.5 431.5 431.6 439.2 448.3 458.9 472.8 489.7 497.2 501.8 510.8 518.9 526.3 533.8 543.6 549 551.2 554.6 561.2 568.3 572.1 572.6 562 528.5 491.7 477 456.1 431.6 426.4 431.7 434.7 436.6 450.5 453.8 466.9 482.3 499.7 514.4 523.8 528.3 533.5 538.6 540 542 541.5 538.5 533 531.1 536.6 537.6 549.9 564.6 575 588.1 607.1 624.6 641.6 655.7 667.3 676.6 682.8 688.4 692.9 696.7
