GeneralExemplars/GeoExemplars/LakeDistrictData/data/LakeDistrict/terrain-50-dtm_3563996/ny/NY20.asc
ncols 200
nrows 200
xllcorner 320000
yllcorner 500000
cellsize 50
[rows 140 to 174 of 200, columns 0 to 77 of 200]
384.9 381.1 381 379.5 374.6 374.9 373.2 370.5 368 367.7 359 353.6 354.4 342.1 339.5 359.3 349.1 335.1 325.1 316.1 298.8 297 308.3 321.3 333 331.2 320 316.4 321.4 323.7 322.7 323.5 324.5 327.4 335.9 338.1 339.2 334.7 313.7 312.1 304.8 295 236.2 213.4 194 174.6 161.9 158.5 156.6 152.2 169 179.6 196 215.8 243.5 269.1 297.3 328.1 369.5 435.8 446.3 456.6 460.7 472.5 470.1 467.7 472.7 468.8 467.6 467.3 469.1 469.6 466.2 444.1 422.7 401 382.6 365.4
377.7 377.1 377.9 375.2 375.5 372.4 379 375.6 373.7 366.8 359.1 352.2 348.9 339.2 335.3 330.1 325.3 322 313.8 300 293.1 304.4 316.1 324.9 324.8 319.4 311 319.8 323 328.9 334.9 327.9 321.3 329.4 336.7 317.5 312.5 319.2 295.2 284.3 269.2 232.6 208.2 187.9 166.7 159.8 152.4 152.9 152.5 158.5 172 188.8 206.7 229 253.1 277.6 308.2 337.3 367.4 435.5 464.8 459.4 461 464.1 462.1 462.6 466 468.3 471.9 477 470.9 470.4 462.2 447.2 430.1 409.3 388.5 371.4
369.5 367.9 371.8 369.6 369.3 374.4 378.4 382.2 382.8 378.5 370 359.3 354.2 341.7 334.2 327.1 319.5 314 304.1 293 295.5 302.7 303.8 318.2 312 302.4 308.6 322.1 321.8 336.4 341 332.9 325.5 319 316.3 308.4 300.7 292.2 276.4 256.6 234.1 208.4 185.8 169.7 155.4 149.6 147.3 150.6 155.5 167.1 180.2 200.8 225.2 244.9 264.3 289.7 318.6 344.3 372.9 407 443.1 455.3 455.9 461.3 464.4 463.6 463.9 466.5 466.9 468.8 469.6 467 461.8 456.9 436.3 414.6 394.7 375.5
345.9 346.5 346.6 358.8 367 380.7 387.7 389.6 383.9 381.3 382.2 370.6 358.1 345.6 334.3 328.8 329 315.3 297.8 289.7 297.2 291.8 298.7 302.1 296.8 296.8 311.7 317.5 329.8 335.8 330.5 329.7 333.9 326.2 307.1 289.6 284.4 273.1 249.6 234.4 208.4 186.6 165.6 155.7 149.9 147.2 151.5 157.3 166.1 176.1 192.4 212.3 244.6 260.3 280.9 298.9 326.3 351 372 406.4 430.3 446.3 456.3 469.9 471.1 470.7 474.1 472.9 478.5 473.8 468.3 465.2 464.8 451.5 436.8 418.8 401 381.9
324.5 336.8 339 349 362.6 381.2 386.9 390.7 386.7 381 378.1 377.5 367.4 345.1 336.6 328.1 324.7 318.8 297.5 290.2 288.1 286.5 289 285.3 284.7 293.7 305.9 303.5 317.2 318.3 320.1 315.1 329.7 303.3 281.4 263 251.8 238.2 220.8 209.3 188.9 165.9 150.1 146.4 144.4 147.7 154.2 165.1 176.6 189.5 205.4 224.5 242.2 269 293.7 315.4 335.7 354.5 391.2 425.1 454.5 457.7 471.6 482.4 484.6 486.8 486.3 483.5 486.6 481.6 477.3 468.5 465.1 452.2 444.4 427.4 406.4 385.9
319.5 322.8 329.9 342.2 373.6 385.6 389.6 394.1 387.3 379.9 378.8 380.8 371.5 347.2 335.2 320.9 319 313 299.2 290.6 274 281.2 280.7 279 276.6 275.9 283.6 277.7 271.1 267.4 264.2 260.3 268.1 281.2 253.4 238.1 229.6 213.5 192.7 181 175.2 148.5 144.1 142.7 144.3 149.2 161.4 175.4 190.1 203.9 218.7 238.7 258.2 281.4 304.8 327.6 351.1 388.3 407.7 448.1 462.8 463 476.5 483.7 498.6 502.6 501.8 495 497.3 488.7 483.1 479.3 469.4 461.2 447.1 429.6 410.1 389.5
313.6 316.4 326.8 341.5 366.6 385.3 391.3 389.5 383.8 384.5 373.8 379.9 374.4 343.2 328.7 314.8 316.6 301.8 297.5 292.4 282.2 261.8 268.2 263.9 254.2 257.9 253.8 248.4 241.8 233.1 226.1 223 224.6 224.3 217.7 212.7 210.5 195.7 171.4 154.7 151.5 141.4 141.1 142.9 151.3 162.8 176.4 193 203.6 218.6 236.9 253.3 275.5 296.8 317.9 342.9 370.9 422.4 432.9 449.4 463.5 471.2 478.8 494 504.9 507.6 507.6 502.5 503.3 496.1 490.1 485.4 474.7 460.3 451.5 430.2 413.8 394.3
307.6 314.9 320.6 341.9 353.4 382.7 379.7 385.2 371.5 372.1 368.6 376.5 360.5 332.5 320.7 307.6 301.2 299.8 303.2 297.7 291.9 262.7 241.6 248.3 237.4 236.5 230.4 218.9 211.5 206.8 199.1 198.3 197.3 192.9 190.4 188.5 193.5 174.7 152.6 138.4 137.2 139.8 143.6 154.8 165.5 177.8 194.9 213.8 216.1 238.2 251.5 270.6 289 310.9 335.3 370.3 397.4 428.6 453.1 472.1 471.5 481.9 483.5 500.9 510.1 515.9 509.7 502.8 507.8 497.7 494.5 486.8 474 461.9 443.8 429 414.1 400.6
315.4 321.7 327.2 339.1 352.7 355 366.1 371.5 366.5 365.3 352.8 359 356.2 318.7 307.4 300.7 302.7 301.2 305.3 295.4 278.7 275.3 249.8 225 230.7 219.9 210.4 200.8 191.3 185 181.4 178.5 177.4 172.2 165.4 168.9 171.1 153.5 135.6 135.4 139.3 149 159.5 174.4 184.1 190.9 213.1 231.2 242.4 251.8 271.3 289 307.2 323.5 346.4 379.4 407.9 458 465.6 476.9 488.3 488.6 494.7 508.4 524.1 523.9 517.4 505.6 501 498.9 501.1 493.4 480.3 457.6 439.9 424.4 406.6 389.1
301.7 319 322.2 335.8 350.3 353.7 362.1 352.1 345 336.5 336.3 333.8 317.8 305.3 297.3 299.4 304.9 291.4 289.5 282.7 277.6 266 244.1 214.9 214.7 203.4 197.7 190.2 180.4 174.6 169.9 166.9 167.7 157 151.8 152.2 152.4 136.5 131.4 136.1 144.9 155.6 169 185.6 205.7 217.1 227.8 246.6 261.1 269.7 282.9 303.9 322.5 339.5 360.8 390 426.7 452.1 468 481.3 493.9 508 513.6 520.2 530.6 531.8 521 511.8 502.5 494.9 492 485.8 467.1 448.9 434.6 418.9 403.7 388.1
301.7 318.6 327.6 332.5 352.6 368.7 363.3 350.7 338.2 328.2 325.5 319.3 311.9 297 290.1 290.5 292.1 286.8 278.1 278.6 276.7 254.9 246.6 225.8 201.9 188 181.3 178 169.6 161.5 157.5 156.7 153.9 146 147.5 140 139.6 131.3 132 138.4 152.5 164.7 180.4 196.5 216.4 247.7 244.1 259.4 277.2 281.4 296.1 308.5 333.2 351.4 369.9 402.7 433.5 454.5 467 476.9 501.8 517.2 527.4 530.2 533.5 538.3 522.6 513.5 506.1 489.7 481.5 475.3 450.1 434.9 424.2 412.7 402.1 389
305.2 322.4 339.7 348.5 362.6 364.7 350 344.2 343.5 334.5 320.4 316.4 302.2 290.8 288.5 287.1 295.3 289.4 281.3 265.2 259.6 245.9 234.8 221.4 209.2 194.3 175.8 155.8 155.1 146.7 147.8 143.7 141 144 139.6 133 130.5 130.2 138.6 148.6 161.8 178.4 194.1 213 236.6 266.8 271.6 272 286.1 302.9 314.8 326.5 334 355.9 379.6 411.6 450.6 460.2 464.7 481.9 509.6 522.6 539 538.8 537.9 535.7 514.1 508.5 497.5 481.5 468.6 456.7 439.7 427.4 419.7 410.8 399.3 388.2
328.5 339.3 352.6 363.7 357.4 355.6 360.1 359.9 350 328.9 321.9 313.1 303.5 294.7 291.1 286.7 295.7 298 281.6 266.3 251.3 236.6 225.3 214.5 202.4 186.6 173.6 154.9 136.6 137 140.8 133.2 133.2 138.4 127.6 125.4 129.3 136.5 146.6 154.2 167.6 182.7 202.1 229.8 254.7 281.4 292.2 291.6 304.4 309.5 325.2 335.1 346.6 369.6 389.4 412.9 433.7 453.5 475.1 489.5 520.4 528.3 531.7 545.7 541 521.7 503.7 494.5 489.2 472.2 459.5 446.1 432.8 424.2 416 407.4 395.8 384.2
343.3 353.3 354.3 345.2 343.2 343.9 348.1 350.1 336.6 321.7 318.4 315.1 306.5 308.1 288.5 284.5 289.2 285.7 269.3 253.7 235.4 227.1 221 209.1 196.3 180.3 162.6 149.3 137.3 125.4 130 128.9 128.6 130.9 121.7 130.1 134.5 138.9 144.8 155.2 169.4 185.8 215.2 250.8 280.8 288.8 307.7 307 313.8 325.7 335.9 349.1 368 383 398.9 422.8 443.9 468.8 503.8 510.9 522.3 528.2 528.2 531.4 531.3 513.2 497.9 488.2 478.7 463.5 452.3 440.4 427.5 424.3 415.4 405.1 394.6 384.7
329.3 344.4 340.9 332.3 335.7 345.2 347.5 335.5 326.5 318.1 314.8 308.1 314.6 295.2 287.7 282.3 292.1 286.6 266.5 244.5 227.6 218.5 210.1 201.1 188.7 170 154.6 144.5 134.2 124.2 119.6 121.2 114.7 117.2 123.2 131.4 134 138.2 146 158 170.6 190.3 219 288.2 303.5 309.4 321.1 324.2 331.5 337.9 354.4 362.2 376.5 390 408 431.8 452.1 468.2 500.5 515.5 527.3 536.2 531.8 529.6 524.1 505.3 494.7 487.4 473.1 459.1 448.5 436.1 425.2 417.1 419.6 402.3 394.8 386.6
324.1 333.4 328.8 320.7 332.4 335.7 340.1 336.1 326.3 314.7 302.6 308.8 296.6 286 285.6 277.5 276.7 269 251.4 234.6 219.3 209.5 198.9 190.1 176.4 165 146.6 137.2 133.3 124 114.5 114.4 115.4 118.3 125.1 130.3 134.1 143.2 151.2 164 176.9 197 227.7 279.4 319 330.6 342.5 349.3 347.1 359.4 369.3 386.6 397 409.4 420.4 439.3 456.9 481.3 499.6 511.1 526.3 536.7 533.2 526.5 517.8 501.9 488.7 479.9 467.3 455.2 443.7 434.5 425.3 415.8 408.5 399.8 395.1 391
324.9 329.7 317.3 318.3 320.4 329.1 337.7 327.5 326.2 304.9 300.2 291.8 290.6 288.8 286.7 278 265.8 249.2 237.1 223.2 210.8 201.4 189.1 176.8 167.8 153.9 140.3 131.1 128.9 120.6 112.2 113.5 115.4 123 128.2 130.7 141 151 158.4 170.1 185.7 207.8 237.8 273.8 325.5 348.8 361.7 370 368.9 375.5 383.2 396.9 413.5 424.4 431.9 442.6 459.3 487.8 498.9 512.8 523.3 526.7 527.2 519.2 507 498 483.8 473.1 461.4 452.3 442.8 438.3 428.4 418.1 408.5 398.3 394.4 394.2
321.8 322.5 311.9 308.1 321.4 335.3 313.6 309.9 309.2 285.6 289.4 283.8 284.1 292 274.9 278.5 267.2 243.1 226.5 217 210.1 200.5 182.8 170 156.2 142.1 133.1 125.8 123.4 116.7 110.5 114.1 116 124.9 128.3 138.1 144.9 152.3 162.2 178.2 201 222.6 253.1 288.8 328.3 354.3 374.4 387.8 382.6 387.2 399.5 410.3 421.3 430.3 443.9 461.9 477.8 485.5 499.8 503.2 506.4 516.4 516.3 507.7 498.3 495.4 480 463.9 456.4 450 444.9 436.4 430.6 415.1 402.4 390.8 390.9 391.3
314.8 309.7 303.8 307.9 319.7 317.5 308.4 300.3 283.6 281.1 281.5 284.4 294.2 289.1 270.6 270.2 258 239.7 224.9 209.9 203.6 194.7 178.8 160.9 148.7 135.7 126.1 121.8 116.1 107.6 111.6 112.7 118.3 123 131.9 141.3 150.1 157.1 171.7 186.4 209.4 239.3 273.3 324.4 349.1 362 383.2 395.3 399.5 399.6 421.7 436.1 439.4 448.2 455.2 477.9 498.8 493.6 499.8 497.3 496.9 495.2 497.2 510 493.5 480.5 470.1 459.3 450.8 447 439.3 429.3 419.2 406.2 394.2 383.9 374.2 377.9
299.2 295.8 302.6 310.1 310.4 291 287.3 284.7 275 275.7 276.8 303 295.9 282.7 264.9 262.2 250.3 232.8 215.7 201.4 201.2 184.9 167.6 151.2 137.7 130 121.6 118.6 107.7 103.4 110.2 111.1 117.6 124.8 137.6 148.9 151.3 163.2 175.3 195.2 220.4 252.8 294.1 341.2 355.8 370.4 381.9 399.3 400.5 419 441.1 452.4 462.2 475.7 481.4 491.1 500.7 497.1 504.8 498.9 495.7 492.7 492 489.3 482.3 476.4 472.2 459.5 446.3 444.4 439 420.7 412.4 398.4 389.3 374.2 367 361.3
283.2 292.6 292.3 285.9 281.5 281.2 286.7 269.5 271.9 275.4 272 305.2 287.4 278.5 266.3 247.6 238.6 221.1 213.2 198.7 192.2 175.6 156 142.8 131.6 125.3 117.5 112.3 106 103.9 109.2 109.5 111.8 123.4 133.1 143.2 157.5 172.5 187.1 207.4 234.8 266.7 331.2 333.9 345.2 368.4 376.2 389 408 429.3 444.6 471 483.4 504.8 506.1 506.2 499.4 496.7 500 515.8 507.6 509.5 485.9 479.4 472.2 468.4 463.5 452.8 444.3 436.2 429 415.9 399.7 386.2 376.8 362.7 351.9 343.1
269.5 279.9 265.9 258.8 261.8 273.7 263.1 273.3 277.9 275.6 271.8 277.1 275.6 269.6 262.3 243.2 227.5 213.6 202.3 189.8 179.1 164.8 146.7 135.2 125.8 118.1 115.8 109 103.6 106.9 106.8 108.2 110.5 119.6 132.4 146.1 161.1 174.6 195.8 218.3 250.6 281.2 309.8 323 340.6 354.8 377.4 388.8 409.3 437.5 456.5 473.8 504.3 511.4 512 513 512.8 496.4 498.1 509.4 504 503.9 485.9 479.4 472.4 464 459.3 455.7 444 434 419.5 409.1 393 377.5 363.3 348.9 339.6 329
257.3 255.6 256 249.2 264.7 252.9 259.9 268.2 284.4 274.6 271.8 276.5 267.7 253 248.8 239.8 217.1 211.5 193.3 185.5 172 156.6 141 128.9 119.5 112.8 110.4 103.6 99 103.7 106.3 107.5 117.2 128.8 138.2 149.8 165.9 183.7 206.2 232.2 262.8 296.8 306.3 312.3 336 348.1 374.3 382.8 409.3 429.7 459.2 496.1 508 513.6 514.3 515.6 518.6 505.9 496.5 502.2 496.5 494.3 485.5 481.1 471.8 466.8 462.4 451.1 438.8 429.9 411.6 404.5 390.8 372 349.2 334.7 323 315.2
244.5 235.4 235 238.3 243 249.6 255 270.9 290.4 277.6 267.6 271.2 264.8 250.9 247 228.6 210.1 204.4 189.4 177.5 164.5 147.6 133.1 123.6 114.6 109.8 104.3 99 102.3 105.2 104.9 114.5 126.1 133.5 141.3 155.3 172.5 192.3 220.4 250.6 281 292.8 302.2 309.9 319.4 332 375.7 392.9 401 432.2 440.6 471.9 486 484.2 489.2 500.8 507.4 510.8 502 491.5 488.9 489.3 478.7 483.4 466.8 458.4 457.6 451 431.8 418.8 404.5 388.2 375.1 356.1 336.6 323.4 308 300.2
229 228.5 231 229.4 236.1 248.3 256.6 296.4 303.8 291.7 279.3 266.1 258.8 249.3 245.3 223.7 208 195.5 180.2 165.3 150.6 134.7 123.4 117.6 111 106.8 101 100.3 101.7 102.9 103.3 111.3 118.7 134 151.4 167.9 185.3 208 242.2 288.3 286.8 290.2 295 308.6 316.1 322.4 335.3 365.5 382.2 426.1 426.7 440.8 465 463.3 469.5 480.6 498.3 509.3 510.9 500.4 481.7 479.1 475.1 473.9 460.7 462.6 451.2 444.7 420.8 408.7 403.1 383.1 359.7 342.6 326.6 309.5 299.2 286.1
233.3 224.3 230 227.7 239 252.6 276.3 299.7 295.8 285.1 278.8 264.9 266.3 244.1 238.1 214.8 200.5 185.1 168.8 149.3 135.1 125.9 120.5 115 108.1 103.3 97.6 102.7 101.3 101.3 106.4 114.1 125.4 139.7 156.9 177.8 200.7 227.9 271.3 283.3 284.5 289.5 288.1 290.8 296.6 310.4 320.2 343.8 352.6 392.9 411.2 414.2 425.6 446.3 447.3 450.3 489 502.8 511.3 502.8 493.6 474.5 464.6 467.9 452.6 446.8 449.7 424.5 401 386 379 365.4 348.4 329.7 317.6 302.1 287.2 277.3
222.2 228.5 219.6 230.8 232.2 261.4 270.8 285.3 276.5 279.1 266.2 258.7 252.8 239.8 234.3 210.1 188.7 170.6 152.3 135.9 123.7 115.9 111.3 106.2 102.8 99.7 98.9 101.6 100.2 101.1 110.1 119.9 133.3 149.3 168.3 187.7 214.5 250.9 275.4 277.6 279.4 279.4 280.8 282.5 296.6 300.4 309.5 323.8 333.1 346.1 377.9 398.9 406.7 422.9 427.5 431.2 459.2 498.2 489.6 496.1 494.4 488.8 461.7 445.6 440.4 429.7 427 407.3 383.4 368.4 352 346.8 333.3 317.8 305.1 291.3 279.9 270.1
217.5 215.4 203.2 220.9 234.9 268.5 268.1 270.5 264.1 265.5 243.5 249.9 240 222.6 225.1 199.8 177.4 157.4 136.7 120.6 108.5 105.2 102 100.7 99.6 96.8 99.6 100.3 99.1 104.8 113.6 126.2 139.8 157.5 176.4 199.8 228.9 258.2 268 269.8 272.4 275.8 276.6 277.6 289.8 290.1 299.6 312.2 314.7 327.1 349.2 365.4 383.1 401.3 405.4 413.3 422.5 480.1 470.1 475.3 479 476.1 453.7 435.7 427.2 408.5 400.3 385.9 369.3 355.6 341.6 327.9 317.3 306.6 287.3 281.6 271.1 260.1
209.2 197.1 194.4 210.9 232.1 249.8 256.1 257.8 257.6 244.1 242.8 231.1 220.2 216.7 206.7 185.7 168.4 148.3 125.6 111.3 105.1 101.3 99.3 98.8 97.4 94.9 97.6 99.2 98.9 109.6 120.3 133.4 150.2 170.1 191 217.4 255.5 262 262.8 261.9 266.4 270.9 265.4 269.5 271.5 276.2 282.3 293.5 306.4 311.8 323.6 336 361.8 369.4 378.6 390.7 401.7 443.2 438.5 442 447.9 447.2 439 421.6 415.7 402.7 388.3 371.1 357.6 351.8 338.8 322.3 312.8 305.3 297.1 286.8 271.9 257.8
191.9 197.1 193.8 196.9 217.9 237.9 240.4 261.1 247.6 229.7 226.6 216.6 204.7 195.7 193.4 178.1 157.2 136.3 119.5 106.6 101.2 98.6 96.4 96.6 95.5 95.5 97.4 98.3 102 113.9 128 141.8 159.4 185.1 216.7 242.8 254.7 257 256.6 257.7 256.4 254 254.9 256.5 260.2 263.9 272.6 283.8 290.2 297 309.2 318.4 335.9 342.6 353.4 365.5 380.6 400.9 397.4 400.5 402.3 409.4 415.5 404.2 401.1 386.8 377.2 365.3 356.1 351.8 342.6 331.9 319.6 305.9 296.5 289.7 269 245.1
195.2 194.7 198.3 210.2 215.1 232.2 239.8 234.2 229.1 218.6 213 205.4 196.3 187.4 184.3 165.1 143.2 120.3 109 103.5 98.8 92.3 92.4 93.5 93.9 95.8 94.6 98.7 110.1 122.8 135.4 150.2 172.1 218 236.7 248.4 251.1 252.2 251.8 250.1 247.4 245.8 250.1 255.6 255.6 257 268.3 273.1 275.9 281.1 290.2 301.1 313.7 329.6 341.7 354.4 364.5 368.8 373.5 378.7 384.6 388.4 391.1 390.8 387.8 377.5 373 365.1 357.1 353 344.8 333.2 322.3 305.3 291 277 261.4 249.4
200.9 199.6 210 213.8 222.3 227.8 237.8 230.8 214.5 207.6 205.3 194.2 181.1 181.4 167.3 145.4 126.1 110 104.8 100.9 96.8 91.1 92.1 93.1 93.1 95.8 97.7 105.8 115.8 127.9 141.1 158.2 186.7 217.1 231.3 247 246.7 247.7 246.1 240.8 239 240.3 242.5 247.2 250.7 251.1 258.4 260.5 262.8 268.9 273.5 279.3 291.3 311.9 333.4 353.6 364.9 372.4 379.1 384.1 390.6 396.2 400.3 387.7 381.3 376.8 367.4 367.5 355.2 344.2 337.2 325.5 317.3 303.6 287.4 268 250 243.5
214.8 209 214.9 218.2 234.6 228.5 226.5 214 206.3 195.6 186.4 176.2 165.5 157.8 147 130.9 112.2 103.9 99.2 97.7 93.2 90.9 91.6 92.8 93.9 95.2 98.5 104.5 116.3 128.4 144.6 165.9 193 220.6 225.1 232.2 236.8 240.8 238.4 233.1 232.5 234.9 238.4 243.1 241 244.7 246.1 254.2 260.3 270.4 275.7 294.8 322.5 333.1 350.9 370.6 388.3 386.1 380 381.2 393.5 394.9 395.3 382.6 374.6 370.3 358.4 355 343.5 336.8 327.5 317.4 308.1 293.1 277.6 260.7 239.6 234.6
223.3 228.5 221.6 214.4 224.4 218.6 212.8 205.3 186.5 177.9 162.1 152.3 142 135.7 124.5 112.2 104.8 98.9 92.4 89.6 90.3 90.7 90.8 93.3 93.3 94.8 100.7 105.5 116.5 132.4 151.1 176 197.1 208.4 217.5 219.3 221.4 222.7 227.1 227.5 222.3 230 238.5 248.1 249.4 255.6 260.1 264.7 266.8 275.4 288.5 305.2 351.2 369.6 378.8 385.6 395.5 395.1 386.6 384.7 384.4 385.4 386.7 375.8 366 355.1 349.8 339.1 334.9 329.6 320.9 310.7 298.5 285.1 267.5 248.2 227.8 228.5
223.9 228.5 227.4 214.9 206.1 199.3 189.8 180.5 174.9 162 144.9 135.9 127.7 116.6 105.6 101.2 101.5 92.1 87.6 89.1 90.9 91.8 92.4 92.8 93.4 98.7 100 106.4 121.1 138.8 159.7 185.9 193.4 203 206.4 212.9 215.3 218 214.2 220.1 230 238.6 248.3 254.1 261.5 267.9 278.6 277.3 283.3 290 301 319.6 351.4 381.7 386.4 390.2 395.5 392.3 388.7 379.3 377.5 373.9 371.5 360.6 351.6 345.5 340.2 329.8 322.7 316.4 309.4 304.9 290.6 277.6 262.7 243.5 227.3 222.6
