GeneralExemplars/GeoExemplars/LakeDistrictData/data/LakeDistrict/terrain-50-dtm_3563996/ny/NY20.asc
ncols 200
nrows 200
xllcorner 320000
yllcorner 500000
cellsize 50
[rows 140 to 174 of 200, columns 78 to 155 of 200]
353.3 339.8 331.5 325.9 322.3 321.6 322.6 337.1 353.4 369.9 389.2 405.3 428.4 452.1 475.7 498.3 529.5 549.2 564.6 579.2 594.9 600.3 601.3 601.7 600.8 608.5 618.4 607.1 590.7 562.6 549.1 523.9 506.9 494.2 483.2 483.7 485.6 489.3 489.4 493.8 498.2 503.2 511 520.9 529.7 538.8 544.3 551.8 557.5 559.9 569.7 573.6 572.8 570.7 575 570.6 557.9 551.1 546.1 535.6 515.8 498.8 493.2 481.7 454.8 445.2 426.5 411.7 396.2 404.7 415.5 422.8 429.4 431.9 430.5 428.7 435.4 435
357.8 344.3 334.7 329.1 323 322.2 325.6 335.8 347.2 361.6 378.4 396.7 414.1 436.4 460.2 482.9 513.4 533.7 549.5 565.9 578.9 584.9 591.3 590.5 591.6 588.2 590.5 582.2 568.6 562.3 542.5 519.5 496.8 484.4 478.8 467.1 473.1 474.1 477.8 482.7 486.9 488.3 501 510.5 520.9 528.9 537.6 542.1 550.9 553.2 559.6 559.5 560.8 560.6 565.9 557 551.8 543.6 538.5 522.1 500 488.9 486.6 472.9 460.7 424.3 412.2 401.7 384.4 396.6 409.3 418.6 425.2 416.5 420 421.6 423.1 418.9
359.2 347.3 338 330.3 324.9 321.9 325.6 332.1 342.6 353.7 368.4 387.8 403.9 420.2 442.2 469.4 498.2 519.6 535.2 547.7 559.8 567.7 575.6 579.4 583.4 583.6 579.2 570 556.7 544.6 530.3 497.3 485.6 476.2 466.5 444.5 462.1 461.3 463.7 468.2 470.4 471.3 487.1 500.2 510.1 519.1 527.9 533.1 546.7 552.1 551.8 553.5 554 557.1 554.7 553.2 543.7 536.3 514.8 500.3 481.3 473.8 471.2 453.1 433.6 411.2 396.5 388.4 377.1 380.7 391.9 400.4 409.5 413.3 406.5 406.2 420.8 417.6
363.4 347.4 339.6 331.6 324.9 318.7 323.5 329.2 336.8 345.8 356.2 374.8 393.2 404.3 421.1 457.1 484.8 501.7 517.5 531.8 541.9 548.9 559 565.2 571.6 569.7 557.8 554 547.5 534.8 517.2 488.2 475.1 464.8 454.9 429.5 442.8 447.4 449.4 452.3 453.1 462.9 474.3 486.2 500.1 508.4 513.7 519.1 529.6 537.7 538.3 540.5 543.2 546.3 546.2 533.9 526.3 515.6 498.1 475.6 460.2 449.2 442.3 423.2 414.8 395.7 380.1 370.4 359.7 370.8 377.8 393.4 398.3 403.9 395.3 396 397.6 396
366.9 352.2 339.4 331.4 326.8 320.7 320.7 328.7 333.6 338.5 344.5 356.7 371.6 386 398.6 432.9 457.1 474.5 491.4 507.4 521.8 528.7 540 549 546.8 547.9 537.8 532.4 529.7 527.5 505.7 482 464.4 452.5 440.8 425.5 423.7 433.7 431.5 434.2 430.7 450.7 461.9 470.6 481.1 493.4 502.9 512.1 510.8 513.1 521.2 521.6 521.7 519.7 519.3 507.1 493.7 486 469.5 439.5 429.4 425 411.9 395 385.6 376.4 364 348.5 348.2 362.3 371.2 377.5 382.2 388.2 388.4 388.4 386.8 386.8
369.9 353.7 342 333.3 328.2 322.7 313.8 320.4 322.5 326.4 331.7 343.8 354.4 366.3 375.7 395 418 443.4 459.5 480.6 499 522 524 525.4 524.9 529 519.9 513.6 507.5 498.8 490.4 467.9 455.4 440.1 423.8 406.6 402.2 412.1 413.1 411.6 426.1 438.2 447.6 454.8 463.2 475.1 486 494.1 492 494.2 501.6 503.7 502 498.5 484.2 472.4 462 458.4 437 417.4 401.2 388.1 379.9 370.7 364 356.5 344.8 334.5 344.2 348.3 358.8 375.3 379.4 381.8 383 387 387 382.3
373 353.6 342.1 336.4 325.5 317.5 309.8 314.8 315.6 316.1 322.6 331.3 338.4 346.9 357.1 374.1 391.8 415.3 430.6 454.4 474.7 488.9 505.6 504.3 500.6 500.4 496.7 497.2 487.1 474.6 464.6 452.6 428.2 423.2 404.1 392.9 384.7 394.9 398 393.7 412.8 421.9 427.6 431.7 444.8 450.1 461.9 465.9 472.6 463.6 474.5 480.4 479.6 463.3 451.5 441 439.3 415.9 403.7 388.5 375.3 363.5 357.3 347.4 340.6 336.7 329.2 329.7 338 344.5 355.8 370.8 381.6 385 385.6 392.6 388.3 386.5
374.1 355.3 339.7 330.4 320.1 307.2 307.2 312.1 312.4 313.5 316.3 321 325.2 332.9 341.6 353.1 371.6 396.1 412.7 432.7 448.5 463.1 474.9 479.1 477.1 482.2 476.5 468.3 468.9 451 446.6 433.8 407.9 395.2 382.4 377.1 368 376.9 377.8 383.9 397 398.9 399.9 405.5 414.6 426.5 433.5 437.6 441.9 436.4 447.1 448.1 442.5 429.4 418 409.7 397.7 384.7 373.1 361.4 353.8 343.5 334 325.8 323.2 324.6 317.8 332.7 341.6 351.6 363.4 384.1 396.5 398.7 398 400.4 399.3 396.5
372.4 355.5 339 319.5 315.1 298.5 312.6 314.3 312 311.9 311.7 313.9 315.7 321.5 328.2 338.2 354.5 374.8 395.2 405 420.8 437 450.2 452.7 457.4 456.3 449 440.2 432.6 416.2 405 405.2 381.4 370.3 362.8 356.8 347 358.5 353.9 370 371.9 373.3 378.7 382.6 387.8 395.3 403.3 410.2 413.3 408.3 419.9 411.1 406.5 401.9 387 378 366.6 356.1 344.6 338.1 330 323.6 315.6 308.5 311.3 309.3 322.4 337.4 350.5 364.9 381.4 398.4 413 418.8 416.6 416.8 411.5 418.3
372.8 356 342.2 326.4 307.3 297.5 310.7 312.3 309.4 309.3 309.7 310.5 311.7 317.8 326 330.5 340.4 353.2 368.8 381.6 403.8 410.1 419.2 428.3 421.9 420.5 413.8 414.1 399.1 387.7 374.1 367.1 352.8 345.5 340.9 338.9 328.1 340.9 345.3 350.7 353.3 350.6 354.1 358.2 360.1 366.8 376.8 382 387.1 379.2 380.3 376.7 372.9 367.8 358.1 350.1 338.6 327.4 321.6 316 308.8 303.7 300.6 300.8 310.5 324.6 343.9 356 371.4 388.4 402.1 431.4 439.1 441.2 438.8 432.8 433.8 435.4
375.5 358 342.8 330 313.5 293.2 297.6 308.6 308.1 306.6 307.6 307.7 309.9 313 316.7 324.1 326.1 333.8 343.2 354.6 372.9 379.7 388 390.2 391.2 389.3 381.3 373.8 362.8 359.4 345 336.5 330.7 325.1 324 320.3 322.1 325.2 327.5 332.3 333 331 330.3 330.8 333.1 339.4 351.6 349.7 352.1 350 349.5 345.9 342.8 336.9 330.4 323.8 313.3 305.4 305.4 298.3 292.9 294.9 302.6 314.2 335 350.3 366.1 380.2 396.4 412.6 430.5 448.9 460.8 462.3 459.7 452.8 449.1 449.9
374.2 356.5 341.4 331.6 317.2 297.5 290.5 298.6 301.5 303.8 304.8 306.4 309.2 311.6 314.4 315.3 319.6 327.7 331.6 339.6 347.4 354.5 357.6 363.6 360.8 357.6 350.4 341.3 333 323.6 318.2 313.3 310.4 306.9 311.7 306.2 308.2 311.2 311.8 311.6 312.8 315.1 313 314 313.3 315.3 318.9 323.6 326.4 320.7 318.7 318.9 314.3 307.8 306 297.3 292.9 293.5 287.1 288.6 292.3 308.3 323.4 339.2 361.1 373.3 388.2 405.5 425.4 441 462.8 478.1 483.3 481.9 479.7 475.2 470.9 466.8
371.7 355.4 344.1 332.5 319.9 303 281.9 291.2 299.2 302.7 302.5 303.4 307.9 308.7 305.9 312.3 323.3 328.3 330.1 332.2 337.9 345.6 348.1 350.4 346.2 334.3 325.7 316.2 308.7 303.8 299.5 294.7 295.3 300.8 299.6 293.6 295.5 297.3 296.4 299.6 298 298.5 297.6 296.4 294.2 293.7 297.9 295.1 295.7 295.8 293.9 297.4 294.7 284.2 281.1 274.4 279.7 283.6 288 303.4 319.1 336.3 349.1 361.5 378.6 398.3 414.3 438.4 453.2 468.8 484.9 499 504.5 504.6 499.6 493.9 490.4 486.9
372.2 360.8 347.6 335.3 322.4 303 281.4 286.1 296.3 295.4 293.5 296.3 299.3 299.5 294 307.2 312.9 313.7 313.4 314 323.3 332.1 327 327 319.3 309.3 302.1 297.3 289.9 285.4 283 284.3 284.8 283.9 283.7 280.7 279.1 285.1 284.6 286.2 282.9 281.3 281.2 281.4 278.3 273.6 275.5 276.8 276.1 276.9 274.4 273.9 270.3 270.1 272 277.2 282.6 290.7 304.9 318.7 333.7 355.5 375.5 385.6 402.2 424.9 444.9 462.9 481.9 498.5 510.5 517.8 522.3 520.5 516.2 508.6 506.3 498.8
377 366.2 352.4 338.9 325 304.7 279.4 285.8 290.6 285.5 287.1 286.2 288.2 286.4 293 296.7 297.7 295.8 294.6 297.3 293.6 307.4 309.8 302.5 297.9 293.6 289.2 277.4 276.7 270.7 269.1 271.6 272.2 274.4 273.4 271.4 270.2 273.3 272.1 272.9 268.6 269.5 267.5 265.6 266.5 263 263.1 261.2 261.4 263.2 264.6 265.2 265.8 268.5 272.3 280.2 288.2 300.4 315.3 330.8 356.9 370.7 393.7 411.4 430.5 450.7 472 486 510.2 519.5 528.5 535.1 538.4 539.9 533.2 526.2 518.2 507.9
379.7 369.3 355.8 340.7 323.7 305.6 279.2 279.6 280.5 276.8 278.2 279.1 279.4 280.2 280.8 283.8 280.5 283.1 280.1 282.5 281.7 284.1 289 283.4 283.4 282.3 273.6 266.5 263.1 260.8 265.3 262.5 261.9 263.2 263.3 263.4 261.9 261.8 264.3 259.9 258.3 257.8 254.4 256.9 255.1 254.4 255.6 257.4 258.6 259.8 261.3 263.4 266.9 272.9 280.1 289.3 301.8 315.3 328.1 347.4 365.4 386.9 411.4 434.3 456.9 476 496.4 518.9 531.8 546.6 550.4 553.5 555.2 550.8 541.1 529.9 514.1 494.1
380.4 373.6 361.6 341.4 321.3 301.1 278.1 272.1 274.4 270.5 270.9 270.7 270.7 272.4 273.3 272 267.5 270.2 272 270.7 270.2 269.4 264.1 264.7 263.7 258.1 254.1 251.9 250.8 248.5 254.3 252 252.6 255.5 255.2 255.8 256.6 254.4 255.7 252.7 249.8 249.2 250.2 250.6 252.3 253.6 255.2 256.1 259.3 260.1 264.9 268.3 273.5 278.9 291.7 302.7 317.1 333.6 349.5 365.8 384.6 410.5 434.5 461.8 484.3 502.7 520.9 542.7 556.6 565.6 568.6 567.1 557.5 549.2 532.2 511.4 491.4 474.2
384.6 369.5 354.6 338.4 320.5 301.5 276 260.1 267.7 265.2 263.3 263.9 265.2 262.4 261.9 259.9 252.4 256.6 253.9 252.9 248 247.6 248.3 244.4 244.3 244.4 243.3 240.9 239.5 241.2 242.9 249.8 253.4 251.7 250.1 250.1 251.3 250.6 248.4 246.9 247.2 248.1 249.1 251.6 252.6 254.8 256.9 259.7 265.4 269.6 273.7 279 285.3 295.1 306.4 317.2 331.6 350.7 369.3 387.1 407.7 434.1 459.6 487.1 513.6 530.9 546.9 562.9 576.4 577.7 576.1 568.9 552.8 531.5 511.7 491.5 469.3 449.4
388.3 367.5 351.5 336.8 316.8 294.4 272.5 260.8 253.9 258.7 256.1 259.1 256.8 256 251.6 246.4 243.5 242.9 239.6 238.2 237.7 236.7 236.8 237.3 236.7 234.6 234.4 235.2 236.5 238.6 239.8 240.8 241.7 244 246.1 246 246.8 247.1 245.7 246.4 247.8 251.9 254.1 257 260.2 260.8 262.3 267.8 273.3 280 286.3 292.7 298.4 306.7 320.3 334.1 349.7 373.3 391.2 411.2 435.6 461.2 481.1 508.9 542.7 562.2 573.7 583.5 590.8 586.7 574.8 556.6 534.2 510.8 488.9 468.1 449.3 430.4
366.7 363.9 342.9 327.7 309.2 286.4 271.2 258.7 249.8 251.8 250.2 250.6 248.2 241.3 238.9 238.1 237.7 234.2 231.8 230.7 233.3 230.5 233.6 230.7 231.6 231.7 230.5 233.2 234.3 235.2 235.8 236.4 236.9 238.6 240.7 241.5 242.2 243.4 250.3 253.9 256.3 260.2 262.7 267.4 270.2 272.3 274.3 281.1 282.9 289.1 300.4 309 314.8 322.9 335.8 352 370.4 393.8 413.8 436 459.9 487.2 508.5 531.7 558.7 578.3 592.7 600.1 598 586.9 561.8 531.7 511.1 489.7 468.6 447.5 428.7 410.6
340.9 330.3 317.9 323.1 298.1 275.7 263 248.5 244.8 247.5 245 241.3 232.7 233 231.2 232.9 232.6 230.1 226.4 227.8 230.3 228.4 228.1 227.6 227.4 228.1 229.6 230.7 232.3 233.8 234.3 235.4 236.4 238.4 241.9 246.7 247.7 253.6 262.2 265.8 270.8 272.1 274.7 279.5 283.8 289.2 293.1 295.7 298.4 304.7 314.1 323.4 333.7 346.3 359.2 373.2 390.3 413.6 437.1 460.8 484.5 509.7 532.1 559.2 588 597.5 606.9 604.5 593.3 566.8 536.4 512.4 493.1 471 447.2 427.1 410.3 394
321.4 312.7 297.9 293.3 285.1 268.7 255.9 247.8 238.8 242.4 237.5 232.3 229.6 227.9 227.9 226.2 226.4 225 225.1 222.9 223.7 224.9 225.6 227.1 227.2 227.9 229.3 230.9 231.1 233 235 239.9 242.1 244.9 251.1 257.9 262.6 270.7 278.6 284.9 287 288 293 298.2 302.1 309.9 313.1 318 318.3 326.5 336.4 338.4 351.7 366.8 378.3 397.5 414 437.5 460.7 485.4 507.5 526.6 551.5 574.1 597.9 609 614.6 603.8 579.9 544.9 516.9 494.2 470.8 448.2 427.8 410.4 392.2 377.9
300.2 293.7 285.5 275 271 262.8 251.1 243.7 240.5 232.5 229.6 228.5 226.7 225.5 225.9 223.5 225.3 221.2 221.7 222.3 223.2 224.4 226.4 227.3 230.7 233.8 236.9 240.2 242.9 247.5 250.1 257.5 265.5 271.3 276.4 281 285.3 292.1 300.2 306.6 309 310 314.3 320 323 327.5 334.3 335.1 338.1 350.2 356.6 367.6 375.8 385.6 403.8 420.9 439.7 461.2 484.6 511.5 534.6 555.8 585.8 597.7 617.2 629.8 623.9 608.7 570.2 538.8 504.3 480 456.5 433.3 414.2 393.7 377.6 364.9
286.9 274.8 271.2 266.1 259.4 258 244.6 241.3 239 235.3 229.4 227.9 224.7 223.5 222.7 221.3 221.7 220.1 221.4 222.5 224.3 226.7 230.7 235.6 237.3 241.1 247.2 252 258.4 268.3 274.6 285.3 296 296.8 302 307.7 309.3 316.4 323.1 328.2 331 334.2 339.4 346.9 351.4 349.9 355 352.9 359.6 367.5 379 387.6 398.8 402.7 432.1 449.5 467.5 492.2 514 538.7 561.8 589 616.6 633.3 640 643.9 634.7 608.1 571.8 531.5 496.2 466.5 445.8 423.4 405.3 385.3 370.1 356.4
276.2 265.8 256.4 250.2 246.8 245 243.8 238 236.3 236.1 234.8 232.9 227.8 222.6 220.3 220.5 218.9 219.6 221.2 224.1 226.5 232.8 238.6 241.6 242.6 250.2 260.5 268.7 275.8 286.8 305.9 314.6 323.8 324.2 331.5 338.1 340.6 344.3 347.7 352.8 353.6 354.8 361.8 366.4 371.3 374.1 374.5 373.4 379.8 388.2 400.1 413.7 428.7 438.8 448.4 475 496.1 516.8 537.9 563.3 582.4 623 644.4 650 654.7 654.3 640.2 608.3 571.9 532.9 489.2 454.6 432.4 416.1 398.8 377.3 361.9 354.5
269.2 255.3 251.4 248.2 244.6 244.3 245.2 244.2 241 237.9 235.9 234.6 228 223.5 219.4 219.1 217.7 224.4 230.7 227.2 233.1 240.4 245.1 246 248.4 255.4 267.5 282.1 291.6 306.1 318.7 337.6 349.2 353 352.2 357.7 360.7 365.6 364.5 368.5 373.1 376.9 381.8 386.6 390.3 392.4 393.6 392.7 399.3 410.7 426.6 441.8 453.5 467.9 468.3 501.4 525 553.1 571.3 584.9 610 630.4 646.8 660.3 664.1 661.1 640.5 605.7 570.2 527.8 485 441.4 421.1 406.6 386 368.8 360.9 367.2
257.4 250.3 252.3 252.1 254.3 252.2 254.1 249.6 239.7 232.5 230.4 231.1 226 220.7 217.2 215 224.9 228.1 230.8 231.5 233.1 237 246.3 247.8 250.1 261.4 273.6 295.3 312.8 333.8 344.4 357 366.2 370.3 374.6 373.3 373.5 376 381.2 389.1 393.3 395.2 394.7 400.8 404.1 407.3 412.1 417 424.5 436 452.5 464 479.6 494.5 511.4 517.1 552.8 576.1 598.7 609.4 635.1 658.1 657.7 663.9 671.9 664.7 632.4 599 555.6 516.9 467.2 437.1 419.9 406.2 384.6 373.3 385.7 373
251.3 261.2 259.8 258.6 258.8 250.7 249.5 240.6 237 223.4 222.3 221.6 219.3 215.6 212.2 218.2 229.3 230.7 231.6 231.5 233.4 236.5 241 247.6 256.1 269.6 285.8 306.2 332.4 347.9 357.7 365.9 380.9 381.7 381.7 383.6 382.4 385.6 394.4 398.3 400.3 405.1 406.6 411.8 415.8 422.2 433.6 439.5 445.7 454.9 468.2 481.3 502.6 522.2 543.1 557.5 571.3 606.6 621 628.6 657.5 663.9 665.5 672.9 671.6 657 626.7 590.6 545.2 496.5 459.7 437.3 414.4 404.1 399.4 409.5 397.6 381.4
256.7 259.4 260.5 256.2 251.6 238.4 234.6 228.6 224.4 216.8 214.4 214.8 213.8 211.1 215.3 219.6 223.3 226.2 229 230.6 232.6 238.5 247.7 256.2 267.9 280.4 299.1 322.9 355.3 359 364.2 369.6 382.6 384.3 387.4 390 392.9 399.2 407.7 409 410.8 414.3 419.5 425.3 431.4 437.6 443.2 449.3 458 467.7 479.4 498.4 518.3 541 563.1 582.1 587.1 605.1 625 634.1 647.4 661.8 674.8 682.5 673.7 649.5 618.5 576.2 522.8 483 455.4 432.9 416.7 420.9 417.9 418.7 406.3 398.5
255.5 253.3 252.2 246.1 236.2 227.2 218.7 215.3 214.2 212.5 213.2 213.1 211.3 212.6 214.6 217.2 220.9 223.7 227.1 230.7 235.1 243 253.8 268 278.7 296.1 316.8 343.2 361.2 361.8 370.1 372.4 389.6 392.9 396.3 400.3 403.3 411.2 415.6 417.8 420.2 424.7 430.1 434.7 438.9 446 452 458.9 471.3 483.4 496.5 516.1 531.4 554.3 571.9 590.3 606.4 617.2 630.1 642.9 656.5 666.7 680.8 683.6 660.9 638.6 602 554.8 519.6 483.3 452.5 439.8 425.1 421.9 427.4 425.1 412.8 410.7
248.4 242.9 234.6 228 223.2 217.9 212.1 210.3 211.5 212.1 211.4 211.1 210.5 213.3 214.3 216.3 220.7 223.7 227.6 232.6 241.5 249.4 262 278.2 292.9 311.1 333.6 347.8 361.5 371 375.9 381.9 387.4 394.2 406.6 408.3 410.8 417.6 420.6 424.8 429.4 430.8 439.3 442.7 445.3 451 464.2 474.5 486.8 499.5 513.7 530.6 545.2 564.3 588.7 603.8 619.9 628.6 637.6 654 663 678.7 687.1 672.8 644 608.8 577.2 548.8 514.3 485.5 458 440.9 430.5 427.4 431.2 429.6 423.9 420.6
234.1 229.4 216.8 213.6 211.2 209.4 209.6 209.9 210.5 210.7 210.1 209.8 210.6 212.6 214.6 216.4 220.7 225.8 233.4 240.3 246.8 255.4 268.3 291.1 305.5 327.1 338.8 366.3 370.1 382.9 388.9 397.2 399.3 401 406.6 414.7 425.5 428.6 427.1 431.2 437.6 445.8 450 451.5 455.6 464.7 476.2 489.1 501.9 515.2 528.7 545.6 561.9 584 612 620.9 629.7 643.1 650.1 662.4 672.5 682.1 682.3 661.1 618.7 587.9 561.6 527.8 502.7 478.2 456.2 444.6 434.7 432.3 433.1 434.2 430.9 430.4
226.6 218.1 210.9 207 207.9 208 208.9 209.1 209.5 209.2 208.8 209.3 211.1 212.2 213.9 217.3 221.1 228.2 237.2 248.5 254.1 265.1 280.2 302.5 316.1 332.4 346.9 372.8 374.6 381.2 392.4 395.9 401.4 408.8 415.7 431.8 431.6 433.1 437.5 441.5 448.4 455.1 453.8 459 469.7 478.1 500.9 501.4 518 528.7 543.2 560.2 573.5 593.7 613.2 625.3 640.2 651.3 658.2 670.3 679.1 684.4 676.9 638.8 603.9 572.4 543.4 523.8 501.4 474.3 457.2 443.9 436.4 437.5 439.8 446 446.1 447.2
220.3 211.2 209.7 206.7 207.4 207.8 208.3 206 207.2 207.5 208.1 208.4 210.9 212 213.7 218.1 224.4 232.6 242.5 252 261.1 273.2 286.8 306.5 318.8 333.9 344.5 357.9 372.4 381.5 392.8 404.6 418.5 424.7 429 433.2 435.5 440.2 446.6 452.2 456.1 461.7 466.2 473.3 483.2 500.7 516.4 522.5 534 542.6 553.8 569.9 587.7 603.1 619.1 633.1 645.4 660.9 668.5 677.2 684.8 696.9 694.1 664.7 622.4 586.9 544.7 515.4 492.5 473.5 453.6 445 440.8 447.8 448.2 458.1 460.7 463.4
213.5 206.8 205.5 206 206.8 206.4 205.3 206.2 206.3 207.3 207.8 210 210.8 211.7 216.3 222.7 229.1 237.4 243.6 253.1 264.1 278.3 291.5 306.2 323.4 336.2 348.5 361.3 373.7 387.4 400.2 428 429.6 437.1 437.8 442.6 446.5 449.7 458.3 459.7 466.8 473.1 476.2 489.6 502.3 520.5 531.5 538.5 543.9 552 563.3 576.1 591.3 608.9 625.3 640.3 653.9 665.3 675.2 685.1 693.3 707.5 709.9 666.2 622.9 591.3 553.7 524.8 501.2 479.7 464.7 451.4 449.7 451.9 453.8 461.8 473.6 475.6
