GeneralExemplars/GeoExemplars/LakeDistrictData/data/LakeDistrict/terrain-50-dtm_3563996/ny/NY31.asc
ncols 200
nrows 200
xllcorner 330000
yllcorner 510000
cellsize 50
[rows 0 to 34 of 200, columns 78 to 155 of 200]
765.5 781.9 788.3 790.9 787.8 781 772.2 758.7 747.1 736.4 725.9 715.6 700 684 668 654.5 642 631 618.2 607.5 598 586.2 574.6 564.6 554.9 548.6 540.9 533.7 530.4 527.8 530.9 535 551 572.2 593.6 616.7 637.3 659.5 675.5 681.1 687.9 691.3 691.8 690.5 689.8 688.5 683.4 671.9 688.4 695.7 699.4 696.1 689.1 678.1 664.4 649.2 633.8 619 600.8 587 573.5 560.3 554.1 544.1 528.7 516.6 509.2 502.9 498.6 493.9 488.9 479.9 485.4 495.4 505.8 517.8 528.1 541.3
778.8 786.3 787.8 786 779.8 769.3 753.3 739.3 730.3 721.6 711.5 700.3 687.3 671.5 656.9 644.3 632.2 621.1 609.6 602.8 595.7 581.1 570.5 561.4 548.3 543.5 546.1 536.3 530.7 532.9 536.8 549 560.4 581.8 610.3 641.1 670.2 684.4 698 703.4 706.4 708.1 704.4 701.2 698.4 696.1 691.2 689.2 696.6 705.3 709.9 709.1 702.3 692 678 658.6 643.5 629.1 612.9 595.9 583 575.4 566.2 551.3 534.3 521.5 514.9 508.7 502 496.6 491.9 479.9 491.6 499.6 509 521 531.4 539.7
783 784.6 782.5 777.3 768.5 752.3 730.9 715.1 709.1 703.7 695.3 684.2 671.2 658.6 645.3 633.3 622.7 613.3 602.3 598.9 596.4 576.9 567 558.8 555.6 560.2 555 540 533.6 536.8 542.1 558.9 573.9 597.5 628.3 659.7 685.8 705.4 716 722.2 723 721.1 714.5 707.6 705.6 703.6 699.1 698.5 705 710.9 714 714 710.2 701.8 687.7 670.3 652.2 633.1 616.1 602.7 592.2 584.4 570.9 556.6 538.2 525.3 517.9 510.9 504.6 499.7 492.1 488.3 495.8 503.2 512.5 521.1 531.4 538.3
786.6 783.5 776.2 766.4 750.7 731.7 711.6 691.3 684.8 683.1 676.1 667.6 659 646.5 631.1 621.6 610.9 602.8 597.3 592.8 593.8 571.8 565 571.2 572.2 571.7 556.5 544.7 539.2 540.2 550.3 565.9 588.1 616.3 645.7 675.4 701.3 718.5 729.3 735.8 737.6 732.5 725.5 714.3 713 709.9 707 707.3 712.2 717.7 720.4 718 712.4 703.4 689.5 675.7 658 636.5 618.6 606.5 597.1 587.9 574.2 557.7 541.5 528.8 520.3 513.3 508.4 503.2 491.3 494.8 499.8 506.6 513.7 521.6 531.1 540.6
783.7 779.2 767.2 749.6 728.2 709.2 690.7 674.2 662.9 660.3 657.4 651.6 641.9 630.2 618.3 608.8 603.8 597 589.4 588.1 580.7 577.8 584.2 585.9 585.4 574.8 561 549.7 542.6 542.6 554.3 574.8 601.2 629.8 660.1 688.8 712.9 729.7 742.3 751 751.6 742.3 730.9 722.8 718.7 715.2 713.7 715.2 718.2 721.4 723 718.7 711.5 702.3 689.9 675.9 658.3 638.7 622.4 609.2 598.4 589.1 574.9 557.8 541.7 530.6 522.3 515.2 508.7 505.3 495.6 504.4 505.1 508.9 516.3 522.9 530.8 540.9
776.4 769.6 753.6 730.6 708.5 688.5 668.1 653.3 642.5 637.6 632.9 628.8 620.7 611.8 607.9 603.7 598.3 600.1 600.6 601.2 599 597.9 599.7 597.6 593.7 579.4 568.7 558 541.9 550.6 566.1 590.6 617.3 645.9 674.8 701.8 722.1 736.1 748.3 754.9 752.8 745.8 733.3 728.5 723.7 719.1 719.3 721.5 722.3 723.6 722.1 716.1 707.8 700 687.7 675.4 658.2 638.9 624.4 609.3 600.4 589.3 573.2 555.8 542.2 532.5 523 517.1 512.8 508.9 506.7 509.8 510.3 513.3 517.9 524.6 531 540.3
768.6 755.7 734.7 713.4 690.3 668.4 649.4 647.4 646.1 641.6 634.9 630.9 627.8 626.1 617.1 605.8 608.1 609.3 611.4 617.2 621.1 620.8 617 613.2 601.3 582 567.9 551.7 546.7 557.5 575.2 602.5 633.7 663.1 692.5 714.8 729.5 738.4 747 750.8 748.2 742.9 735.3 730.6 726.6 724.2 725.3 727.4 728 725.8 720.2 713.8 705.3 695.9 685.3 671 657.8 639.5 624.7 609.2 598 585.6 571.3 555.1 542.4 533.3 526.4 520.4 517 512.6 512.8 513.7 514.5 517.6 519.5 528.1 532.8 537.7
759.2 738 717.3 695.4 674.9 664.5 668.1 668.6 667.6 662 656.6 652.7 645.4 635.9 623.3 618.8 621.7 624.7 629.3 639 641.7 647.3 640.7 628.1 607 584 567.3 552.9 552 567 587.3 616.9 646.8 678.7 704.5 723.1 733.2 739 743.8 745.2 742.6 737.1 733.4 731.4 729.7 730.7 732 732.6 733.7 729.6 721 711 702.1 691.5 681.2 668.3 654.1 639 621.7 609.7 598.2 583.9 568.5 554.7 544.2 535.3 527.6 524.1 520.2 518.9 518.6 517.8 517.6 519.9 523.1 528.9 533.3 538.4
749.1 727.5 702.8 689.5 683.4 686.2 688.9 690.6 691.1 687.6 679.5 670.8 658.9 648 633.3 639 646.2 651.3 655.2 659.8 660.4 659.4 650 633.3 610 584.2 565.5 554 562.1 575.4 598 627.8 658.8 687.1 709.4 725.6 733.1 736.2 737.6 736.9 734.3 729.1 730 730.2 731.8 734.4 736.7 736.8 736.9 732.7 722.6 709.8 698.8 688.8 675.6 662.7 649.7 635.6 622.1 610.4 598 584.8 570.5 554.3 545.9 539.7 532.7 527.6 525.8 523.6 522.1 521.8 521.6 522.4 525.2 529.4 533.3 538.1
750.5 734.9 725 712.4 703.6 709.8 713.6 715.2 719.3 717 704.6 692.7 676.6 662 646.5 661.4 669 674.3 673.6 670.3 664.4 657 647.9 630 606 579.4 565.7 562.3 573.6 586.3 601.6 631.8 664.6 693.3 713.7 726.6 732.4 732.8 732.2 728.6 725.4 718 723.1 726.5 732.2 737.6 738.9 738.5 736.8 732 722.7 709.4 696.7 685.1 672.8 657.3 644.9 632.6 621.2 612.8 601.3 584.5 569.6 563.3 551 543.6 537.9 534.8 532.6 530 527.6 525.7 525.5 526.3 528.4 531 535.2 538.3
770.2 759.4 749.8 740.3 729 736.6 741.1 744.8 747.9 743.5 734 718.3 702.6 679.1 668.4 685.9 694.7 687.2 675.3 664.3 652.8 641.9 628.3 613 594.9 574.8 567.4 575.5 586.8 598.5 617.3 637 666 694.4 716.2 728.2 732.2 730.6 726.8 720.9 715.7 702.2 715.5 722.2 730.3 736 739.2 737.5 734.1 726.5 717.8 706.8 692.9 680.6 669.6 656.9 645.6 634.2 623.5 614.2 601.6 587 577.6 569 558.1 550.5 545.7 542.9 539.9 535.9 533.3 536 541.1 541 539.9 537.9 541 542.7
776.6 773.5 771 766.5 754.1 759.1 762.1 761.7 758.2 753.1 745.2 729.8 706.7 700.7 701 713.1 708.6 689 673.2 657.3 641.8 621.9 598.9 587 573.3 578.3 580.9 588 600.4 616.9 638.7 661.5 680.5 703.7 719.7 729.4 732.6 730.1 725.1 716 702.7 693.7 705.6 717.2 724.9 732.6 737.1 735.2 729.2 721.2 708.5 695.9 684.8 675 665.1 656.1 643.7 633.3 622.7 613.6 605 591.7 581.1 574.1 564.2 558.1 555.1 550.8 550.4 554.9 553.7 548.6 548 547.4 546.7 543.1 548.5 547.8
777.7 777.3 776.2 773.4 771.2 770.8 770.6 769.2 765.1 756 737.1 730.2 731.4 734.2 737.3 737.3 718.8 698.5 678.6 652.6 629 598.7 589.7 592.9 593.5 595.7 592.5 604.5 618.7 637.8 659.6 682.4 699.8 716.7 727.1 732.7 733.9 730.6 721 708.8 688.2 682 690.3 703.3 713.4 721.2 725 724.4 715.9 706.5 693.3 667.8 651.2 661.1 660.2 649.7 640.1 628.6 619.9 611.4 603.4 591 585.3 578 571.4 570 566.8 568.7 566 564.7 560.8 558.6 557.5 552.7 546.4 544 546.9 548.5
767.7 772.1 773.9 775.4 776.5 777.2 777 775 770.6 750.6 753.1 754.9 755.4 756.3 754.7 745.9 724.4 698.5 672.4 643.9 618.1 598 605.7 610.4 612.4 608.6 608.8 624.7 642.2 659.9 680.9 700.7 714.2 726.8 734.2 735.5 733.4 727.5 714.3 695.9 681.7 671.8 678.2 688.7 699.2 706.6 711 707.4 697.5 688.7 674.3 651.5 624.3 650.8 653.5 640.9 629 619.4 611.9 603.9 597.9 593.6 587.7 585.5 584.1 587.1 585.3 580.6 579.4 574.9 570.4 565.4 552.8 548.9 543.2 539.4 541.7 545.9
754.2 759.8 768 775.7 780.8 783.1 783.1 782.6 775.9 771.9 773.8 774.5 772.3 767.6 757.7 738.4 709.9 684.6 657.5 634.6 614.3 613.2 621.8 629.2 631.1 625.7 624.9 645.1 663.8 682.5 701.3 715.7 726.5 734.7 738.8 739 733.4 724.1 708.7 689.7 673.2 666.3 665.3 674 682.2 690.7 694.1 690.1 680.1 661.5 650 629.2 602.8 631.8 640.8 637.6 625.7 610.2 598.4 592.8 589.9 588.7 592.5 591.4 591.1 590.4 583.6 581.1 575.5 570.6 561.2 550.3 546.4 542.8 539.9 534.4 538.1 532
735.6 747.9 763.7 777.7 786.7 789.4 791.4 790.4 787.9 788.4 789.2 788.3 783 772.5 749.1 722.1 697.1 673 652.2 631.7 614.7 624 635.2 647.5 652.7 653.1 652 663.8 681.4 699.6 716.7 727.5 735.7 741 742.9 741 734.3 724.1 705.7 684.2 666.1 659.2 653 658 662.3 672.1 667.1 656.5 649.5 634.7 612.8 603.6 583.6 610.8 615.7 613.8 608.1 599.1 585.4 581.5 574.4 576.6 580 580.3 579.3 574.7 570.5 565.4 559.3 553 550 544.4 539.9 537.1 533 528 526.7 517.9
709.5 734.4 760 781.1 791.5 797.3 800 799.9 801.2 801.8 802.3 798.9 788.9 759.9 734.1 711.3 690 670.2 650.8 631.9 630.8 635.3 650.4 663.9 672.5 676.3 674.7 682.8 699.5 713.5 727.4 737.4 745.2 748.3 747.6 743.7 735.8 724.2 705.3 685.3 656 646.8 633.5 625.8 622.1 623.7 620.5 615.6 602.8 595.6 579.6 570.6 551.6 575.2 576.9 577.1 573.6 568.9 565.1 559.7 557.2 558.5 558.9 559.4 558.3 553.4 550.3 548.2 543.3 542 542.2 538.3 529.8 524 520 519.6 515 504
697.5 727.7 758.4 782.2 796.8 806 810.6 812.2 813.7 814.4 812.9 805.4 777.6 745.8 725.2 700.8 682.2 664.1 643.9 650.2 648.4 649.8 666.7 681.8 691.1 697 697.3 702.5 716.8 729.3 739.4 748.5 755.5 757 754.3 747.1 735.9 721.3 700.5 676.8 646.8 631.1 605.1 593.2 589.1 585.4 581.3 572.8 566.3 555.7 547.3 538.4 534.1 539.4 539.2 538.1 535.8 532.6 530.2 528.3 531.8 533.3 537.1 537.8 537.2 534.6 534.8 534.7 531.9 535.6 534.3 525 516.2 511.6 505.7 504.6 498.7 476.6
695.5 727.4 758.2 784.6 804.6 818.2 823.6 825.1 825.3 824.7 822.1 797.7 764 736.9 713.1 696.3 687.8 674.8 668.1 675 675.2 666.6 683.7 699.3 710.6 716.8 720.6 726.5 735.4 744.5 751.8 758.4 762.3 762.6 757.4 748.3 734.9 713.4 686.9 654.4 629.5 613.4 587.8 567.8 567.2 556.5 546.9 540.3 532.5 525.5 517.5 510.2 501.9 507.3 505 502.9 500.9 499.7 497.2 496.2 501.9 502.1 503.9 509.9 514.3 514.7 515.8 515.7 516.7 512.2 509.7 504.4 496.7 488.7 483.9 481.1 475.4 449.1
706.8 731.7 759.6 787.4 807.8 822.5 831.7 834.5 834.9 833.8 829.7 792 761.7 744.7 731.9 719.6 701.6 684 692.9 696.8 696.7 693.2 700.9 716.9 728.6 735.1 739.2 743.8 749.2 755.5 760.5 765.4 767.9 765.6 758.2 747.5 733.2 707.6 683.8 644.3 609.6 593.3 564.8 549.5 537.4 527.2 518.8 509.9 501.6 493 487.8 484.4 478.3 476.7 476.6 475.6 474 474.1 472.8 474 475.4 474.7 473.6 479.6 488.1 491.1 484.3 478 483.3 478.2 476.4 469.5 463.9 461.1 455.7 451.5 446.4 434
701.8 726.5 751.2 775.3 798.2 820.1 833.9 840.1 841.5 840.5 832.4 805.7 776.1 758.6 744.5 725.1 703 704.5 711.7 717.5 719.2 721.2 720.2 736.6 744.9 749.7 752.4 755.4 759.7 763 767.9 772.7 772.5 768.4 759.6 748.2 732.5 707.1 687.6 631.7 606 574.6 551 534.5 513.2 507.8 497.5 485.7 476.7 470.1 465.2 463.6 457.6 454.6 451.9 451.7 453.2 454.1 453.9 453.5 453.5 452.3 448.9 447.8 449.4 449.3 447.7 443.9 442.6 437.3 431.5 429 426.5 422.7 420.5 421.2 412.4 401.6
688.1 707.3 729 753.8 779.5 807.2 830.1 841.1 842.9 839.5 831.2 817 795 770.9 747.5 724.5 717.3 721.3 729.6 737 740.8 742 746.7 753.6 758.6 761.1 762.9 764.9 768.7 771.5 775.4 777.2 776.3 771.2 761.4 749.6 733.2 712 670.7 630.5 606.5 574 549.9 531.7 515.4 496.5 480.4 466.9 460.3 453.9 448.6 444.8 443.7 440.1 436.4 433.1 433.7 435 433.7 435.9 433.4 430.9 429.4 423.1 420.4 421.3 420.9 419.4 415.3 407.3 402.1 394.9 391.6 387.5 383.8 386.7 378 363.7
699.6 714.5 732.7 750.7 774.8 806.3 832.2 840.9 840.9 835.8 827.6 813.3 794.3 770.7 750.6 730.1 735.2 742.5 748.5 751.5 752.6 756 760.1 765.1 767.7 770.4 773.8 775.4 776.1 779 782.3 782.2 778.4 773.4 765.3 752.7 739.9 722 678.5 647.2 617.6 586 554.2 536.9 522.5 509.3 493.5 475.2 452.6 442.7 437.7 434.4 429.6 426.9 424.6 424.1 424.6 416.5 417.8 417.6 414.5 410.5 408.4 405.4 401.1 399 399.7 400.1 397.9 388.9 381 372.4 365.7 362 356.8 351 342.6 328.5
725.8 740.2 757.9 776.3 794.8 816.5 834.4 838.3 835.9 830.2 821.3 808.5 794.8 781.3 764.1 756.3 756.5 757.2 758.4 759.4 761.3 764.6 768.2 773 775.7 779.6 784.3 783.5 785 786.1 785.9 784.2 778.6 773 764.8 755.5 746.4 736.7 700.7 667.9 639.6 606.4 576.2 549.3 533 521.4 501.8 482.7 461.8 445.7 435.2 425.4 421 420.1 417.1 415.3 415 406.8 408.3 405.5 401.5 397.3 393.5 390.7 390.5 387.8 385.1 385.4 382.5 372.7 363.1 353.3 345.6 339.8 333.5 324.4 314.2 298.7
753.6 768.8 785.1 804.6 822.7 835 837 833.9 829.7 822.7 813.2 805.6 796.7 786.4 776.1 768.9 765.5 763.5 763.3 764.2 766 769.3 773.2 777.1 780.8 785.2 788.9 791.6 790.4 791.1 789 784.7 777.4 769.3 761.6 753.5 746.6 742.1 727.6 695.4 650.4 617.7 593.5 575.5 548.4 536.8 517.7 492.9 469 450.2 432.9 420.7 415.8 415.3 413.4 409 405.4 403.4 402.8 399.1 397.4 394.6 390.9 387.7 385.2 382.6 380.5 377.9 371.9 362.2 351.8 336.1 328.1 320 309.7 298.2 283.2 271.4
769.1 790.1 810.6 827.7 837.6 838.4 833.8 827.6 822 814.6 808.2 801 795.3 788 779.8 773 769.1 766.3 765.3 765.7 766.4 769.6 773.7 778.3 782.8 787.8 791.7 792.4 790 788.4 784 780.3 771 761.7 754.1 748.9 744 740.4 735.5 715.2 669.8 630.8 603.5 585.4 573.1 558.1 533.3 498.2 468.7 445.3 426.4 419.4 415.5 411.7 408.6 406 406.3 400.7 398.7 397.8 396.1 392.9 386.9 385.4 382.5 381.9 380.2 371.8 357.3 343 326.5 313.2 305.8 302.3 289.5 274.5 261.6 247.8
779.7 802.8 823 838.2 838.3 833.7 825.2 818.2 811.5 805.4 801.4 795.3 790.6 785.8 779.2 773 768.4 765 763.3 763.1 765.6 766.8 770.7 774.9 779.6 784.4 786.9 787.9 783.9 780.7 776.7 770.5 762.1 752.8 746.2 741.7 736.4 734.7 731.1 724.9 692.4 649.4 624 603.8 596.7 570.1 542.2 495.1 467.3 444.5 433.2 426.9 422.9 420.1 418.7 416.6 415.5 412.7 410.7 410.9 406.1 398.1 390.8 390.2 389.2 388.6 387.2 382.8 372.6 363.1 342.9 320 296.2 283.8 269 260.2 247.5 236
784.9 805.8 822.7 832.3 832.2 824.8 815.4 808.2 801.9 796.8 792.2 787.7 783 778.7 774.9 768.7 764.1 760.5 758.1 758.1 760 762.3 765.5 769.1 773.6 777.3 779 779.5 776.4 772.3 766.7 759.3 751.4 742.5 734.7 729.4 724.5 722.1 719.9 718.8 717.5 681.2 655.2 635.8 609.7 569.2 532.8 498.7 472.1 454.4 443.2 437.7 433 431 430.7 430.9 430.5 433.4 431.8 425.3 414.8 406.4 400.6 396.5 395.1 393.5 395.2 386.5 374.8 360.2 336.7 314.1 295.9 277.2 267.2 254.8 238.6 228.1
786.9 802.5 814.3 822.8 819.7 810.5 804.3 798 790.5 786.3 783 778 774 770.8 765.9 761.5 756.4 752 749.3 749.1 751.6 753.8 756.7 759.9 763.8 765.7 767.3 768.7 766.7 762 755.5 746.8 737.4 726.5 718 713.1 709.2 705.9 701.5 673.5 700.8 698.4 678.3 640.2 598.6 563.5 534.4 508.4 484 465.8 455.3 449.4 445.6 446.9 448.4 451 454.1 457.3 453.5 442.7 432.6 422.9 417.8 409.8 405.7 401.6 398.9 391.6 378.4 364.1 344.4 319.5 299.7 284.2 267 252.1 242.8 233.2
784.6 797.2 804 808.9 804.7 797.8 793 787 781.3 776.4 772.8 768.3 765.9 761.5 756.8 751.7 746.7 741.4 738.4 740.2 741.9 743.6 746.1 748.6 751.5 751.3 753.1 753.3 750.9 748 741.3 730.7 720.6 709.7 700.4 693.5 690.2 685.6 682.6 675.5 678.1 675.8 667.8 646.2 606.1 574.3 542.2 522.2 500.2 481.6 470.7 466 465.6 471.3 474.5 483.7 483.7 481.7 477.3 468.5 456 446 435.8 427 420.8 414.2 404.9 392.5 380.5 363.2 340 317 295.4 281.5 273.8 264.9 248.4 242.8
779 790.3 794.3 795.4 791.6 787.5 782.9 778.3 773.2 766.5 762.7 759.3 755.6 751.6 747.8 742.8 738.1 732.7 728.4 730.1 730.9 733.5 735.7 735.6 734.1 734.6 731.5 729.3 725.3 720.8 717.3 700.3 691.1 685.2 675.9 672.2 662.1 655.8 652.1 648.9 656.6 657.2 655.7 647.6 618.8 581.4 559.3 536.7 515.5 502 490.5 490.8 494.4 498.9 505.7 513.5 515.5 516.2 509.7 499.2 482.8 468.3 457.6 446.5 438.8 428.9 418.5 402 385.2 363.3 341.6 321.7 304.4 291.2 283.1 278.1 263.6 256.2
769.5 780.2 783.9 784.3 781.9 778.3 775 769 763.6 759.3 754.2 750.1 746.9 743.5 739 733.7 728.8 721.7 714 717.8 720.4 722.9 723.4 720.5 715.7 710.1 704.6 691.7 684.9 685.5 680.6 673.3 651.2 644.6 630.3 627.7 626.6 618.5 616 603.4 628.5 637 639.1 637.4 626.8 601.6 569.6 548.9 537.3 522.8 521.4 523.7 524 529.6 536.2 542.5 552.8 556.3 545.3 531.3 511.3 494.4 484.4 473.8 461.2 449.7 433.8 420.4 401.5 377.4 357.9 339.1 320.8 306.4 296.7 290.3 284.2 269.8
757.9 768.6 773.6 774.5 773.7 770.5 766.9 761.7 756.4 752.2 747.1 742.9 738 733.7 729.7 723.3 715.4 709.5 703 701.9 706.2 704.9 699.9 690 683.6 676.1 662.4 652.2 644.3 640.1 640.2 638.2 612.2 602.8 593.7 588 589.5 587.6 587.6 592.1 606.7 615.3 621.2 622.5 619.2 616.2 589.2 565.4 557.4 542 554.4 552.7 552.7 560.2 569.9 580.4 589.6 591.3 587.7 571.9 550.4 531.3 515.9 502.8 488.2 474.4 459.2 442.8 423.4 401.4 380 355.1 336.1 321.8 313.2 303.4 296.3 286.5
745.9 756.2 762.7 765 764.2 762.5 758.9 755.9 751.8 746.8 740.6 735.8 730 727.2 720.5 712.5 704.5 694.9 689.1 687.2 685.8 682.7 667.9 658.4 647.9 639.4 632.3 618.7 613.9 605.1 602.8 598.3 585.5 577.3 567.8 559.6 558.1 558.5 569 579.9 592.4 599.8 604.8 609 608.7 609 599.3 582.9 573.2 572.5 581.1 577.5 578.9 583.6 592.1 604 611.9 612.8 609.8 600.1 586.9 567.6 553.8 541.4 519.2 505.7 487 471.2 455.6 434.3 400.6 370.6 350.1 337.7 330.4 324 314.5 306.6
736.6 745.1 749.4 753.4 753.9 753.2 752.4 751 747.1 740.5 732 727.7 720.7 714.1 709.8 702.4 692.4 683.3 671.8 668 671.6 660.4 641.3 628.7 617.8 608.9 603.1 593.6 588.1 581 573.9 569 565.3 557 551.2 548.9 548.6 551.5 563 573.4 582.8 591.8 594.7 596.2 599.8 595.7 595.3 584.5 578.1 598 600.1 596.5 598.5 603.8 607.4 619.3 626.3 630.9 634 638.4 631.3 616.7 600.5 587.7 563 545.9 526 511.8 503.9 474.9 423.2 394.1 376.5 363.2 352.6 348.4 338.4 329.7
