GeneralExemplars/GeoExemplars/LakeDistrictData/data/LakeDistrict/terrain-50-dtm_3563996/ny/NY31.asc
ncols 200
nrows 200
xllcorner 330000
yllcorner 510000
cellsize 50
[rows 35 to 69 of 200, columns 78 to 155 of 200]
724.6 735 740.3 743 745.5 748.2 749.2 747.5 741.6 733.5 719 712.2 705.6 694 693.6 682.7 670.1 666.2 657.8 649.6 646.2 631.2 615.8 600.7 592.2 588.7 577.7 569.5 568.2 561.4 558.7 552.9 551.3 550.9 550.2 549.1 548.6 549.9 559.4 561.8 571.7 581 585.8 587.8 588.6 588.9 586.5 581.6 595.4 601.7 607.6 607.4 609.8 617.3 623.5 639.2 641.6 647.1 654.4 655 661.5 651.3 634.7 622.1 610.1 589.6 571.4 560.3 531.4 488.2 449.5 425.1 409.6 395.4 383 374.7 366 357.3
711.9 720.8 729.6 738.6 744.3 747.9 747.9 745.5 739.6 724.4 710.4 696.1 689.5 680.6 675.7 666.4 651.1 642.4 634.6 622 615.6 602.1 594.7 578.6 572.4 567.2 563.6 558.6 556 554.9 553.4 552.5 551.3 550.3 550.1 549.5 548.7 550.9 557.3 548.2 566.3 572.4 576 579.2 581.6 582 583 589.3 597 605.6 608.9 610.8 616.1 620.6 631.1 639.5 643.5 648.5 657.7 667.2 671.7 665.9 652.3 642.9 633.8 618.6 607.6 598.8 556.5 503.6 477.3 460.2 454.4 440.4 413.6 401.1 390 383.1
716.8 730 737.5 743.9 748.3 750.6 750.4 747.6 742.4 732.7 719.7 707.6 695 678.5 666.2 649.5 647.8 635.4 606 597.2 589.9 582.5 574.2 568.8 565.1 564.1 560 559 558 558.4 555.4 553.9 552.7 549.8 549.7 548.7 549.2 550.5 555.7 554.1 555.3 563.1 566.2 568.8 571.4 575 579.3 586.3 592.1 598.9 602.4 604.5 611.6 618.3 622.9 633.4 641.2 647.9 653.3 660.6 665.2 662.5 662.9 647.7 641.9 635 627.4 612.6 586.7 547.6 513.7 496.5 480.6 460.6 444.2 429.7 412.3 409
729.4 736.5 742.6 747.5 751.4 754.4 754.2 753.1 748 739.7 726.6 715.7 699.9 694 683.2 679 672.1 655.6 641.8 622.5 606.1 594.1 585 573.2 570.7 570.1 566.8 567.3 565.2 560.4 558.1 556.2 553.2 549.9 549.1 548.7 548.1 550.7 549.8 549.2 546.9 554.6 557.3 559.6 562.8 566.6 570 575.9 581.8 590.3 597.5 599.3 607.5 612.8 616.2 624.1 635.7 643.4 650.7 652.4 653.1 654 654.5 650 648.5 643.2 625.5 616 607.9 595.6 558.1 520.3 493.6 467.9 451.5 440.6 428.4 430.5
735 741.3 747.8 753.4 757 759.3 758.4 757.2 754.4 749.6 735.9 724.6 713.8 703.2 692.5 687.2 679.5 674.1 665 646 624.4 607.7 597.7 588.7 587 585.8 583.3 581.6 576.4 569.5 563.9 560.4 556.7 550.2 550.2 555.5 546.8 549.4 547.8 545.9 540.7 544.8 548.5 550.6 553.6 556.5 559.2 562.8 572.1 579.5 584.2 590.2 600.2 606.6 612.7 619.5 626.8 634.1 637.6 640.4 646.9 649.1 644.2 641.8 642.7 636.1 619.8 611.8 608.1 593.7 566 527.9 509.5 474.2 466.4 451.6 439.7 438.5
741.5 747.9 754 758.9 762.7 764.2 763.9 763.5 760.1 755.8 742.8 733.3 723.4 712 697.5 692.2 684.1 678 672.9 661.6 649.3 625.2 612.5 606.8 601.5 598.8 596.5 590.9 582.6 574.8 571 563.4 559.5 557.3 558.2 558.6 547.4 546.3 545.5 546.7 537.2 536.6 540.1 541.9 544 546 544.4 548.6 557 567.5 573.7 581.9 591.3 601.9 607.6 614.9 621.7 623.9 628.2 632.5 637.4 643.8 648.2 648 638.7 632.2 620.7 606.5 598.7 584.8 562.7 537.9 514.6 485 464.5 451.4 450 444.2
747.7 754.4 761.6 768.3 771.9 772.5 771.6 770.1 766.9 762.7 754.7 742 730.3 719.1 707.2 699.4 689.9 680.6 674.9 668.5 656.4 644.3 629.6 618.4 613.1 604.2 598.5 591.7 584.6 579.8 574.5 568.1 567.1 567 562.4 555.1 550.8 548.7 547.1 544.8 539.2 532.4 529.9 527.6 530.9 527.9 528 528.9 532.8 547.8 560.4 574.9 583.7 593.1 599.1 607.4 612.9 614 616.8 621.2 626.7 632 635.7 642.1 637.6 626.7 616.1 607.8 593.1 580.8 562.7 540.3 506.9 480.5 462.6 451.8 445.1 430.8
753.9 760.6 767.9 775 778.3 779.7 778.7 776.3 773 768.9 763.3 754.9 740.8 726.7 720.9 712.3 700.8 690.8 680.8 674.3 664 656.2 643.3 633.5 624.2 613.4 605.1 599.7 592 584.4 581.1 579.2 576.1 574.1 568.8 561.3 553.9 549.1 546 543.4 544.8 538.4 536.1 532 521.5 502.8 499.1 504.9 507 519.5 541 557.9 570.4 582.8 588.8 595.2 597.6 599.1 604.7 609.3 613.6 622.1 625.7 627.1 620.6 619.4 612 605.8 602.8 591.1 561.4 530.9 495.8 481.7 457.6 443.1 429.1 417.7
759.7 767.2 773.1 779.9 783.9 786.5 785.5 783.5 777.8 775.3 770.3 763 750.7 735.4 726.8 721.5 713.7 703.8 691.9 683 673.2 662.8 654.4 645.1 636 621.5 612 603.8 597.2 594.9 591.5 591 588.7 582.4 573.4 566.9 561.1 555.3 548.9 545.9 542 540.2 537.8 532.3 528.2 513.3 490.7 472.6 479.4 485.4 516.6 540.2 555.4 563.5 566.1 568 572.2 582.6 592 598 603.1 605.1 606.2 608.7 612.3 610.5 606.2 606.6 607.9 606.7 550.7 517.4 491.2 473.6 448 426.5 417.5 404
764.8 773 780.8 788.4 792.9 793.4 794.3 791.3 785.9 782.4 778.1 774 762.6 747.9 743 733.9 724.8 717.6 715 707.1 694.1 688.6 672.5 655.3 642.2 631.5 621.2 616.2 613 608.4 605.8 601.2 597.2 594.3 589.2 583.5 575.3 567.1 557.7 553.8 548.5 543.4 539.8 533.5 522.7 515 498.2 472.7 448.4 473.7 480.5 503.6 515.9 521.2 523.7 522.6 534.1 557.6 570.3 575.4 580.4 583.2 585.2 591.8 599 599.9 605.6 606.2 602.3 584.9 541.6 517.6 491.4 469.5 447.6 425.8 408.9 395.1
771.4 780.6 787.8 795.5 800 802.9 803.1 802.5 799.9 794.4 793 788 778.3 769.8 763.4 759.9 749.3 739.7 727.4 716.8 703.4 694.6 683.1 666.7 652.1 643.9 634.8 630.8 625.5 619.7 619 619.8 620.9 623.3 613.4 599.8 591.7 583.2 573.8 564.6 560.7 550.4 541.8 529.3 518.1 501.6 490.1 469 440.5 440.1 440.8 449.1 476.6 466.2 471 477.8 487.8 499.6 525.7 526.6 549.3 543 558.7 560.2 569.1 574.8 574.8 578 572.4 556.5 537.6 515.6 491.3 475.8 445.8 422.8 406.4 391.6
776.6 785.8 793.4 800.6 808.3 811.1 815.9 816.7 814.6 812.7 806.9 802.4 795.3 791.1 787.4 782.2 770.5 759.8 745.4 728.6 712.1 699.6 689.9 681 673.4 664.3 650.5 644.3 638.3 638.6 641.4 644.7 644.8 639.1 627.7 619.6 602.2 590.1 581 572.3 567.6 556.4 542.5 528.6 513.3 492.6 473 453.3 430 402.6 400.4 412.3 415.4 427.3 431.3 442.1 448.8 458.3 469.5 490.5 510.5 506 507.7 519.4 532.4 532.6 542.3 530.9 528 545 538.4 520.8 492.6 467.1 437.4 414.7 404.6 391.7
781.1 789.1 797.5 806.3 816.1 823.9 830.1 832.9 831.5 829.5 827.6 820.6 815.9 811.5 804.8 793.2 779.4 766.2 753.9 739.1 723.5 708.3 696.5 691.1 684.8 674.8 668.2 660.2 657.5 658.4 657.4 658.3 657.2 649.6 634.5 622.3 609.1 595.3 581.7 570.5 562.2 559 538.7 521.5 513.9 507 458.3 431.4 414.3 392.7 363.6 379.1 385 386.2 395.1 400.9 414 420.3 429.7 437.8 442.7 453.8 456.1 470.1 487.7 492 498.7 486.4 496.1 512.4 512.5 499 494.4 472.3 445.1 423.5 405.7 396.5
782.9 790.3 802.8 814 822.2 832.1 840.1 843.9 847.5 845.3 843.1 834.6 826.6 820.3 814 798.4 785.5 770.3 756.4 742.3 727.5 712.9 702.3 695.1 686.3 679 672 666.1 667.6 666.9 663.1 662.3 658 651 634.2 622.7 609.1 595.7 584.2 568.2 552.7 541.7 531.7 516.6 491.3 467.7 440.5 416.5 396.7 376.4 352 353.3 356.8 360.4 364.4 371.7 376.1 383.2 392.6 396.9 403.7 407.5 415 424.6 430.9 435.5 444.7 440.8 463 466.2 465.9 466.4 469.8 468.2 464.3 454.6 436.9 403.2
784.1 793.1 805.5 818.4 827 839.8 848.6 855 860.8 860.1 854.6 843.6 834.7 825.1 814.8 797.4 783.4 768.4 755.1 743 726.2 712.4 702.4 695.9 685.9 678.9 673 668.4 669.5 672.2 661.8 654.7 649.3 642.6 631.9 616.3 603.6 592.8 576.3 557.1 541.2 520.7 504.1 478.6 451.7 432.5 420.9 400.1 379.9 367.7 342.9 332.5 348 355.6 356.2 353.7 351.8 351.3 358.6 360.7 367.1 373.3 376.3 380.5 383.9 386.9 396.9 406.2 410.2 410.1 418.5 419.8 418.9 425.6 431.8 435.1 426.5 406
787.6 799.6 812.3 824.6 833.1 844.3 855.5 868.9 871 869.8 861 846.3 838.8 827.7 810.7 794 778.8 765.4 752.7 737.6 724.1 709.8 702.3 691.8 682 673.2 666.5 663 660.6 658.1 651.3 644.6 636.6 627.3 616.6 605 592 576.8 558.2 541.2 512.2 489.6 465.2 443 423.5 409.8 395.5 378.3 366.9 356.7 337 317.6 325.6 328.5 329.5 329.5 330.9 337.9 327.3 329.2 331.3 339.2 340.9 343.7 346.3 350 353.6 362.9 369 371.4 371.5 371.7 370.7 372 379.1 388.7 391.3 386.7
791.9 805.9 816.7 829.7 840.2 851.1 866.3 879.8 879.8 871.5 859.9 847.4 842.7 826.1 807.6 788.1 774.7 762.9 745.5 732.6 719 707.5 697.9 684.2 672.3 662.8 657.3 655.6 650.5 643.1 636.1 630.6 622.1 612.2 600.8 587.5 574.5 552.4 533.9 506.8 486.5 468.4 445.1 421.1 409.6 392.6 377.6 363.4 352.3 343 329.4 309.7 299.1 297.3 295.4 295.6 297.5 303.9 301.1 304.3 302.8 308.6 309.2 308.6 312.1 316.4 321.3 322.6 330.3 332.2 332.5 334.3 329.7 335 339.3 350.5 351.3 354.2
797.7 810.4 823.8 838.3 847.7 857.4 871 878 876.7 866.5 857.1 845.5 835.7 823.2 803.9 785.2 771.5 757.7 739.8 724.9 711 701.8 689.8 676 663.6 654.6 650.5 647 640.3 631.5 622.6 614.2 605.5 594.4 581.2 568.2 549.6 531 507.1 479.7 464.1 443.3 427.3 411.4 385.7 376.7 364.7 354.4 342.6 333.3 318.4 306.5 294.4 283.9 281.8 278.6 276.7 279.4 278.1 278.8 279.3 282.3 283.2 284.1 286.4 288.6 290.1 290.4 295.9 296.7 295.4 295.7 296.8 299.9 308.8 311.6 319 322.6
803.8 816.3 831.5 843.4 852.7 861.6 869.5 872.7 868.5 860.6 849 837.4 828.7 814.8 801.1 781.4 766.4 749 735.7 719.6 705.7 694.2 682.4 670.1 659.3 648.9 643.9 638.7 630.8 620.9 609.3 599 587.5 574.5 558.1 533.8 513 497.5 473.8 455.5 441.1 424.8 405.5 392.9 378.9 361.4 352.6 339.9 325.7 318 319.2 317.7 311.9 304.4 292.3 287.5 280.5 269.3 264.2 257.7 261 262.7 264.2 266.2 266.5 267.5 266.6 265.7 268.4 267.6 268.7 268.1 269 269.5 277.2 284.2 289.2 296.6
810.3 823.2 837.3 848.8 858 863.9 868.8 868.2 862.5 853.5 841.4 829 818.1 804.2 789.8 773.4 759.6 744.5 727.1 713.5 700.2 688.7 675.7 663.6 653.6 644.1 638.3 630.6 621.4 611.4 602.5 592.3 577.3 543.6 523.7 500.9 481.7 465.3 449.1 435.3 421.1 406.1 389.6 372.7 362.2 348 344.3 349.5 352 354.3 350.3 346.1 336 321.3 312.5 302.2 293 283.2 273.9 264.9 256.2 244 241.8 240.2 248.4 249 249.7 247.1 243.9 247.4 247.3 245.1 245.8 244.8 248.6 254 261.7 268.2
814 827.9 841 853.2 863.3 867.8 867.8 862.1 854.8 842 832.1 820.9 811.9 794.1 781 764.9 756 738.6 722.8 708.9 693.6 683.4 672.4 661.6 652.8 651 646.6 639.3 630.7 621.2 610 587.7 556.6 524.4 496.6 477.3 457.7 447.3 431 417.2 403.8 392.7 375.5 359 349.5 355.9 366.5 372.5 378.1 380.7 377.1 372.6 356.5 340 327.2 314.4 302.8 295.9 289.4 278.9 269.3 260.6 250.7 238.6 234.1 235 233.4 231.6 231.3 230.9 229.6 229.1 229 226.8 227.6 230.9 237.3 242.8
815.2 829 842.5 858.1 868.4 869.7 864.6 853.9 843.2 830.8 824 813.1 801.5 788.6 772.7 759.8 747.9 733.6 717.4 703.4 691.4 681.9 673.4 664.5 660 658.2 652.4 642.7 631.9 618.6 595.9 562.3 533.5 505.9 483.9 460.3 437.7 421.6 410.9 405.4 394.5 381 352.7 358.4 366.7 377.3 388.5 395.8 402.1 408.8 403.1 399.6 374.7 360 346.8 332.9 321.3 313.8 303.8 294.4 287.6 274.3 264.5 245.8 238.8 229.8 226.8 226.5 220.9 217.6 214.8 212.5 210.4 212.8 214.1 217.4 219.5 225.2
816 830.5 843.8 857.7 863.6 861.4 853.9 842.5 833.7 821.5 812.4 801.1 790.3 779.8 765.4 753.9 740.3 725.9 712 697.2 687.7 680.9 675.3 672.2 670.9 667 655.6 640.9 624.4 604.2 574.7 541.4 512.9 488.5 471.1 451.9 434.6 410.1 400.5 388.3 378.5 368.3 364.1 376.5 386.4 394.5 406 418.1 431 431.5 428 425.9 407.2 384.3 370.3 356.7 344.5 330.8 318.1 306.7 296.2 285.8 273.2 263.8 251 243.4 241.7 230.7 230.1 224.3 220 215.8 209.2 200.2 201.6 202.1 212 214.1
819.8 830.4 841.7 848.8 850 846.9 838.7 831.2 822.9 811.8 799.5 787.8 776 766.9 755.1 742.7 730.5 719.8 703.4 694.1 689.8 684.4 681.3 679.4 680.1 670.2 648.8 624.6 602.5 579.4 550.3 521.3 495.7 476.5 458.8 442.8 427.4 412.7 397.8 378.6 366.8 365 377.9 391.6 401.8 412 424.9 438.9 455.3 448.1 450.7 446.1 432.8 421.6 404 383.4 368.6 348.8 330.8 316 309.1 294.8 287.9 279.3 267 258.9 253.7 247.8 242.6 235.5 228.4 219.4 211 206.4 196.7 197.2 198.4 204.5
819.9 828.4 834.3 839.2 839.6 835.1 830.1 821.8 809.4 795.7 781.6 769.8 761.6 751.2 742.4 730.6 718.5 709.4 698.3 693.1 687.7 685.1 682.1 679.5 673.4 656.4 623.5 599.6 576.6 554.7 528.5 504.9 483.7 463.5 449.2 434.1 419.2 404.1 392.8 372.7 368 379.7 394.4 406.9 420.2 432.6 445.4 454.4 467 467 473.5 472.9 458.8 448.3 425.6 409 394.5 375.2 351.5 333.5 321 312.2 303.6 299.1 282.4 275 266.6 261.1 252.3 244 234.5 227 215.3 208.9 206 199.2 193.8 192.8
818.4 825.6 828.8 828.1 825.4 819.3 815.6 808.9 797.4 780.9 767 751.8 743.1 734.6 726.4 713.7 703 697 691.7 687.7 679 680.2 675.8 667 655.9 637.6 608.5 579.4 555.9 531.2 508 488.1 470.4 452.4 441.2 426.5 410.5 399 387.8 371.2 383.3 395.3 409.5 422 436.2 449.8 462.5 470.7 480.7 485.5 490.4 487.6 476.2 458.3 440 423.5 406.8 386.7 370.2 355.2 340.2 332.8 324.2 317.1 303 292.3 284.4 274.6 265.9 258.2 246 239.1 232.9 225.2 218.7 208.2 188.3 186.5
818.3 822.7 820.3 808.1 799.3 794.2 789.8 784.6 781.4 767.6 756.2 742.6 718.9 714.1 705.3 693.6 684.5 679 674.9 668.6 664.9 662.6 658.2 647.5 634.3 611.7 589.2 559.2 536.9 514 495 474.7 457 442 430.1 417.2 406.9 395.2 379.1 383.7 398.1 411.7 424.6 441.6 459 472.1 482.7 491.7 498.4 507.7 515.4 506.4 481.3 456.7 441.7 424.9 409.5 394.5 383.4 372.3 362.8 353.2 346.5 335 324 313 302.1 294.3 283 273.4 263.5 256.6 247.4 238.6 229 218.5 202.5 192.2
819.7 818.7 799 775.7 764.3 759.6 755.3 752.2 753.3 747 738.1 726.5 708.7 688.7 682.7 673 666.1 660.4 653.7 646.9 644.4 639.4 632.4 626.2 614.3 590.4 569.2 543.5 521.4 497.7 478.8 462 446 431.2 415.5 402.2 389 384.9 391.3 400.5 413.8 429.6 444.3 462.9 475.6 489.1 506.6 513.4 524.6 536.9 541.7 527.9 490.7 467.4 454.2 445.5 424.8 409.6 399.8 393.7 388 380.8 367.8 355.4 344.9 333.9 323.2 313.2 304 295.4 283 271.2 258 249.6 238.4 224.8 212.5 205.3
818.5 797.5 773.8 742.8 728.4 721.2 718.3 712.2 719.3 716.9 706.3 697.7 686 672.7 656 655.2 645.5 637.5 629.7 625.7 622.6 619.1 614.6 602.7 591.2 572 557.1 524.9 502.4 482.6 465.9 451.6 440 429.9 409.3 394.3 390.4 394.1 405.3 413.2 431.9 446.7 464.4 481.1 498.6 519.1 533.5 538.8 556.7 577.4 575.3 554.8 510.1 489.8 475.2 457.6 449.5 430.1 417.9 413.3 411.4 408.8 393.3 382.2 371.9 360.9 354.2 342.9 327.8 311.5 299 283.8 274.7 261.3 248.3 234.2 221.6 211
801.2 767.7 737.4 711.1 695.8 685.3 677.2 674 672 671.6 668.2 661.7 655.2 648.4 638.2 632.6 626.6 621.2 612.8 607.5 605.2 603.2 596.4 586.3 574.9 561.7 551.5 521 489.3 470.4 455.1 443.5 432.2 416.8 399.7 396.7 394.9 401.3 415 428.1 444.2 461.1 479.6 500.4 517.9 535.8 554 565.2 583.6 598.5 597.5 568.9 541 506.8 490.8 467.8 455.5 441.7 431.9 428.7 427.8 424.8 415.9 409.5 404.9 397.3 399.9 380.2 356.7 340 333.4 307.8 289 268.1 252.4 240.7 227.4 218.9
784 748.5 721 698.1 679.2 659.9 648 642.4 638.5 635.4 628.9 624.8 622.1 615.1 614.3 610.8 603.2 600.9 592.7 590.6 590.3 588.6 581.7 570.6 562.1 553 534.3 520.4 487.7 467.1 451.3 431.7 406.3 404.7 408.2 405.4 399.9 412.2 427.5 444 459.7 477.1 493.3 511.9 529 546.7 561.9 580.1 595.7 611.2 616.2 593 568.4 536.4 504.6 481 463.5 454.1 449.9 453 458.2 451.5 443.4 438.7 439.2 443 426.4 396.6 371.8 360.4 344.8 317.9 297.7 276.2 255.8 242.3 230.9 221.3
794 755.7 726.7 702.9 675.9 646.5 630 620.3 609.9 605.6 600.1 595.7 597.4 596 596.7 596.2 591.5 586.5 580.2 577.5 574.3 569.2 563.3 557.1 548.7 539 515.8 495.7 475.7 459.7 442.1 420.4 417.9 423.6 422.9 419.7 407.5 426.8 442.7 457.4 474.5 488.2 503 521.8 538.3 553.9 573.2 590.3 609.9 626.9 638.4 628.5 611.2 565.9 533.9 508.1 484.2 484.5 480.5 490.3 485.9 482.3 472.2 467.9 471.2 455.5 432.2 395 376 360.3 341.5 320.7 304.1 282.2 261.2 250.4 239.2 228.2
800.9 774.6 745.3 714.5 680.6 646.2 625.2 605.6 591.8 584.4 578.4 571.5 579.1 582.1 583.4 582.5 578.9 572.8 567.8 560.2 556.7 552.9 546.8 540.8 531.8 521.2 500.2 482.1 462.3 440.8 436.7 441.2 439.8 442 442.7 436.2 427.3 446.1 460 474.7 488.4 500.1 517.3 532.9 548.3 566.5 582.4 601 617.5 634.1 647.2 650.8 633.2 596 553 537.1 515.1 504.9 510.5 519.4 519 519 514.4 501.6 476.9 454.2 421.9 395.8 373.6 356.6 335.7 316.9 297.8 280.7 269.9 253.5 241.2 234.4
825.5 800 776.3 731.3 692.7 669.1 639.9 600.3 583.8 569.4 562.7 557.3 558.3 565.5 568.3 571.6 567.1 560.2 555 545.6 541.8 537.3 530.8 524.8 515.9 503.8 489.2 466.6 450.9 462.1 462.5 464.2 462.4 462.9 462.9 451.8 446.9 461.3 473.5 484.5 499.2 510.4 527 540.5 560.2 578.4 590 607 622.6 639.8 655.7 670.2 661 614.7 584.1 562.8 545.6 539.4 547.7 554 563.9 564.2 550.3 526 478 446.8 415.5 391.3 368.4 347.9 328 309.8 294.7 280.4 269.4 260.2 252.9 248
839.1 824 785.3 743.6 711.5 684.3 636 599.2 574.9 565.7 558.2 552.6 549.1 553.4 559.8 567.3 558.2 551.2 542.1 537.5 527.7 525.9 519.6 511.1 501.5 486.9 470.2 470.7 477.3 483.3 487.6 487.1 482.1 480.3 476.7 463.6 463.8 475.1 484.8 498.2 508.2 520.3 532.9 551.4 568.3 583.1 595.7 614 630.2 648 666 677.3 675.7 660.4 631.7 603.6 588.5 594.4 597 590.5 603.3 596.6 566.5 527.8 482.6 445.8 413.5 387.6 366.5 346.3 327.6 310.4 294.2 289 279.5 273.5 268.4 264.2
