GeneralExemplars/GeoExemplars/LakeDistrictData/data/LakeDistrict/terrain-50-dtm_3563996/ny/NY31.asc
ncols 200
nrows 200
xllcorner 330000
yllcorner 510000
cellsize 50
[rows 70 to 104 of 200, columns 78 to 155 of 200]
832.3 825.8 804.6 781.8 731 693.8 654.9 619.4 587.2 564.5 553.3 549.8 548.3 548.5 561.3 561.2 550.3 544.1 537.7 527.2 523.1 514.7 508.5 496.8 482.5 482.8 485.8 490.5 495.4 499.2 502.5 501.9 498.2 494.3 485.7 478.6 473.9 484.3 494.2 505.8 515.6 527.7 543.6 559.4 577 590.2 604.6 621.2 639.6 656.3 673.7 687.7 693.8 686.1 671.7 649.6 644.1 642.2 636.9 620.9 610.4 593.8 581.4 544.5 489.1 444.8 412.9 388.8 368.1 349.6 330.5 313.6 310.6 304.6 299.2 293.1 285.9 282.8
826.8 819.9 808.9 780.8 741.1 698.3 665.8 634 603.6 584.5 570 553.2 548.9 553.7 558.7 547.4 539.9 534.1 529.3 519.8 513.3 507.9 495.5 496.3 494.8 493.4 496.4 501.7 506.1 510.3 509.6 507.6 503.3 494.7 488.4 478.3 485.5 496.6 504.4 512.1 525.2 536.1 550.5 568.5 583.1 598.5 612.1 629.3 645.8 664.8 681.4 693.6 699.9 693.4 685.6 669.3 657.4 646 634.5 618.4 598 581 567.9 539.7 498 446.7 416.8 394.6 372.9 354.4 336.8 336.4 330.7 325.5 322 319.4 314.9 304.7
816.2 809.1 789.9 762.8 727.8 691.5 661 632.6 614.4 591.4 575 561.7 555.2 546.5 541.4 538.3 535 530 525.2 517.8 513.5 509.1 506.6 504.4 502.7 502 504.7 507.8 513.1 515.2 512 506.7 499.5 493.3 489.7 490.2 497.3 505.5 517.6 526 536.1 547.2 562.3 576.7 594.5 608.3 621.7 637.7 655.4 673.2 690 703.8 705.7 699.8 688.5 673.1 659.2 646.3 627.2 606 587.5 568.8 550.5 527.6 493.6 454.6 423.2 399.2 379.1 358.1 359.1 352.6 350.7 348.4 343 339.4 332.3 334.3
809 798.7 769.7 742.6 711 678.2 650.3 626.9 603.8 588.2 576.2 561.6 553.3 549.7 551.4 551.1 543.7 537.8 530.3 522.6 515.3 510.2 507.5 506.4 506.5 511.8 513.6 517.1 518.4 517 515.6 509.1 501.1 501 496.3 497.1 507.3 517.8 527.6 540.6 548.4 559 571.2 586.8 602.4 616.3 632.4 649.6 667.6 684.3 697 703.7 702.8 693.7 682.5 667.2 653.1 636 615.8 588.2 567.6 552.8 536.1 513.1 491.2 466.7 435.5 407 389.8 374.7 375.2 373 371.7 374.2 372.4 365.9 368.5 365.6
798.8 787.4 754.5 724.9 696.9 666.1 642.7 621.2 607.5 590.4 574.1 568.2 569 568.9 568.6 566.2 556.3 546.6 538.9 532.6 524.4 518.9 517.1 517.9 522 524.9 527 525.3 522.6 520.5 520.1 522.2 517 510.3 506.1 504 513.7 525.3 537.8 547.5 556.8 567.4 580.3 593.8 608.6 623.5 641.9 660.3 677.5 690 697.5 698.5 693.2 683.6 673.7 661.2 644.3 623 601.2 577.4 556.6 539.8 526.6 510.8 490.7 467 438.6 415.3 397.7 395.2 392.1 393.4 395.4 397.7 391.5 390 387.8 376.2
786.9 770 739.4 709.3 680.4 654.4 635 617.7 603 592.2 589.7 588.8 593.2 593.6 593.9 590.9 578.7 569.9 556.1 543.9 533.6 532.5 533.5 533.1 536.6 539.1 537 530.6 530.3 531.6 534.3 537.5 528.5 521.1 512.3 511.7 517.5 528.7 540.1 551.8 562.7 574 586.7 599.9 615.9 632.5 649.2 666.6 683.5 697.5 701.1 702 696.4 686.6 674.7 655.2 631.4 613.9 594.2 570.3 553.9 534.9 523.5 513 487.9 461.4 441 418.4 412.1 410.5 410.4 414.1 427.8 428.3 417.7 406.9 393.7 379.3
785.7 760.8 725.1 692 663.6 641.8 626.3 615.3 603.3 605 605.3 610.8 618.4 627.9 633.3 627.3 610.9 600.1 581.6 568.2 557.3 558.7 554.4 553 559.5 561.7 554 550.2 546 545.7 546.4 542.9 533.4 526.4 523.7 522.7 523.9 536.1 547.1 558.5 571.7 581 595 609.4 624.9 641.6 658.1 674 691.9 703.2 709.8 703.6 694.9 684.4 667.8 648.1 626.3 601.2 582.2 566.1 552 531.5 518.2 506.7 492.3 467.6 446 430.2 426.8 425.5 432.4 436.4 441.5 434.3 428.5 417.4 401 390.5
778.9 752 717 679.4 654.1 634.8 623 615.1 612.6 616.3 618 625.8 644.5 667.6 681.8 678 662.7 646 615.5 602.2 587.7 590.2 584.5 583.9 587.3 588.8 585.4 578.5 574.4 571.6 565.7 555.3 544.9 536 535.8 532.4 534.9 543.1 555 570.3 580.2 591.3 605.1 619.6 634.8 649.4 667.2 683.1 698.3 706.8 707.5 703.2 695.6 681.1 664.5 642.5 622.4 602.9 586.2 566.5 542.5 529.4 516.4 505 492.5 476.6 460.6 449.1 443.4 452.4 457 456.8 442 435.3 432.6 418.5 400.7 386.7
771.2 741.5 704.8 671.3 644.4 631.3 622.3 617.9 614.6 622 626.7 634.8 658 683.8 710 725.4 711.6 699.7 667.4 644 635.2 623.7 619.2 614.7 619.5 619.2 622.9 609.9 611.4 604.7 590.6 573.4 559.4 549.7 549.8 546.3 544.1 550.9 565.3 579.2 589.5 600.2 616 628.4 643.3 659.8 677.1 691.4 702.7 709.6 708.2 700.6 689.8 674.8 658.8 635.2 611 594.1 578.9 563.4 546.9 532.1 520.2 506.6 497.4 486.2 475.7 466.7 461.5 468.7 468.2 453.1 442.6 436.8 431.1 416.1 401.9 381.2
764.9 729.8 696.1 664.3 642.3 628.3 620.6 615.3 617.1 625.1 631.9 642.1 666.1 696.1 725.8 756.3 766.8 744.9 719.9 699.7 679.4 664.1 672.4 673 665.3 662.3 659.9 654.9 650 634.8 612 583.2 568.8 565.2 565.4 563.8 552.3 565.6 580.9 593 600.7 611.1 623.8 637.5 652.7 667.9 683.3 699.1 708.4 711.1 701.7 691.5 680.1 666.1 644.9 628.9 608.6 590.3 575.3 563.9 548.8 535.9 520.5 504.5 490.1 480 479.3 474.4 466.7 466.1 455.9 445.2 428.8 422.3 409.7 403.4 387.4 370
747.5 714.1 682.6 654.7 638.6 626.7 618.5 614.9 619.7 626.7 636.4 652.5 674.8 708.6 740.7 773.4 803.6 789.8 768 751.8 711.6 718.5 726 719.8 711 704.4 699.3 683.3 665.7 646.2 621.6 605.2 598.6 590.5 586 578.2 563 578.5 592.6 603.9 610.8 620.9 634.5 646.8 661.4 676 692 705.8 716 714.7 698.8 682 667 652.7 633.5 614 596.3 583.1 572 561.7 546.2 533.9 520.9 506.5 496 477.1 474.4 466.4 457 441.4 430.5 418.3 408.9 399.9 385.7 369.5 358.3 345.4
744.6 711.5 682.2 655.9 639.8 627.3 618.5 616.9 622.6 630 639.6 659.3 687.3 719.1 752.1 786.3 819.4 830.5 813.3 777.7 759.2 768.7 769.9 767.3 759.3 738.1 715.6 691 674.9 656 637.2 623.6 617.9 608.3 598.3 587.3 584.6 592 602.8 611.4 620.1 632.5 645.1 658.3 672.2 684.5 697.7 708.4 712.4 706 682.7 664.9 651.5 637 621.4 603.5 585 573.1 561.8 552.5 545.6 527.6 512.2 495.7 477.2 464.5 455.2 448.8 443.9 428.7 419.5 414.3 399.6 387.9 374.5 349.5 334.2 316.9
753.6 712.5 682 656.5 641.2 628.2 621 621.3 626.5 634.1 645.8 667.7 697.3 729.5 761.1 793.4 828.1 857.1 844.1 813.5 809 814.1 813.9 802 779.9 755.1 721.2 697.4 678.6 665.5 650.9 639.5 630.1 618.9 609.5 596.1 598.6 607.2 616.4 624.7 631.8 645.8 658 671.7 683.9 692.8 702.2 703.5 696.7 684.3 662.8 649.5 639.2 622.8 605.2 586 572.2 565.5 555.5 535.2 523.7 502.6 490.4 479.8 467.2 449.1 435.9 427.8 426.5 417.8 405 392.6 382.7 368.4 354.1 334.2 319 305.4
758.3 715.4 682.4 660.4 645.2 631.9 625.1 627.5 633.6 642.9 656.7 677.1 707.5 738.4 770.2 802.3 835.4 871.5 877.5 846.8 851.2 849.9 833.7 817 794.2 762.8 729 700.6 685.1 674 661 652.2 640 630 616.9 610.5 617.4 625.4 631.2 635.9 644.4 657.1 670.1 683.1 693 698.4 702.5 690.9 678.2 668.3 651.4 631.1 619.8 609.3 586.3 567.5 555.6 544.7 526.3 509.8 492.2 482.2 468.5 460.3 441.1 432.8 416.6 413.3 410.5 400.2 384.5 370.6 359.3 344.6 330.4 315.3 294.6 286.3
761.8 719.7 687.5 667.4 650.1 636.3 634.9 635 640.7 653.5 667.3 689.1 719.5 749.5 780.8 814.2 847.2 874.2 867.6 855 844.5 829.6 815.3 802 785.3 760.4 732.8 708.5 695.3 681.4 669 656.6 645.3 634.6 619.2 628.1 633.2 635.6 638.9 643.5 655.5 667.5 682.2 693.1 700.6 701 687.8 675.4 664.8 652.4 629.3 611 603.5 585.1 563.7 552.2 536.6 520.8 504.1 483.3 474.7 459.3 448.9 440.3 423.1 411.5 401.8 395.7 392.1 379.2 359.3 343.4 332.1 318.4 306.7 288.6 271.3 257.4
764.3 725.2 696.1 674.7 656.2 652.2 650.1 649.6 651.1 665.1 681.1 705.3 735.2 766.8 796.2 824.1 848 852.8 842.3 831.6 817.1 804 793 781 765.5 751 738 722.8 701 686.5 675.3 662.3 650.1 633.5 638 641.7 643.8 645.5 651 656.4 666.7 679.3 691.1 700.1 697.4 685.3 671.4 656.7 643.4 626.1 607.9 588.5 574.2 557.4 544.9 535.2 523.3 503.5 480.8 467.6 457.6 443.8 428.8 415.9 403.9 389.9 384.2 379.1 363.8 349.8 329.9 314.1 298.8 285.9 271.2 259.6 246.9 234.7
766.4 730.5 705.8 683.3 673.8 671.4 667.1 667.6 669.4 682.7 702.5 728.2 756.1 786.6 817.4 837.5 835.7 827.8 816.8 805.1 792.3 780.5 768.7 756.2 745.6 736.5 728 716.5 703.5 691.2 677.8 664.9 652.3 647.9 650.4 652.2 654.6 660.3 665.6 670.1 678.7 688 696.9 695 681.6 666.5 652.4 638.5 624.4 608.2 591.9 573.7 554.8 541.2 528.4 515.6 503.7 484.3 461.8 443.6 432.3 418.6 405.8 391 379.2 373.9 364.1 350.1 331.5 314.9 299.1 282.4 266.3 252.7 242.6 234.2 225.2 221.2
765.2 730.6 710 699 693.1 689.1 689.5 692.6 698.9 711.5 730.8 757.8 784.6 813.4 830.8 823.5 814.1 804 793.4 781.5 769.6 757.1 743.2 732.7 724.2 720.6 715.3 707.8 698.2 689.2 678.5 668.8 655.8 660.9 662.8 664.5 668.8 673.6 677.6 680.5 689.5 696.1 694.5 682.1 664.2 647.5 632.6 616.3 600.8 586.9 571.2 555.4 537.6 522.6 509 495.9 482.5 458.1 433.8 416.1 405.7 395.4 380.4 365.9 358 347.4 331.9 320 299.9 284.4 268.3 252.8 240.2 230 221.9 216.7 213.2 207.7
766.3 737.3 727 717.4 710.3 713.1 719.1 726.6 734.8 749.5 770.4 793.2 813.7 826.5 815.2 803.4 792.2 781.5 772.7 761.6 750.6 739.8 730.4 724.6 720.9 716 711.5 704.1 696.4 688 680.6 669.5 660.2 673.5 674.8 677.9 681.1 685.2 687.2 692.5 698.3 694.9 682.9 665.9 648.6 632 616.8 600 583.8 568.7 554.6 535.9 521.2 507.2 489.3 472.7 454.1 431.5 405 393.2 377.8 368.3 352.5 344 329.1 318.8 302 287.6 275.1 258 243.3 229.2 220.7 216 210.4 207.2 204 200.8
770.3 756.3 748.2 739.7 740.2 741.9 752.2 774 787.5 798.3 814 831.3 822 806 791.4 781.3 776 766.5 755.6 745.9 738.3 730.5 723.1 718.6 715.4 712.3 708.2 702.4 695.7 688.7 675.6 670 680.7 683.8 686.7 688.9 691.8 694.1 695.8 700 704.1 697.5 675.6 653.1 636.4 617.9 596.1 578.6 561.9 545.8 530.1 516 500.2 485.3 470 449.5 430 404.2 387 368.8 357.2 342.9 326.9 316.3 306.8 292 275.2 259.9 246.1 235.4 226.5 217.5 211.5 206.2 202.9 201.6 200 198.4
790.9 777.4 778.2 777.8 775.9 779.8 783.2 809.9 841.7 857.6 835 812 794.1 779.6 770.8 766.4 759.8 750.5 741.7 735.5 728.8 721.5 718.5 716.7 711.2 708.3 702.1 695.9 690.2 691.7 690.6 691.4 693.2 695.7 698.1 700.5 701.7 702.6 703 712.8 712.5 693.4 664 640.3 617.7 596.1 577.9 556.5 539.9 523.3 508.6 494.6 479.2 463.6 441.4 423.2 404.4 381.7 363.6 346.8 333.3 318 304.5 299.8 288.5 264.2 250.6 240.9 229.5 221.7 213.3 208 204.8 203.6 202.5 201 199.9 197.3
818.7 807.9 807.3 811 816.8 824.8 828.1 845.9 851.7 826.4 801.3 779.9 764.8 753.5 745.5 743.7 738.1 732.1 726.4 725.4 722.9 720.4 717.1 714.4 710.2 708.3 705.6 703.5 701.6 700.1 699.7 702.4 706 707.5 708.1 709.5 709.5 710.2 712.1 720.2 712.4 680.9 647.9 621.2 595.9 574.7 555.9 535.1 516.5 499.3 485.2 470.1 454.9 436.4 417.2 393.7 375.7 357.5 339 323.1 310.3 295.8 283.2 271.3 254.9 243.6 232.8 223.4 216.8 212.3 207.6 206.4 204.7 203.6 200.1 198.9 198 197.6
868 857.3 853.4 853 857 861.1 869 854.4 821.2 795.9 773.3 751.3 737.5 727.3 723.1 723.5 721.5 719 718.2 718.4 718.4 718.4 718.6 721.3 716.1 711.6 709.6 710.3 709.6 713.4 714.7 716.3 718.8 718.4 718.1 717.6 718.6 719.6 726.1 719.7 691.9 659.4 628.6 597.2 579.2 552.5 532.5 511.6 493.7 478.9 463 447.1 434.4 418.6 391.5 367.6 350.4 331.5 317 303.7 288.1 273.1 264.5 248.4 233.9 224 216.2 212.6 210.5 208.7 206.2 205.7 204.2 200.9 199.7 198.9 198.4 197.9
921.7 904.6 903.1 903.7 905.9 909.5 869 835 813.6 787.5 758.6 739.4 728.4 720.6 718.4 718.4 718.4 718.4 718.4 718.4 718.4 718.4 718.4 720.5 717.8 716.2 718.6 720.7 724.4 726.8 727.4 726.8 726.2 726.5 726.8 726.9 730.4 734.7 727.8 701 665.9 632.8 599.8 576.3 553.5 532 509 490.8 474.2 455.8 439.1 424.3 405.5 385.5 361.4 342.5 325.5 311.2 298.4 285.4 269.6 257.9 245.6 231.7 220.7 214.2 212.5 210.1 208.3 205.7 203.9 202.3 201.3 201.1 200.6 199.6 199.2 202.9
921.4 929.9 936 941.6 946.5 915.3 872 836.6 815.5 791.8 765.9 742 727.9 721.1 718.4 718.4 718.4 718.4 718.4 718.4 718.4 718.4 721.1 723.2 726.5 728.2 734.7 737.3 738.6 736.8 737.5 740 735 734.3 736.4 742.2 744.4 736.3 707.5 670.3 638.4 610.8 578.9 554.5 533.9 508.8 486.2 470.2 449.9 431.7 409.4 393.4 371 354.4 335.3 317.2 303.7 291.9 280.2 267.7 252.3 239.9 226.8 216.3 213.9 212.1 211.2 209.2 207.5 204.9 203.4 202.3 201 200.7 202 208.2 209.5 222.1
917.3 926.2 934.7 942.8 947.1 927.1 893.3 850.8 825.6 797.3 770.2 750.3 731.9 720.2 718.4 718.4 718.4 718.4 718.4 718.4 718.4 718.4 727.2 731.5 737 741.2 747.5 752.8 755.7 758.1 760.1 760.2 756.6 755.1 757.9 758.1 731.9 710.1 684.8 647.7 613.6 584.1 558.7 540.6 510.5 488 462 443.6 426 404.1 386.6 362.8 345.5 328.7 312.9 296.8 284.9 273.3 262.8 249.5 235.6 226.3 216.5 213.3 211.6 210.4 209.2 208.1 206.5 203.8 203.3 202.3 205.1 204.1 214.4 225.2 234.5 245.9
910.2 919.8 929.1 938.4 946.5 941.2 897.4 875.5 847.3 818.7 795.7 771.9 745.5 727.6 716.9 718.4 718.4 718.4 718.4 718.4 718.4 727.1 732.4 740.7 749 757.4 764.3 771.2 775 779.7 783.8 781.9 774.2 772.6 758.3 737.9 716.5 689.6 655 624.5 594.6 562.4 541.4 513.4 489.6 464.9 438.8 420.4 402.6 379.4 366.2 345.8 323.1 308 292.7 278.8 265.9 257.1 245.4 233.2 225.6 217 212.7 210.2 208.8 209.6 205.9 206.6 205.7 204.1 206.1 208.9 209.4 212.1 226.9 239.8 253 272.1
901 910.5 919 929.1 939.4 946.5 940.6 926.7 890.5 852.3 826.6 805 776.8 746.5 728.9 718.4 718.4 718.4 718.4 721.8 729.9 737.8 745.9 756.7 768.9 775.6 783.5 787.8 795.3 801.5 804.9 796.2 777.9 761.6 743.1 715.8 695.5 664.8 635.2 601.6 575.5 550.8 524.1 489.4 464.6 436.6 415.9 394.6 372.9 356.5 339.5 318.2 303.4 289.9 275.1 262.6 250.9 241.5 228.8 222.3 216.8 212.4 209.7 206.9 208.3 208.9 207.8 206.2 207 210.4 212.5 217.6 223.2 234.1 249.8 261.8 273.5 287.8
887.7 898.1 908.6 918.4 930 937 942.1 941.3 931.6 904.4 876.7 844.1 811.8 776.8 757.9 745.6 736.3 736.3 737.5 742 749.6 756.8 769.9 779.2 787.1 793.3 799.8 807.2 814.7 819.6 802.5 776 760.7 743.3 719.5 697.5 673.2 644.2 621.9 587.2 567.5 534.3 500.2 463.9 438.1 412.6 390.1 369.8 352.4 333.6 316.9 299.5 286.6 271.7 259 248.3 236.8 228 220 218 211.5 208.9 208.1 207.9 210.4 211.8 211.5 211.7 213.1 216.9 222.6 231.7 242.4 258.9 274.7 288.8 298.4 310.4
877.1 885.3 899.2 911.7 921.9 928.1 931.8 933.8 934.9 933.7 914.9 881.7 845.9 808.1 785.7 770.6 774.4 777.3 768.8 769.1 772.8 784.2 792.1 797.3 804.8 813 821.2 822.7 814.4 791.1 764.9 745.6 727.7 706.5 689.8 669.1 645.7 625.5 597.2 570.3 540.7 505.8 468.7 436.9 413.9 389 367.7 351.5 333.1 312.1 294.9 283.7 269.7 256.6 245.7 233.1 226.5 220.4 216.1 212.3 208.7 209.3 208.5 210.1 212.1 214.9 219.1 222 226.9 230.8 238.1 251.7 264.4 282.7 303.5 317.8 326 337.2
864.3 875.3 887.8 901.7 911.9 918.8 923.7 928.6 932.4 934.5 929.6 896.4 858.5 839.8 824.8 834 817.2 816.3 806.5 803.5 805 810.6 818.6 824.7 836 842.3 834.5 811.7 784.4 758.7 731.9 711.6 693.1 670.6 660.1 635.7 619.5 600.7 577.2 539.9 502.6 466.6 438.4 410.6 389.6 366.7 347 328.5 311.1 293.8 282 268 257.8 245.1 232.2 223 218.1 214.5 211.4 209.2 208.4 209.5 212 212.8 219.7 226.4 233.3 238 241.4 249.3 260.4 271.6 286.5 305.3 333.2 360.9 364.2 380.6
849.6 862.6 876.8 889.8 899.5 907.9 914.8 920.4 925.1 928.9 920.8 868.8 830 807.6 806.5 817.1 819.2 825 835.4 838.3 841.9 849.3 857.5 860.1 838.5 827.2 801.3 785.1 756.4 722.4 701 680.6 661.2 639.4 624.4 605.4 588.9 568.8 542.1 510 472.5 438.5 410.9 387.9 369.8 348.6 325.8 307.8 294.9 282.4 266.2 254.6 240.2 230.7 225 219.1 213.2 210.4 209.7 209 208.8 211.8 216.5 223.2 232.5 239.9 242.1 248.9 260.3 270 280.3 292.8 313.2 338.9 357.6 389 411.9 424.7
836.4 853 865 875.8 886.7 896 904.1 910.9 916.7 919.1 895 850 804.9 782 767.3 774.6 776.7 780 784.9 792 803.4 806 810.2 813 801.8 782.9 762.8 741.7 713.5 691.8 671.3 653.1 636.1 615 600.8 583.9 563.2 534 500.7 474.6 446.6 412.2 391.6 366 347.4 327.2 308.4 293.4 279.5 266.4 253.1 240.7 227.8 223 217.3 214.5 211.6 210.8 210.1 209.2 209.8 212.8 224.4 235.3 245.7 252.4 259.2 270.5 285.5 292 301.1 319.3 345.9 369.1 382.2 403.9 423.1 441.3
823.5 838.3 849.7 861.9 872.7 883.4 893.1 901.4 907.5 910.9 880.3 805.8 779.2 748.8 732.5 730 737.1 743.5 746.4 748.9 756.4 760.4 762.8 761.3 751.2 738.9 723.6 707.2 683.9 663.1 643.6 625.7 609.7 592.8 576.1 560 539.4 508.6 474.8 443.7 415.1 391.6 367.7 343.5 325.5 309.3 294 279.3 263.6 251.5 241.4 228.1 223.4 218.6 214.8 212.6 211.2 210.7 210.5 210.5 216.6 221 236.4 248 261.3 269.1 277.8 291.2 308.4 316.7 328.7 352.1 378.3 390.6 414.3 431.6 442 460
808 820 831.7 843.5 856.9 868.7 880.8 892.5 901.6 906.7 882 802.7 748.2 723.6 704.8 695.9 700.4 709.6 709.7 712.4 716.4 720.8 720.7 720.6 713.2 704.2 690.5 674.5 657 637 617.9 601.1 584.9 570.7 554.5 534.8 511.1 483.4 449.8 420.6 392.8 368 344.8 322.6 307.8 290.9 275.7 261.9 252.3 243.3 239.9 228.7 224.9 215 212.5 212.1 211.2 211 210.2 215.7 222.1 236.8 248.8 260.4 274.9 286.1 297.8 312.9 324.3 338.4 361.4 385 396.2 415.5 437.8 449.5 467.9 478.2
