GeneralExemplars/GeoExemplars/LakeDistrictData/data/LakeDistrict/terrain-50-dtm_3563996/ny/NY31.asc
ncols 200
nrows 200
xllcorner 330000
yllcorner 510000
cellsize 50
[rows 0 to 34 of 200, columns 0 to 77 of 200]
263.9 251 233.6 222.6 210.8 195.9 185 177.4 169.7 167.3 167.8 168 168 168.6 167.9 168.1 170.8 171.4 168.8 168.7 173.6 168.5 173.1 173.4 178 180.6 196.6 205.6 214.7 230.8 252.6 270.7 273.5 264.4 224.3 188.1 158.2 155.9 171.7 193 213.9 234.6 257.4 272.1 295.3 318.8 338.3 358.8 385.8 416.7 434.8 451.6 462 479.8 493 504.1 519.8 531.4 537.7 539.8 549.6 554.8 562.8 574.3 581.4 584.6 591.7 599.3 602.3 613.7 630 646.4 663.9 677.6 693.2 710.2 729.6 746.7
287.9 284.9 267.9 247.6 229.1 214.3 197.5 185 175.4 167.4 167.4 168 167.8 168.6 168.8 168.5 168.5 176.7 180.5 168.8 169.2 169.2 180.1 183.9 177.4 175.8 182.9 189.8 201.5 230.8 258.6 264.3 249.7 232.5 194 163.5 157 159.5 178.6 200 219.5 234.8 247.5 267.3 287 311.5 335.3 361.1 386.2 399.5 418.1 431.9 431.1 456.1 465.2 475.5 503.2 509.9 516 540.8 549.2 554 558.8 565 582.7 595 601.5 610.2 621.2 633.7 644.4 662.4 677.6 696.5 715.3 733.3 750.5 765.9
303.3 309.6 299.9 276.4 255.1 239.3 220.7 197.4 182.5 170.2 167.4 168 167.8 168.2 167.4 167.8 168.3 168.9 172.3 170.1 170.4 169.3 183 188.8 178.8 183 177.4 181 194.9 224.7 240.3 243.7 225.5 201.4 177.2 157.4 159.1 163.4 185.5 207 228.4 236 248.5 263.3 285.8 313.1 335.3 354 360.7 394.1 397.4 438.2 458.4 475.4 495.4 504.4 496.6 509.7 528.2 550.8 565.1 575.6 585.1 593.1 597.8 608.4 617.8 626.1 636.8 647.9 662.3 677.6 696.1 712.4 734.8 753.5 766.8 776.3
319.8 327.4 320.1 298.1 285.7 265.1 234.8 208.7 192.2 174.9 167 167.9 167.8 168.5 167.7 168.4 169.5 171.7 169.8 169.2 168 167.7 175.3 188.1 179.2 190.2 184.3 174.9 182.5 202.3 217.5 222.3 219.5 201.1 159 160 163.2 168.9 189.8 205.7 221.5 229 243.3 264.5 291.9 306 323.4 350.3 377 405.9 427.1 452.6 470.5 487 504.6 516.9 526.9 537.9 547.3 559 570.8 580 589.7 599.7 609.7 621.7 633.1 643.2 656.3 671.1 684.9 698.3 716.2 736.1 752.6 765.7 774.8 783.7
333.2 345.1 342.3 327.6 316.8 293 253.4 227.1 207.8 189 171.9 167.9 167.8 168.8 170.6 178.8 188.9 190.1 180.6 178 169.6 166.3 168.6 178.5 183.4 188.7 181.7 171.8 173.8 187.2 203.5 210 208.5 190.9 158.8 162.2 166.4 172 186 201.2 210.9 224.7 242 268.6 285.5 302.3 320.2 345.5 367.8 399.9 428.4 452.6 470.4 488.6 505.8 519.7 531.6 543.2 556 567.8 577.5 587 597.4 609.1 622.8 634.6 647.2 663 681.8 698.8 709.8 722.2 738.6 753.9 765 772.4 777.5 782
333 353 368.2 359.7 347.2 323.9 281.5 245.4 223.6 204.3 188.9 182.4 179.9 184.4 188 197.6 219.2 206.6 186.1 178.5 171.7 166.1 171.3 176 193.5 195.5 194.3 172.6 167.7 173.8 188.4 200.7 214.1 183.1 159.2 163.2 168.5 174.7 184.1 198.8 211.5 228.5 247.6 280.1 301.6 303.7 321.7 341.3 364.9 395.9 422.7 447.3 466.4 488.2 505.3 522.3 537.4 551.2 562.1 574.2 584.7 594.6 605.9 619.1 633.4 648.6 667.2 688.4 707.7 722.6 733.6 744.9 756.3 767.4 773 775.2 776.9 778.7
328 349.2 366.7 387.9 385.7 357.5 309 272.7 247.6 223 207.6 204.2 205.6 209.1 212 216.5 220.3 207.3 193.1 184.6 173.9 168.1 167.7 170.4 174.5 187.4 185.9 168.5 165.9 170.1 175 193.8 205.6 179.3 160.3 163.6 168.3 174.9 187.4 197 213.1 234.4 299 334.7 310.9 304.2 330.3 346.8 368.1 393.5 421 443.4 466.8 487.2 505 524.6 541.5 555.2 566 578.4 590.2 602.2 614.5 628.3 644.8 662.7 686.8 706.4 724.1 737.7 748.7 761.7 770.6 775.5 779 778.6 777.6 775.2
328.1 352.7 370.8 393.2 407.3 375.8 333.9 298.7 274.1 250.8 231.3 228.3 231.1 234 238.4 236.2 233.7 218.3 206 199.9 190.5 176.6 170.5 162.5 162.5 172.3 172.7 166.2 164.6 166.8 170.1 190.9 192.6 167.1 160 162.4 164.9 184.3 189.3 200.9 218.2 257.3 315.2 331.9 312.5 311 327.8 347.9 365 390.1 421.4 446.1 466.7 485.3 506.3 526.9 542.6 558.5 571.5 584.6 598 609.9 624.6 640.8 656.5 676.7 698.3 719 733.5 746.4 762.1 775.3 780.7 781.5 781.9 780.5 777.6 771.2
331.4 351.4 372.3 389.1 402.5 405.7 370.9 336.2 302.2 288.5 278.2 253.1 256.2 259.6 264 254.7 236.3 219.4 205.6 197.5 192.7 186.1 171.5 160.9 161.3 161.3 163.7 161.5 164.1 164.2 165 175.2 175.1 162.4 159.4 159.8 162.2 174.1 185 205.6 229 268.1 313.2 316.8 309.5 315.3 326.8 343.4 363.1 393 422.1 446.5 467.6 486.9 509.5 528.7 545 562.2 577.3 592.8 606 619.5 634.4 649.8 667.1 688.1 705.8 724.4 739.9 754.5 775.5 786.9 785.1 783.6 783.2 780.9 776.7 766.4
328.7 355 370.7 380.9 396.5 411.3 402.4 384.4 346.7 324.3 311.2 285.3 281.4 280.8 268.6 250 231.3 216 200.9 186.3 180.9 174.2 160.1 160.5 160.2 160.1 160 160.3 160.4 162.6 165.9 160.4 161.4 160.1 159.7 159.4 160.1 169.3 182.5 210.1 240.2 268.2 301.5 308.9 306.8 314.8 329.1 349.8 370.5 397.9 423.4 449.8 473.9 494.5 513.8 532.9 551.4 568.3 585.2 603 613.4 629.8 644.8 660.1 680.4 696.4 711.2 725.6 742.3 762 777.4 782.8 784.3 783.8 783.1 780.4 776.4 769.7
332.2 353.7 373 387.6 394.6 412.9 414.8 403.8 383.6 360.9 335 309.7 299.7 281.2 260.9 250.9 232.8 213.7 193.8 178.3 167.4 161 160.8 162.2 165.1 165.2 163.3 159.6 159.6 165.5 168.1 167.4 165.4 160.2 160.4 159.7 159.9 166 183 211.6 233.9 258.6 289.3 298.2 305.3 317.6 327.9 347.9 372.1 400.4 428.8 461.7 489.6 504.9 521.9 540.4 559.3 577.6 591.8 605.2 621.9 639 655.5 672.6 684.4 698.9 713.1 723.4 737.9 753.4 765.6 775.5 780.4 780.5 779.9 780.9 779.1 775.5
338.3 371.2 397.5 400.2 404.1 407.6 412.7 403.3 389.9 369.2 345.7 312.9 297.5 274.2 256.1 240.7 226.5 205.8 183.7 168 162.2 168.8 171.1 170.9 175.8 172.2 165.1 161.3 163.7 166.9 169.9 167.9 166.8 161.1 160.4 159.8 159.7 163.3 186.3 210.4 238.8 254 279 287.7 305.2 316.6 328 352.4 376.1 400 431.2 476.6 501.3 516.2 533.9 549.8 566.3 584.9 599.1 613.4 628.5 646.4 664.2 676.6 683.4 695.8 706.1 715.1 724.7 739.3 754.3 763.5 771.1 773.6 775.9 778.1 779.4 778.9
345.4 403.9 416.5 417.1 417.9 416.1 397.5 401.1 395.6 381.5 348.6 312.7 285.1 276.7 245 225 212.3 192.7 172.7 167 161.4 166.2 166.9 170.7 173.5 174.7 171.1 162.6 169.5 172.8 180.5 173.2 166.6 161.1 160.5 160.2 160.2 169.3 188.6 211.3 243.1 264.5 270.1 280.9 303.6 322 330.8 354 377.9 403.5 440.1 485 505.2 521.6 539.5 558.2 576.1 591.4 606 620.9 635 648.2 658.8 667.5 673.5 680.2 688.2 698.6 711.3 725.7 737.5 746.4 753.1 754.9 761.8 769.8 773.7 776.3
348.3 383.7 409.9 427.7 438.7 414.6 388.5 381.2 377.9 375.7 342.5 316 270.6 249.7 231.8 211.3 197.6 180.3 168.9 162.5 161.2 162.9 167.4 174.1 173 172.6 172.6 173.5 173.3 177.9 193.4 179.9 166.1 161.3 160.8 160.8 160.9 166.7 188.6 212.6 235.6 252.9 260.7 274.1 299 324.2 333.5 352.2 376.3 406.5 445.9 494.1 513.2 530.2 552.3 571.4 586.7 601.5 615.4 626.7 634.8 643.4 649.8 657.1 662.6 667.8 673.4 682.1 696.9 709.3 718.6 725.8 729.5 721.4 740.1 752.6 761 765.7
353.3 383.7 411.1 419.1 429.7 404.8 379.4 367.8 359 339.7 314.3 279.8 252.8 233.4 216.3 198.6 186.6 172.5 162.6 161.4 161.5 166.5 168.4 173.6 176.5 176.8 180.7 179.8 176 184.3 198.3 179.7 165.8 162 161.6 161.6 162.8 170.2 185.6 207.1 225.8 236.2 249.8 267.6 290.9 313.3 329.8 350.7 386 416 457.2 495.9 520.6 534.2 558.9 574.4 588.3 599.3 611 619.7 624.5 631.2 638.5 645.9 649.5 653.3 656.2 666.9 679 690.8 698.8 704.6 701.3 693.6 719.3 734.1 743.2 749.1
350 370.2 395.3 406.1 409.7 395.7 375 355.3 339.4 317 285.9 264.5 241.3 219.6 204 188.7 175.4 164.1 161 161.4 161.4 174.7 169.6 175.5 178.8 195.7 196.2 196.5 187.5 189 194.8 174.9 164.4 162.3 162.3 162.3 163.1 173 186.5 200.2 212.6 225 242.4 263.1 284.6 305.2 325.7 354.6 387.9 424.7 458.4 494.6 522.8 544 557.9 572.5 583.4 592.9 601.1 608.4 613.8 619 624.5 630.4 634.9 638.4 637.3 648.8 661 671.6 678.3 680.6 669.7 678.4 702.9 716.2 725.1 731.4
354.2 371 388.2 402.6 408.1 399.3 373.2 349.5 322.2 301.5 270.6 248.3 227.4 210.4 194.5 182.4 170.3 163.6 161.3 161.9 162.9 174.1 171.4 174 187.9 195 200.2 199.2 193.6 199.1 194.5 173 162.8 162.7 162.6 162.7 164.9 174.2 187.4 196.7 205 217.8 232 255 277.2 301.6 325.7 351.2 384.2 419.3 451.9 487 517.7 539.2 554.4 565.5 576 584 591.3 596.6 601.8 607.3 612.9 618 620.8 621.7 618.5 631.1 641.3 649.5 655.8 656.9 643.4 662 680.9 693 702.1 707.6
368.5 374.9 388.4 400.2 409.5 388 358.1 330.3 303.8 282.2 258.9 238.2 222.6 203.9 190.2 180.7 174.7 165.6 161.4 161.7 165.7 171.4 172.6 181.7 201.1 211.8 210.1 204 204.8 208.5 192.8 172.6 163.3 166.2 163.1 163.7 165 183.3 183.6 191.3 201.8 214 230.3 251.5 273.1 300 328 355.6 384.2 414.7 449.5 485.9 513.8 539.4 545.2 553.9 564.7 574.2 578.6 583.4 589.4 596 600.1 603.4 605.7 605.3 601.2 612.8 621.4 627.2 631 631.7 618.4 643.6 658 668.7 675.3 679.1
376.9 383.5 386.8 397.5 399.5 378.1 345.3 319.1 296.4 277.2 255.3 238.2 219.1 196.6 187.7 179.4 172.9 163.3 166.8 167.1 164.8 172.8 174.2 195 216.5 220.4 219.9 224.6 227.3 219.2 195.2 174.2 163.9 164.1 164.5 165.5 166.9 176.3 189.4 194.4 199.1 209.9 230.8 250.6 270.3 295.5 325.2 350.7 382.3 409 446.5 486.6 504.6 522.2 535.1 543.8 552.8 558.6 563.5 568.4 574.7 580.8 583.8 588.3 589 588.8 586.2 593.7 599.1 601.7 604.4 604.6 600.8 620.2 632.8 642.2 645.5 667.4
374.4 381.1 387.9 395.8 395.4 370.4 338.7 311.4 294 273.6 256 241.1 214.5 194.4 182.1 173.1 167.5 167.6 174.3 180.6 171.6 170.6 184.7 208.2 224.8 232.3 240.8 248.6 244.5 234.3 200.9 176.5 164.5 164.8 167.2 167 168.8 173.6 185.7 192.1 198.6 212.4 231 248.4 270.7 295.1 323.3 349.6 375.2 401.6 432.4 465 483.4 503.1 520.7 529 537.4 544.9 550.2 554 559.3 565.1 568 570.7 572.3 572.4 569.3 573 574 574.3 577.2 577.3 585 598.5 607.4 624.5 652 680.1
373.8 383.6 390.1 394.2 384.7 361.3 336.9 315.2 295.5 275.4 265.9 231.4 209 193 180.3 173.2 168.7 172.9 173.3 179.1 178.4 178.4 196.4 217.1 240.2 251.4 263.2 274.6 260.8 244.1 207 181 165.9 165.8 167.4 168.7 171.3 174.4 181.9 188.9 197.7 211.6 228.6 249 271.6 287.8 303.1 334.9 356.5 385.5 413.8 435.4 449.9 474.6 494.7 515.8 523.9 530.4 536.9 540.8 545.8 549.7 553 554.1 555 555.5 552.5 553.1 550.6 561.9 574.2 588.3 599.8 605.3 613 631.8 647.6 675.8
376.1 388.9 394.5 396.8 390.6 370.1 350.6 325.9 298.8 278.3 258.5 230 204.8 189.7 181.7 176.6 173.7 179 178.4 178.4 178.4 180.6 201.3 224.7 248.1 271.4 285 297.1 277.6 245.2 212.8 190.9 168.8 166.3 167.7 168.9 172.5 175.2 180.4 188.5 197.3 207.6 221.1 242.6 263.3 288.1 311.6 332.3 347.5 354.5 379.8 402.7 417.2 445.1 473.2 494.8 508.3 515.8 522.6 528.6 533 535.6 536.8 537.2 538.4 539 535.1 550 560.5 571.2 583.1 596 611 625.7 636.4 639.4 648 670.2
389.6 387.1 394.2 401.5 399.6 409 389 368.2 308.9 279.8 253.1 221.3 197.2 180.3 182.5 182 178.4 178.4 178.4 178.4 178.4 181.7 205.1 229.8 252.8 277.6 303.7 310.6 280.4 247.9 226.6 206.9 180.4 166.7 168.5 169.1 171.8 174.8 178.8 184.3 193 209.7 225.8 241.9 263.2 288.2 312 335.8 359.6 375.9 371.8 383.8 401.4 417.2 443.5 468.5 493.6 506 512.6 517.8 518.8 520.9 519.2 517.8 524.9 534.4 541.7 550.1 563.5 574.9 588.5 603.5 619.1 635.5 653 666 674.9 686.1
391.7 393 402.7 411.7 417.8 441.1 437.4 432.2 330.7 284 247.5 214.1 187.8 178.4 178.4 178.4 178.4 178.4 178.4 178.4 178.4 180.5 208 232.5 257.1 281.7 313.9 319.3 289.5 259.2 239.9 213.3 181.2 166.8 167.2 169.7 171.3 173.3 176.5 180.6 191.4 208.4 225.6 247.3 266.9 290 312.8 337.4 363.2 392.7 409.8 415.9 433 443.3 440.3 465.4 480.9 491 499.2 502.5 505.8 509.2 526.1 533.8 540.3 546 550.8 559 567.7 578.1 593 609.4 629.7 650 667.6 684.1 701.4 714.2
393.2 399.5 411.8 419.8 432.2 450.7 455.9 433.7 351 296.4 241.3 214.9 183.7 178.4 178.4 178.4 178.4 178.4 178.4 178.4 178.4 178.4 204.6 233.4 260.9 286.1 313.2 323.1 299.5 268.3 247.7 214.4 180.6 167.4 167.4 170.3 170.6 172.6 175 178.2 192.4 207.9 228.6 246.3 269.9 291.1 313.8 340.6 369.7 400.6 429 445.1 460.2 472.6 471.7 467.5 469.9 477.7 480.8 503.2 513.4 526 534.5 540.7 546.9 553.8 558.7 566.5 575.5 585.6 596.8 617.3 638.3 660.2 680.9 700.1 720.5 738.4
397.4 406.6 420.7 431.5 439.8 445.3 452.4 434.8 360.2 296.9 237.7 207.8 185.4 178.4 178.4 178.4 178.4 178.4 178.4 178.4 178.4 178.4 201.4 229.1 258 286.9 314.8 330 309.1 277.2 248.7 215.7 180.9 168 168.1 171.1 169.9 172.1 175.6 182.3 193.1 210.6 232.8 250.4 270 291.7 317.6 345.3 378.1 418 442.1 463.2 473.6 485.2 493 499.6 503.8 505.6 509.3 517.1 525.3 532.5 540.3 547 553.8 560.6 567.5 576.7 585.2 595.7 609.5 621.4 644.7 669.7 691.6 712.8 732.2 750.7
401.2 412.9 427.2 435 445.6 435.3 440.6 375 325.5 276.1 239.5 211.5 183.9 178.4 178.4 178.4 178.4 178.4 178.4 178.4 178.4 178.4 196.5 225 249.1 275.9 307.7 319.2 302 280.2 245.8 211.5 176.6 168.8 169.2 169.7 170.6 173.7 178.5 186.9 198.3 213.2 232.8 251.8 270.1 292.4 320.2 350.5 383 418.9 449.4 468.2 478.6 489.4 499.3 506 511.8 515.5 518.7 524.6 531.6 538.3 545.4 552.9 559.8 570.1 578.6 588.2 598.5 611 625.2 640.8 647.4 678 701.1 720.9 740.5 758.8
406.5 423.5 432.2 440.4 450.1 427.8 391.4 358.9 324.8 275.4 238.1 208 188.2 178.4 178.4 178.4 178.4 178.4 178.4 178.4 178.4 178.4 190.3 210.9 233.5 257.6 283.6 300.9 290.9 276.2 241.8 208.1 175.2 169.5 170.1 171 172.2 174.9 179.7 189.3 201 215.3 231.7 249.7 270.7 292.9 321.5 351.7 381.4 418 450.3 468.2 480.5 491.4 501.4 509.7 515.8 520.2 525.6 532.4 537.9 544.8 552.7 561.7 571.4 583.4 594.2 605.6 615.6 627.7 643.3 659.4 676.2 691.1 707.8 728 745.2 763.6
410.9 428.3 437.5 447.8 446.1 411.8 380.1 349.9 312.3 274.8 239.7 212.8 192.3 176.7 178.4 178.4 178.4 178.4 178.4 178.4 178.4 178.4 179.7 201.6 223.2 246.1 264.3 279.9 273.9 252.4 229.8 204.5 173.1 171.1 172.7 171.9 172.6 180.1 185.5 190.5 203.4 219.5 237.1 256.9 280.8 301 325.8 353.9 383.8 421.4 449.6 467.7 482 493.4 504.8 515.5 522.8 529.7 535.4 541 546.9 554 561.8 572.7 588.5 601.8 616.4 630 641.5 654.4 668.1 683.2 694.9 708.8 723.3 736.3 752.1 768.2
413 433.5 441.5 444.2 436 408.8 373 339.2 308.4 271 245.3 224.8 208 197.2 189.2 178.4 178.4 178.4 178.4 178.4 178.4 178.4 178.4 194.2 216.8 240.7 260.8 263.2 252.1 236.8 216 189.4 170.6 171.5 173.3 174.3 174.2 183.7 190.2 191 206.8 223.2 244.4 265.3 290.4 313.4 336.6 364.7 396.6 427.3 453.7 472.1 486.7 497.8 510.2 520.6 530.7 540.1 546.4 552.9 559 565.8 577.3 589.9 603.5 621.9 637.3 649.9 661.9 674 684.7 694.5 704.9 716.4 729.4 740.6 755.3 769.9
421.4 447.6 442 439.5 432.4 414.8 379.6 343.7 307.3 277.4 253.3 233.4 218.1 206.8 199.5 191.8 181.5 178.4 178.4 178.4 178.4 178.4 178.4 185.5 208.9 232.3 243.6 242.1 234.4 223.2 203.6 179.9 171 172.3 174.3 175.3 176.8 184.4 192.3 198.4 215.8 232.6 250.1 272.8 296 320.3 350.3 379 407 437.6 463.6 478.9 489.8 500.9 515.2 528.4 540.1 551.1 561.5 569.7 577.2 582.9 592.4 605 619 634.3 648.6 660.2 669.6 678.9 688.1 699.4 707.5 716.8 727.6 736.4 749.4 763.9
422.4 433.2 434.1 435.5 431.5 412.8 379.4 345.7 311.5 281.7 256.1 235.9 216.2 204.4 195.4 184.5 178.4 178.4 178.4 178.4 178.4 178.4 178.4 180.2 199.6 222.7 229.2 227.2 220.5 213.4 196.6 178.4 172.2 173.6 175.3 177.4 179 184.8 194.3 209.7 223.1 239.2 258.9 281.6 302.9 327.9 353.8 387.3 418 446.3 462.6 475.9 488.2 501.5 518.6 534.8 547.3 565.3 572.9 583.8 593.3 600.6 608.8 617.7 629.8 642 654.1 665 671.5 678.2 687 697.3 706.3 713.3 722.9 732.6 741 754
421.8 427.7 433.2 430.6 425.3 394.2 363.3 336.1 308.7 285.1 259.8 238.4 218.8 202.2 190.6 179.2 178.4 178.4 178.4 178.4 178.4 178.4 178.4 178.4 191.8 208.2 218.4 220.2 216.8 210.5 196.4 176.9 172.3 174.4 176.9 179.2 182.8 190.7 203.6 216.6 229.1 248.2 266.9 285 309.5 336.3 362.7 395 419.6 439 456.9 469.9 485 499.2 516.2 543.2 557 573.2 588.6 597.7 606.8 615.4 620.4 627.4 635.5 644.4 652.9 660.6 666.3 673.2 677.6 687.9 697.1 706.8 714.9 723.5 733.8 743.8
418.7 425 428.9 426.6 415.6 388.9 361.6 334.5 307.2 281.6 264.9 242.5 219.4 200.7 187.4 178.4 178.4 178.4 178.4 178.4 178.4 178.4 178.4 178.4 178.4 193.1 211.7 217.3 214.8 208.2 192.3 175.7 173.6 175.7 177.6 181.7 186.4 197.8 206.3 223.4 238.8 255.7 272.5 292 316.2 342.8 377.8 404.1 423.1 437.8 455.1 471.5 481.1 495.9 512.2 537.4 558.8 579 593.2 605.5 614.1 619.2 623 628.9 634.2 639.2 644.4 651.6 656.1 663.7 668.1 675.5 683.3 694.5 704.4 712.8 723.2 734.5
417.7 422.9 425.2 425.7 409.2 385.3 359.6 332.8 305.4 278.5 265.5 244.9 220.1 198 178.2 178.4 178.4 178.4 178.4 178.4 178.4 178.4 178.4 178.4 178.4 179.5 205.4 212.5 217.5 207.1 187.7 180.4 174.2 176.1 179.4 183.8 188.9 200.6 213.4 226.6 243.8 260.3 277.6 298.6 324.1 351.2 393 412.4 426.9 439.4 451.2 468.9 477.1 491.2 507.2 525.8 547.1 571.8 590.7 601.9 607.3 613.4 619.8 622.7 626.2 629.6 633.6 640.3 642.6 647.8 656.6 661.8 670.5 681.2 692.1 702.8 713.6 724.9
