GeneralExemplars/GeoExemplars/LakeDistrictData/data/LakeDistrict/terrain-50-dtm_3563996/ny/NY40.asc
ncols 200
nrows 200
xllcorner 340000
yllcorner 500000
cellsize 50
[rows 35 to 69 of 200, columns 78 to 155 of 200]
451.6 445.9 444.7 450.6 428 391.3 375.4 354.7 339 324.3 299.7 295.6 295.6 295.6 295.6 298.7 307.6 322.6 338.1 360.3 384.9 409.6 436.1 453.5 473.7 491.7 498.2 503.1 512.9 519.2 520.2 521.1 528.8 537.5 546.9 568.1 589.6 610.6 626.3 643.2 657.8 670 679 691.3 700.8 705.4 704.1 698 689.9 681.3 669.2 650.7 638.6 636.2 632.8 629.6 628 625 613.8 604.6 593 582.6 574.4 560.4 553.7 552.4 548.8 545.8 543.5 539.8 536.8 527.5 504.4 473.9 449 430.8 418.5 405
459.7 456.6 464.9 452.1 414.2 383.4 370.6 367.3 330.8 302.7 295.6 295.6 295.6 295.6 295.6 297.9 308 327 338.2 359.2 381.2 403.4 427.6 447.6 468.7 488.7 493.4 492.2 497.5 500.7 500.6 503.7 510.2 519.3 531.6 553.1 573.9 596 613.5 628.3 641.1 652.6 670.1 688.8 700.4 704.9 704.8 699.1 691.1 681.2 672.2 659.7 657.2 654.6 653.3 649 641.9 632.7 620.3 608 594.9 583.2 573.2 567.7 567 560.4 558.5 555.1 553.7 552.2 543.3 519.4 485.4 455.8 436.3 421 409.2 397.6
473.8 480.5 484.3 456 420.9 387.4 363.6 342.2 309.3 297.9 295.6 295.6 295.6 295.6 295.6 299.6 311.8 322.6 336.1 353.7 377.4 400.5 422.9 442.5 465.8 485.6 482 478.3 480.1 485.6 483.7 477 485 495.1 511.9 532.2 553.6 576.8 596.5 611.7 634.1 650.8 667.8 683.6 694.7 702.4 704.6 701.4 694.2 689.2 682.1 674.5 671.6 671.7 669.1 665.4 658.7 640 623.4 609.7 599.6 591.7 583.1 580.6 576.3 570.2 572.2 572.5 572.7 568.2 537.9 496.1 461.8 437.5 420.5 409.4 399.7 391.7
488.9 505.2 489.6 461 415.8 384.3 363.3 326.7 314.7 296.8 295.6 295.6 295.6 295.6 295.6 299.9 311.7 321.7 335.3 355.1 373.8 395.7 418.5 440.6 460.6 476.9 463 463.8 464.5 470.3 461.8 458.1 464.8 471 491 517.3 534.9 554.2 581.4 611.4 625.6 647.1 662.5 676.3 688.4 699.7 704.1 701.3 694.2 689.8 687.6 686.5 684.9 683.6 680.4 675.9 667.5 642.3 628 618.2 610.4 600.7 595.5 592.9 588.6 580.8 578.2 578.8 578.8 574.5 525.1 479 442.8 419.8 402.2 392.3 387.4 379.9
521.4 531 495.8 447.5 410.6 382.3 343.9 315.4 295.6 295.6 295.6 295.6 295.6 295.6 295.6 300.2 307.4 317.4 331.8 346.7 368.4 394.5 419.6 435.8 446.3 449.8 444.9 451.6 451.2 450 449.2 440.7 441.5 451.1 468.4 488.1 499.2 536.4 555 580.4 605.6 637.6 650.8 659.5 671.3 687.4 693.9 694.2 691.6 690.8 694.3 696.4 695.7 694.5 692.1 687.1 674.6 656.6 641.2 630.5 620 612.6 606.5 603.8 596.1 590.6 590.5 588.8 577 565.4 544.9 466.2 435.4 407.1 386.3 377.1 371 368.6
559.8 539.7 496.3 455.4 416.6 376.9 343.9 315.1 295.6 295.6 295.6 295.6 295.6 295.6 295.6 295.6 303.1 310.4 323.3 341.2 359.3 377.1 403.8 422 433.3 429.3 432.9 439.7 440.7 439.4 433.5 424.7 423.9 434.8 451.4 471.3 491.6 510.4 535.6 560.1 589.1 624.2 636.4 646.9 656.9 668.5 678.8 682.5 684.6 693.5 700.9 704.3 706.5 703.6 700.8 694.4 684.3 669.1 652.4 641.1 630.5 624.6 619.5 609.9 592.1 586.9 587.1 582.6 575 546.7 494.4 454.3 420 394.5 374.5 362.9 355 360.3
590.4 548 502.8 462.3 426.4 387 352.5 321.3 297.1 295.6 295.6 295.6 295.6 295.6 295.6 295.6 297.3 303.2 318.6 337.6 351.2 368.8 385 397 404.9 416.4 422 428.7 430.6 424.6 417.5 409.7 408.3 417.9 436.7 452.6 467.3 488.1 516.4 538.2 567.9 595.4 616.6 633.2 645.5 656.3 666.8 670.5 683.1 698.5 708.2 713.7 715.5 715.3 710.4 702.5 695.5 683.7 669.5 652.9 642.7 636.2 623.8 605.3 592 589.6 586.3 577.6 555.9 518.6 469.2 440 411.5 386.1 363.9 350.5 342.9 344.5
610.7 560.8 519.9 474.3 433.8 395.3 360.7 332.1 307.6 295.6 295.6 295.6 295.6 295.6 295.6 295.4 291.2 301.5 322.7 340.2 348.5 364.5 377.3 386.4 396.7 406.2 412.9 419.6 423.6 415.9 409 399.8 396.8 402.7 418.1 430.4 445.7 466.6 490.7 513.3 545.2 575.1 599.7 616.4 630.3 645.2 654.8 668.6 687.4 701.7 713.1 718.1 722.5 723.9 719.9 714.4 704.4 693.6 682.9 668.2 654.3 637.5 621.2 608.2 600.6 598.9 594.8 581 549.8 504.5 460 427 402 379.4 358.6 342.8 333.7 334.1
621.3 574.5 527.1 486.7 446.2 410.5 373 345.3 325.8 308 295.6 295.6 295.6 295.6 296.4 285.2 289.1 300.9 320.2 335.8 349.6 361.3 369.4 378.5 390.8 398.4 406.1 413 414.9 409.8 400.3 388.5 386.3 392.9 402.1 414.1 429.5 447 468.3 492.3 524.4 550.7 579.6 597.4 609.7 632.2 652.2 664.5 681.9 699.5 713.2 721.2 728.2 728.4 726.3 721.2 711.8 701.8 690.9 677.6 663.6 651.1 630.3 616.1 609.9 602.3 591.9 566.8 552.5 498.6 454.2 419.5 393.4 371 352.1 335 324.6 324.2
621.3 575.6 533.3 498.2 459.9 427.8 391.7 365 343 323.3 305.7 295.6 295.6 295.6 282.1 279.4 283.6 297.3 312.8 331.9 342.1 353.7 366.1 374.1 383.3 392.3 401.2 409.6 411.4 407.5 396.7 382.4 375.8 380.4 388.7 393.1 407.9 424.9 449.5 472.8 501.3 530.3 556.5 576.5 597.7 617.2 637.4 656.1 672.1 691.7 707.6 720.3 725.5 726.7 724.6 720.4 713.5 706.1 695.4 687.7 676.5 658.5 643.1 631.3 625.7 609.1 597.6 574.3 553.5 501.9 454.4 417.1 386.2 363.6 346.1 329.3 311.8 317.1
609.3 572.7 543.3 503.7 469.6 438.8 410.2 380.1 361.4 338.4 323.7 305.1 295.6 286.2 286.4 279.7 278.1 294.3 307.4 327.9 337.5 348.9 362.8 371.9 379.8 389.8 397.6 408 409.8 406.2 398.1 383.8 369.6 369.7 374.4 380.4 394 409.8 431.3 453.2 478.4 506.1 522.2 559.7 584.5 608.6 629.1 647.7 664 678.8 694.4 708.5 717.5 720.3 721.9 719.5 714.8 708.7 702.2 692.9 683.2 666.1 653.2 643.4 632 613.5 599.7 567.2 534 496.5 446.3 410.1 379.8 357.4 337 320.3 306.5 305.2
592.7 564.5 542.6 511 478.4 438.6 413.4 394.8 374.1 355.8 335.6 323.4 317.2 304.2 288.1 285.2 277.6 289.7 304.3 317.7 336.8 346.6 357.7 366.6 375.3 384.4 397.2 403.8 406.9 405.7 398.2 383 367.5 360.7 362.2 377.5 385 398.7 422.5 436.1 460.7 484.9 514.4 544 575.5 602.7 624.6 643.5 661.9 678.2 693.8 706.6 712.6 717.9 719.3 717.9 715 711.7 704.1 696.2 686.4 674.8 665.1 653.4 635.9 625.1 601.6 564.4 531.1 485.2 440.2 402.4 373 351.8 331.7 312 298.5 290.5
577 555.7 532.7 504.3 476.4 446.2 423.9 404 381.5 365.7 356.3 347.6 336.5 322.3 304.3 287.3 278.3 274.9 289.2 310.6 327.7 340.5 352.1 362.6 373 384.5 392.4 397.4 404.3 399.2 386.2 370.8 360.3 345.8 354 365.3 372 386.4 403.1 415.2 436 460.6 494.1 528.3 558.8 591 612.9 635.1 657.5 676.6 691.5 704.6 714.1 716.1 716.2 716.6 714.8 710.9 704.9 698.4 690.3 681.4 673.8 661 633.9 604.3 571.4 541.6 503.5 465.6 421.9 389.3 362.8 341.9 320.7 304.6 290.1 280.6
560.6 541.4 523.4 500.5 477.9 453 432.4 409.1 390.7 382.7 370.9 366.8 354.3 337 312.3 293.9 281.2 270.8 280.3 301.2 318.8 332.8 346.3 357.6 368.2 380.7 390.8 393.8 397.5 391.4 381.2 361.6 347.3 340.8 340.6 349.8 361.9 370.9 382.4 396.3 422.6 444 472.5 506.4 545.3 578.2 605.4 633.2 656.7 673.6 686.6 698 706.6 712 715.2 715.5 711.7 706.7 703.3 698.4 690.7 683.3 673.3 657.8 622.6 581.3 548.7 515.5 488 447.7 411.9 377.7 356.3 340.1 318.7 300.9 285.1 276.4
538.7 526.7 511.4 494.1 479.5 458.8 437.5 420.4 408.9 396.2 384 372.1 348.5 318.9 301.1 292.3 278.7 267.2 277.4 293.6 315.6 331.2 343.9 352.1 362.1 374.8 386.5 393.9 389.7 383.5 375.5 357.8 347.5 338.2 328.7 335.4 347.7 357.3 371.6 388.2 407.6 430.4 455.2 487.5 529.4 556.3 597.4 626.4 654.9 664.2 675.2 686.6 693.3 700.4 708.3 711.1 709.2 704.4 699.7 691.7 687.1 681 670.9 654 615.5 559.9 529.7 505.8 472.7 441.9 402.7 370.5 350.7 337.3 317.9 300.2 284.1 267.1
524.7 511.4 493.8 478.7 469.9 457.2 445.4 433.2 419.4 406.8 388.7 359.2 329.7 302.7 281.6 272.9 266.5 264.2 278.6 292.6 308.4 323.1 327.5 347.2 354.9 366.8 377.5 393.2 386.6 379.8 373.2 353.9 337.9 336.2 330.3 328.7 338.2 348.7 362.7 377.7 394.9 415.8 440.6 472.1 505.6 536.3 565.8 604.7 624.3 641.2 656.6 664.7 671 680.1 693 698.9 699.9 697.9 693.3 688.1 682.5 673.1 661.9 645 612.5 564.1 518.4 489.7 462.1 431.8 403.4 371.6 351.4 334.1 318 299.6 284.4 270.5
512.1 493.3 476.6 465.3 455.8 454.2 448.3 439.5 428.6 408.4 369.7 339.3 314.5 287.2 275.1 268.6 268.3 262 269.7 281.5 298 318.5 330.8 340.5 348.8 361.7 374.5 388.8 390.4 367.2 356.9 347 334.1 330.8 326 320.6 331.6 342.5 355.4 367.1 384.5 405.4 429.4 454.3 482.4 508.6 541.3 565.9 586.1 610.8 626.1 631.6 639.8 656.2 666.3 678.1 685 686.9 683 677.9 673.4 666.7 660.3 649.4 603 564.6 527.1 491.2 459.7 436.1 417 391.2 363.3 348.7 327 302.5 284.1 269.9
494.4 475.3 468.1 465.9 459 454.3 449.9 443.2 437.5 410.9 361.4 328 301.6 290.7 273.8 268.5 266.1 259.9 274.1 277.6 273.2 310 324 335.4 343.5 354.5 367.8 383.5 393 367.5 348.6 336.6 327.1 319.4 319 313.5 320.9 334.5 344.4 357.5 375.4 393.3 414 436.2 458.6 490.7 518.6 540.3 564.8 584.5 602.4 604.7 615.9 629 644.3 657.9 668.5 668.8 670.4 667.7 664.4 660.3 653.4 644.9 626 604.7 541.1 498.1 474.1 468.5 446.9 415.2 392 361.7 329.8 304 281.7 266.4
490.4 476.7 468.5 462.9 460.9 456.3 449.9 446.9 446.9 400.7 356.6 295.3 298.7 280.3 273 264.1 265.5 260 262.4 271.9 287.2 301.9 316.7 328.5 338.4 350.8 365.8 379.8 384.4 365.5 345.9 331 317.2 308.1 305.7 310 308.8 321.8 335.6 349.5 364.9 383 402.5 421.8 447.2 469 492.9 522.7 541.3 557.5 570.8 582.2 593.8 609.6 629.4 642.5 651.1 657.3 661.2 659.2 657.8 654.6 647.5 638.7 624 591.3 548.5 515.4 494.1 476.7 478.6 456.6 419.4 383.4 350.7 311.6 284.2 265.3
500.7 489.3 476 474.9 466.9 455.7 449.9 450.9 438.3 389 354.6 309.6 283.4 267.9 261.4 258.7 260.7 262.7 260.9 260.7 274.5 289.7 309.6 321.8 333.4 348.6 363.4 376.1 374.6 357.3 339.5 318.9 310.5 301.5 295.2 300.2 300.5 316.2 327.9 342.5 357.7 374.3 392.4 409.5 430.1 455.1 482.5 503 517.5 535.9 551 561.7 574.8 593.2 611.7 625.4 638.3 644.6 648.2 650.3 649.3 646.7 641.2 633.1 621.1 591.7 569.1 544.9 522.9 517.8 499 473.3 441.8 408.5 371.9 330.3 294.6 266.8
518.3 498.3 490.9 492.3 474.4 457.1 448.3 432.5 413.2 373 330.7 300.4 283.9 271.7 262.4 257.4 255.5 254.6 248.7 254.3 265.6 280.1 299.7 320.5 332.1 339.9 357.5 371.5 374.3 355.3 326.6 312.5 304.1 291.3 288.7 286.9 300.4 313.7 325.6 335.6 348.5 361.4 381.1 399.3 420.3 446 468.9 484.6 496.5 514.7 531.6 546 557.8 572.4 591.8 607.6 619.2 628.3 635.1 640.4 641.6 640.9 636.3 629.7 620 604.6 590.2 578.2 566.7 543.6 514.6 490.4 467.5 432.8 391.8 359.5 309 278.1
538.3 514.8 515.5 499 474.4 454.2 431.5 411 388.2 359.5 330 304.9 285.7 272.3 261.2 255 251.8 247 243.9 248.9 256.6 270.5 291.4 312.3 323 337 343.8 350.8 353.3 344.1 324.1 306 294.3 283.2 280.2 284.1 297.9 308.8 318.1 329.8 342.1 354.4 370 389.2 410.9 433.2 455.7 469.4 480.6 499.1 518.4 532.3 544.2 557.8 574.8 589.2 605.6 617 625.7 632.4 635.9 635.4 631.6 626.1 618.8 605.9 597.1 589.7 572.7 551.6 521.4 492.8 470 449 407.8 365.4 325.5 289.4
541.7 541.2 526.4 498 471.7 450.1 438.3 422.7 397.1 376 344.5 315.6 288.7 273 261.3 251.4 246.6 243.1 242.5 246.5 253.9 261.9 281.2 302.9 319.4 330.2 335.4 344.3 345.1 342.1 313.9 302.7 283.3 277.2 272.3 279.8 292.3 303.4 312.7 324.6 335.2 348.7 365.2 382.1 400.1 422.3 440.1 453.5 469.6 488.3 504.1 515.4 530.8 544.7 559.9 575.8 591 606.1 617.7 627.2 630.6 629.5 627.1 623.1 617.3 610.5 607.1 602 593.8 573.5 537.8 503.3 471.3 442.9 409.4 376.5 341.3 307.8
568.7 568.3 541.1 503.4 477.3 457 452.2 442.1 440.7 426.5 368.7 321.9 295.6 276.4 259.3 248.7 245.2 241.4 239.8 242.3 249.7 254.8 269.1 293 303.2 314.8 328.6 306.2 314.1 315 299.5 286.6 272.7 270.3 266.9 277.3 286.2 298.4 311.1 321.7 329.7 345.3 360.5 375.8 394.9 413.7 429.9 445.4 457.9 475.5 486.3 502.8 516.8 530.3 546.3 563.3 581.6 598.5 611.7 619.2 621.1 622.4 622.1 620.2 615.2 614 611.5 608.9 604.1 593.2 566.3 525.9 491.5 470.8 441.5 398.7 355.9 313.3
596.3 588.8 549.8 526 492.2 469.9 462.1 472.5 489 452.4 380.4 341.3 305.5 279.8 260.6 247.7 243.6 244.9 240.2 238.4 242.8 245.6 251.4 259.3 273.4 297.7 276.3 272.8 273.2 272.7 270.4 263.1 261.1 263.6 261.1 270 280.7 290.5 306.9 316 327.7 338.5 356 373.6 389.6 405.7 420.7 435.3 448.1 462.5 473.3 487.3 502.1 515.1 534.5 553.1 570.5 585 596.5 606.3 609.2 612.4 614.5 613.5 611.1 614 614.4 612.5 611.4 610.1 588.5 547.9 528.4 499.2 472.6 445.3 358.9 319.2
630.6 610.7 580.8 553.1 518.3 495.4 488.5 502.2 518.2 472.5 412.7 340.1 309 283.3 258.7 246.6 240.5 239.7 237.5 237.5 240.4 240.3 240 245.8 253 259 256.7 258 256.3 247.3 245.9 249.4 252.1 255.1 255.1 261.4 273.4 286.3 298.4 316.6 328.2 335.8 347.3 364.2 379.5 394.4 411.8 424.2 436.8 449.7 458.7 470.3 492.3 509.6 525.9 541.8 555.6 569.4 582.6 590.7 596.5 601.1 604.9 605.3 607.4 610.7 613.1 617.2 614.4 613.4 611.2 586.9 555.4 525.3 484.1 445 392.4 322.2
665.4 639.9 624 586.4 549.4 525.1 524.5 536.4 548.6 500 427.6 357 313 285.6 266.2 248.3 240 237 234.8 236.1 238.1 235.9 235.7 238.3 240.5 242.1 244.6 242.3 244.9 234.6 232.7 236.1 245.4 244.5 249.2 257.6 269.5 280 293.3 308.3 321.2 330.1 343.9 354.8 366.9 381 395.9 412.5 422.3 433.4 453.3 469.1 483.7 500.4 517.2 530.6 543.4 556.2 566.8 576.9 582.5 588.1 593.7 596 603.4 608.1 614.5 619.6 621.8 617.7 616 602.2 581 525.1 490.3 449.8 398.8 333.6
684.1 666.7 657.6 620.4 598.4 564.2 581.5 583 566.3 524.6 425.2 362.3 324.5 291.8 270.5 252.4 240.9 236.5 234.2 233.4 232.9 233.1 232.8 234.7 237.5 237.2 235.5 231 232.7 226.2 225 231 235.2 233.6 240.6 250.8 264.2 275 289.1 302.8 316.3 328.6 339.2 351.7 361.9 374.8 389.4 399.1 416.8 433.7 446.1 461.8 471.4 486.3 498.8 512.5 525.5 539.1 551 562.7 568.9 575.8 581.3 589.8 599.4 608 613.1 615.3 620.1 615.7 598.2 593.2 569.8 528.1 494.9 452 411.7 341.5
686.7 678.5 664.2 647.5 617.5 611.5 623.9 615.2 589.5 541 471.4 371.6 333.9 299.9 276.5 256.8 245.3 237.3 235.1 231.2 231.4 231.6 231.6 232.6 233.3 231.1 229.4 225.8 225.1 222.8 223.2 225.9 228 229 236.7 244.9 258.9 271.5 282.3 297.1 311.2 322.7 335.1 346.6 356.9 366.2 381.8 397.2 410.4 422.2 432.6 444.7 455.6 468.5 483.9 495 508 520.3 535 545.1 553.4 562.2 573.5 586.7 594.7 599.7 603.7 608.8 610 609.6 590.4 567.2 559.8 522.7 483.4 446.6 396.1 347.5
685.7 673.5 660.3 647.4 637.9 637 627.5 617.7 583.5 534.4 481.6 392.6 348.7 305.4 281.2 266.2 252.2 241 232.8 231.7 229.7 229.3 230.9 231.4 230 227.3 225.1 222.9 223 222.7 222.1 221.9 226.3 227.3 232.2 238.9 248.4 256.9 272.1 292.4 305.5 315.5 334.7 345.2 353.1 364.5 376.5 390.4 404.9 415.1 424.8 435.5 446.7 456.9 467.7 480.1 490.6 502.6 514.8 526.8 537.9 552.4 565.8 578.4 588.8 595.8 599.2 601.7 600.9 581.2 557.8 538 525.5 509.6 469.4 427.1 388.7 340.4
683.8 671.7 656.1 643.2 639 630.7 619.9 602.1 564.4 518.8 471.1 410.8 351.7 312.5 289.9 270.7 258.6 245.3 236.2 232.6 229.6 229.5 227.6 228.3 226.9 225.1 224 223.4 222.7 222.1 221.3 221.7 224.5 223.8 226.6 231 239.8 251.4 265.5 285.5 308.4 319.9 331.9 341.8 346.9 359.4 370.9 386.8 402.1 410.6 421.9 428.6 438.8 449.1 459.1 470.2 480.7 489.5 500.2 512.1 527.6 543.5 558.1 572 581 589.2 594.1 598.1 591.5 571.6 530.6 502 491.2 478.4 440.9 396 360.7 323.9
680.8 666 649.4 634.5 631.9 615.6 604 574.9 548.2 502.2 454 412.7 359.1 316.3 293.3 276.1 265.3 255.8 243.7 235.2 233 232.1 229.9 228.1 226.1 226.5 225.1 223.2 220.9 221.3 220.8 221.6 222.8 220.8 222.6 225.2 235.4 246.4 262.9 278.7 296.6 311.2 326.6 336.3 343.3 352.9 367.6 383.5 397.4 400.6 407.1 416.6 430.2 441.1 452.4 463 471.1 479.1 490.9 505.7 521.3 538.2 554.3 568.1 577.4 582.7 584.1 580.2 562.7 535.5 512.3 476.4 460.9 440.4 424 389.5 348.4 313.2
673.7 656.8 641.1 620.3 617 601.2 579.3 560.7 525.3 486.6 430.3 399.6 355.4 320.7 302 277.7 272.1 261.4 250.1 237.6 235.5 234 232.3 231.1 234.1 232.5 227.7 224 223.5 221.8 220.7 220.3 220.1 220.5 220.2 223.4 227.4 240.2 253.7 272 287.5 305.5 319.9 330.4 336.8 343.4 357.6 368.1 378.3 387.7 395 403.8 419.1 425.3 441.4 450.7 464.4 479.7 493.6 507.3 524 539.6 551.6 565.3 572.6 577.6 579.5 576.2 541.4 505 479.4 456.5 441 422.1 403 385.8 345 311.5
663.9 640.4 619.4 600.6 590.8 578.1 561.6 540.6 503.4 463.6 412.4 381.6 348.1 318.1 301.7 282.2 276.8 265.3 254.5 246.1 239.7 239.5 241.5 240.4 241.9 239.2 237.1 232.6 228.3 227.4 223 221.1 221.3 218.9 218.3 220.3 221.1 229.4 243.4 264 290.4 304.5 315.9 324.8 328.9 331.5 345.2 359 367.9 378 386.7 394.2 401 413.7 428.7 444.4 460.4 476.2 492.6 507.6 523 537.6 547.3 561 568.3 573.7 576.9 575.9 560.8 510.9 475.2 447.3 430.4 407.4 389.9 370.8 347.7 318.5
635.8 617.2 593.2 578.7 567.5 557.5 540.5 511.6 485.3 431 396.2 359.6 332.5 314.3 296.5 283.9 277 270.6 262.1 250.3 253.1 253.9 255.9 256.2 251.3 248.1 242.5 238.6 233.2 229.4 225.4 222.4 220.2 218.6 216.2 217.7 218.4 222.5 235.3 263.3 282.7 296.9 305 313 322.3 326.6 335.4 348.1 362.7 370.8 376.5 381.7 392.9 404.1 421.6 440.4 457.8 474.4 490.1 507.6 521.9 533.9 547.2 558.2 566.6 572.4 575.3 577.3 552.8 511.2 475.6 444.3 427.7 413.2 385.9 362.7 341.4 317.4
