GeneralExemplars/GeoExemplars/LakeDistrictData/data/LakeDistrict/terrain-50-dtm_3563996/ny/NY40.asc
ncols 200
nrows 200
xllcorner 340000
yllcorner 500000
cellsize 50
[rows 70 to 104 of 200, columns 0 to 77 of 200]
297.8 305.2 311.6 316 318.3 320.8 324 330.7 334.6 337.2 339.1 341.5 342.8 341.4 339.4 334.3 330.8 326.1 323.1 316.1 310.1 303.8 299.1 294.7 290.1 287.8 281.9 284 276.6 272.3 258.7 243.3 232 221.9 211.9 206.9 225.8 250.3 268.7 284.4 298.2 312.8 340.9 355.5 362.7 357.6 344.5 313 286.5 261.5 238.4 220.5 217.6 229 245.5 266.3 288.6 313.6 340.7 369.5 406.7 441.2 473.7 505.1 531.8 545.8 560.4 575.9 596 615.8 635.2 651.6 665.6 673.7 678.6 669.9 649.9 631.6
295.4 301.6 304.9 308.4 316.8 322.8 327.2 331.9 336.2 339.6 342.8 345.1 346.4 345.3 342.5 338.2 333 327.3 323.1 317.7 313.9 309.7 303 298.8 290.6 284 276.7 274.8 266.1 257.2 254.8 245.8 224.4 216.5 205.4 207.9 226.8 251.3 269.1 281.6 295.1 309.3 327.3 346.7 361 360.8 342.6 314.2 286.1 259.8 237.6 218.9 216.1 227.5 243.8 263.9 288.4 316.2 340.5 366.2 401.9 434.8 467.2 497.7 517.3 533.5 546.7 570.2 593.4 614.7 632.5 647.3 660.7 668.3 669.5 654.5 631.3 604.4
285.2 293.8 304.3 311.2 318.2 323.6 329.9 334.4 338.2 342.7 346.5 349 349.5 348.5 345.8 341.5 334.7 331.1 323.6 318.7 314.8 306.4 302.4 302.4 294.4 285.4 277.8 260.2 258.9 254.7 249.7 240.6 213.3 207.4 196.1 209.7 230.2 252.9 261.8 275.9 288.4 305.3 323.6 345.3 359.4 358.1 342.8 314.3 283.2 260.5 235.3 216.9 214.9 227.5 244 267 293.7 318.9 344.1 371.3 397.3 433.1 468.8 500.5 520.4 544.5 564.3 583.4 598.6 617.4 632.8 645.5 659.6 665.9 657.8 636.2 615.1 589.8
291.4 299.1 306.3 312.2 319.5 326.3 332.1 337.2 341.4 346.2 350 352 352.7 351.5 349 344.6 337 331.1 325.2 318.6 312.4 309.5 308 299.6 290.4 289.4 279.6 267.8 252.7 238.8 236.9 224.3 210.6 203 193.8 210.2 227.7 249.2 258.9 267.9 280.9 294.1 313.2 333.8 341.9 348.4 338.3 314 281 255.8 230.4 213.6 213.4 223.1 243 267.5 299.3 320.5 346.2 373.5 408 445.5 477.7 504.5 536.6 559.8 580.8 601.9 617.6 630.9 644.7 654.6 662.1 665.2 645.2 621.7 600.5 580.3
290 298.6 306.8 314.8 322.3 327.8 334.8 340.3 345.4 350.7 353.5 355 356.4 355.8 353 348.2 340.4 333.8 327.5 321.1 317.2 314.5 309.9 305 297.6 294.4 284.6 278.7 268.2 257.3 230.9 216.6 205.1 196.5 192.3 204 221.8 236.4 251.6 253.4 264.1 276.1 297.1 316.3 334.4 347.2 336.7 313.8 278.9 254.7 228 209.5 209.6 226.9 243.9 262 288.1 319.6 346.4 374.5 408.4 440.9 476.4 515.1 544.9 573.7 593.9 614.7 632 645.2 654 658.4 661 649.6 629.3 608.8 588.5 573.1
295.1 301.5 310.6 318.6 325.6 333.3 340.5 346.2 353.1 357.8 360.6 362.1 364.4 364.5 357.4 351.7 343.7 335.6 330.3 324.3 320.8 317.6 312.6 307.3 301.6 296.8 288.9 283.9 276.2 255.4 245.2 225.5 206.9 191.8 183.2 196.1 204.5 218.6 226.9 239.2 249.7 265.8 282 301.7 326.2 340.8 337.1 307.1 277.5 250 226.9 212 207 225.3 245.2 249.6 287.8 321.4 348.9 377 410 446.1 483.5 523 552.2 579.5 601.7 622.3 638.7 649.1 658.1 660.3 649.7 631.6 613.6 598 579.1 563.7
299.7 307.8 316 323.8 330.9 338.6 347.3 355 361.9 367.2 369.3 372.4 374.9 373.6 364.3 356 347.6 338.7 333.6 327.9 323.4 318.4 314.6 311.3 305 300.5 294.4 284.8 279.9 269.4 256.1 234.6 215.1 193.2 179.6 188.7 195.2 202.5 209.3 222.9 235.1 250.1 270 286.6 313 331.1 328.7 303.4 273.7 243.9 220.3 206.4 206 224.2 240.7 266 298.3 324.4 351.2 382.9 424.6 454.3 488.4 524.6 557.2 581 603.6 623.6 638.6 650.3 654.8 647.1 634.1 620.1 605.3 588.1 573 558.8
304.9 313.9 323 330.3 338.8 346.2 355 363 368.8 372.9 380.9 383.3 385.4 386.9 375.2 361.2 350.4 341.8 336.3 331.2 325.2 322 316.8 313.6 307.3 303.2 295.9 291.1 287.2 276.6 262.5 243.8 218.6 197.1 170.1 182.3 187.9 190.2 198.6 212.3 225.6 243 254.9 276.1 292.9 318.7 316 293.8 267.1 238.8 213.6 196.4 207 222.5 244.3 271 300.6 328.7 355.5 396.3 429.2 457.4 498.6 530.6 557.1 579.6 601.7 618.7 636.6 639.6 637 632.7 621.7 611.4 596.4 581.1 567.5 554.4
310.9 321.9 331.1 340.4 346.9 355.2 363.2 370.5 376.2 383 388.4 394.9 398.1 395.3 385.1 367 357.6 344.9 339.8 334.8 329.8 325.3 321.4 317.7 312 306.5 303.1 298 292.2 286.2 273 251.3 226.1 206.3 184.4 161.8 174.9 180.3 188.1 199.2 213.9 227.6 242.1 264.4 286.6 307 303.8 281.5 260.2 232.6 207.9 195.8 208 223.5 251.5 279.1 302.6 331.2 362.4 399.6 433.5 467.8 504.2 530.8 560.4 578.6 597 608.7 615 622.7 622.8 616.5 611.3 601.6 588.4 573.3 561.6 549.2
317.5 328.2 338.5 347.2 355 365 373.4 378 384.9 390.2 396.9 403.9 406.9 398.6 392.1 370.9 357.2 350.7 342.9 338 333.1 329.6 325.5 321.3 316.9 311.2 309.3 303.1 301.7 291 277.6 256 236.5 218.3 200.3 184 154.9 169.7 172.2 184.1 203 207.6 219.8 241.9 260.2 275.9 283.5 266.4 249.2 224.5 201.3 195.4 209 229.5 257.2 281.3 308.1 337.2 373 405.2 438.9 470.4 497.6 529.1 552.3 571.1 584.7 592.7 601.7 609.3 607.8 604.9 599.6 591.9 581.5 569 558.6 544.6
325.8 335.6 344.7 354.4 365.2 372.3 383.3 388.1 392 396.3 401.3 407.6 409.2 398.8 390.5 373.5 363.6 355 346.8 341.7 337.8 333.9 329.6 325.2 321.6 318.8 315.1 311.6 308.9 297.7 283.5 258.4 240.7 230.9 212.5 185.2 158 161.5 164.2 171.9 182 190.9 212.2 225.5 239.2 254.5 267 254.8 238.9 214.1 195.2 194.1 209.8 231.3 256.4 286.6 314 346.6 379.2 408.8 438.5 470.4 499.4 525.2 548.2 565.8 577.5 583 588.2 591.3 596.3 592.5 588.1 581.4 573.4 564.4 554.5 542.4
336.4 343.5 352.8 363.2 375 382.9 389.3 399.4 398.9 404 406.5 408.2 407.3 398.9 389.3 376.3 368.1 359.2 349.6 348 344.2 339.5 334.5 330 325.8 325.3 320.2 319.9 316.7 305.5 286.1 261.2 243.2 238.4 216.3 190 168.4 155.5 158.4 163 178 186 199.6 208.7 222.4 241.8 248.2 237.4 216.4 196.9 186.8 195.1 215.2 239.1 266.6 296.5 325.3 355.4 384.8 414.7 446.8 476 501.4 525 541 555.6 565.7 573.6 575.5 577 582.1 581.1 577.6 572.3 566.9 558.5 550.5 535.6
344.6 353.9 362.1 373.5 381 390.3 397.6 406.7 409.4 411.3 411.7 410.3 410.7 406.8 391.6 383.8 372.5 361 358.4 353.8 348.6 344.7 343.7 335.5 334 330.5 327.9 326.9 322.6 314.4 289.1 259.5 241.2 229.1 206.9 192 171.4 153.3 151.8 158.2 168.8 182.9 191.1 199.9 219.1 232.1 223.5 219.6 206 185.3 183.2 198.5 222.2 248.5 280.5 307.9 338.7 369.8 396.5 425.4 453.8 480.5 505.9 521.9 533.8 548.5 549.3 553.7 560.6 562.7 565.6 569.7 567.5 564.6 560.5 554.7 545.9 531.9
353 364.5 375.2 381.2 390 397.7 402.2 410.9 423 421.9 419.4 421 417.5 408.8 395.7 386.1 376.2 372.1 366.2 358.7 351.1 348.1 348.2 343 341.1 336.1 337.9 338.2 330.8 312.9 284.8 260.7 239.1 224.9 206.2 186.3 168.1 154 147.9 151 161.4 172.4 183.3 192.7 205.4 206.7 206 206.8 196.3 178.6 188.1 203.3 231.4 258.5 289.6 320.2 349 378.5 405.9 433.2 461.3 480.1 497 513.2 522.9 528.4 532.7 538.9 546.7 550.3 553.2 557 557.7 558.3 555.7 549.7 540.9 530
361.3 373.9 384.2 392.9 397.7 407.1 411.2 416.7 423.8 422.9 423.3 422.7 418.8 414.1 400.8 394.6 386 381.6 376 368.1 360.8 355.3 349.6 350.3 347.6 346.1 346.7 344.8 327.2 308.9 287.4 263.2 237.8 218.9 200.9 179.5 164.4 152.6 143.6 147.1 154.2 166.4 171.4 180.9 186.7 190.3 194.8 196.4 187.9 178.2 192.7 212.9 238.1 265.4 297.4 329 358.2 387.9 413.1 436.4 456.3 470.2 483.9 496.9 502.8 509.1 517.9 526.1 533.2 539.4 545.2 547.7 551.6 553.3 550.9 545.7 536.8 527.3
371.4 382.2 393.8 401.2 409.7 416 420.1 421.8 429.4 429.5 430.4 424.7 422.6 420.6 415 400.2 395.1 392.9 387.1 378.8 370.7 363.9 357.2 355.9 355 354 354.1 348.2 328.7 306.9 282.3 261.4 232.5 212.1 194.7 177.7 164.7 156.3 147.5 144.6 150 155.6 159.4 166.1 176 178.6 184.4 187.2 180.3 181.2 198.3 220.2 245 275.3 308.5 338.3 363.2 393.9 417 431.2 446.7 458 465.8 476.4 489.8 497.2 506.6 518.1 524.5 531.6 537.1 543.5 547.3 548.1 547.6 542.3 533.8 522.9
378.2 390.1 402.1 411.6 419.7 426.1 430.2 430.8 434.1 437.6 438.8 430.7 436 436.2 420.5 408.4 409 407.5 396.6 386.9 377.9 370.9 366 362.8 360.9 362.1 363.9 356.4 332.5 302.7 277.8 255.1 227.9 206.5 192.4 180 170.1 163.8 153.8 142.7 144.7 147.1 150.4 156.1 162.5 169.5 178.1 179.6 175.4 183.6 205.5 231.2 255.8 287.9 316.3 343.9 371.9 399.3 417.9 426.4 440.4 447.2 456.7 465.4 479.7 487.3 497.9 509.3 515.9 524.4 534 539.8 543.7 545.6 544.7 540.2 531.3 520.2
382.5 394.1 403.1 414.6 425.1 436.7 441.3 439.1 441.4 444.3 445.2 441.8 437.8 439.3 424.5 416.3 420.5 413.9 403.1 394.8 387.2 379.3 373.5 369.9 367.3 370.2 367.6 354.3 329.1 302 280.8 258.2 230.4 208.1 191.8 183.4 170.2 164.9 152.3 140.9 139.5 141.1 141.9 151.1 154.1 160.9 169.7 172.3 165 192 215.9 245.1 271.6 297.2 323.7 346 371.3 397.9 412.8 421.8 426.1 432.1 445.2 458.7 469.2 480.1 490.8 501.4 509.8 518.5 527.6 535.8 540.8 543.9 542.7 536.1 528.6 518.7
392.4 398.5 408.4 418.9 430.8 443.1 451.2 450.5 448 448.6 449.9 444.9 442.3 437.4 432.1 428.9 425.9 416.8 409.7 400.5 392.7 387.8 382.1 379.1 375.5 372.1 364.8 348.2 327.1 301.7 279.5 259.1 234.4 208.1 191.8 179.3 166.6 159 144.7 139.1 138.5 138.2 139 146.4 148.3 153.4 164.7 163 178.2 204.6 229.3 255.9 282.4 304.6 331.5 348.6 370.6 393.1 404.5 410.1 412.9 423.4 436.4 448.5 458.7 474 479.5 493.7 504.3 513 523.1 531.9 537.3 541.8 539.7 534.2 525.6 516.9
390.2 404 416.3 426.5 442.3 457.6 463.1 462.4 454 454.8 454 451.8 451 439.4 430.8 438.8 439.5 426.6 418.4 413.9 401 398 393.4 386.4 381.7 376.3 364.7 341.6 320.7 295.1 276.6 258.4 237.1 212.1 188.3 174.2 166.5 156.4 141.5 138.4 137.4 138.2 140.4 148 142.5 149.9 163.6 172 188.6 213.4 238.8 262.1 287.1 311.3 335 350.7 364.9 380.8 391.1 397.5 405 414.9 422.9 434.5 448.6 459.3 473.2 487.1 498.1 509.3 519.9 530.5 537.3 539.8 537.2 532 526.2 518.7
395.2 407.3 424 436.1 454.8 470.9 471 468 463.1 462 460.5 460.6 455.1 445.6 436.4 440.4 445.4 436.4 427.8 416.2 412.6 411.2 404.2 393 386 382.9 366.1 337.9 317.8 291.3 270.5 251.7 234.4 210.6 189.4 171.9 157.4 147.2 138.3 137.1 137.2 136.2 139.4 141.8 143.2 158.7 171.8 181.9 196.1 218.9 239.6 262.6 288.2 310.9 334.2 349.3 359.6 372.4 379.8 389.9 397.3 407.8 417.5 427.8 440.1 451.7 466.9 482.7 495.1 508.8 522.4 532 539.9 540.6 535.7 530.3 524.9 520
399.9 410.4 428.6 444.6 458.8 475.5 480.9 473.5 470.1 472.6 467.3 462.7 452.1 433.2 437.3 441.9 436.1 434.7 426.7 417.4 423.1 420.6 413.8 401.8 390.9 383.8 369.7 348 320 288.6 264.6 246.2 224.4 199.4 185.7 166.1 153.5 143.8 136.4 136.4 136.7 136.8 139.2 139 144.9 160.8 175.1 182.9 200.9 224.3 244.7 267 294.2 315 334.2 347.5 355.1 364.5 374.8 384.6 391.8 399 409 423.1 435.9 448.8 463.6 481.7 493.3 509.2 522.8 533.4 541.5 539 533.8 529 524.3 519.7
405.9 419.2 432.5 450.5 463.8 474.2 477.3 475.6 475.5 472.5 467.6 459 440.8 430.2 434.8 432.7 436.1 433 427.3 429.8 431 429.9 424 413.8 396 382.7 376.6 360.8 330.1 300.3 271.3 250.7 230.9 207.5 189.9 164.8 149.2 140.6 134.6 135.1 136.4 136.1 138.3 141.2 148.4 159.5 173.6 185.1 200 222.5 245.4 270.4 295.2 314.2 329 341.7 348 354.4 364.4 373.9 381.9 390.8 404.6 416.6 428.6 442.2 459.3 474.3 491.5 506.5 523 530.6 539.9 533.2 530 527.7 526.7 521.1
412.7 423.5 434.8 450.2 459 469.1 478.1 477.9 477.7 470.4 460.1 450.8 428.4 424.9 428.3 423.4 426.9 436.4 432.8 441.2 442.6 443.9 424 415.6 401.4 378.8 368.4 350 328.4 307.9 279.3 250.6 233.2 210 187 161.8 142.3 136.2 135 135.8 136.1 137 138 139.7 149.6 159.4 174.1 186.6 200 221.8 248.1 274.6 296.1 310 325 333.7 338.3 345.3 351 369.2 377.8 387.6 399 411.6 423.9 437.9 454.7 470.1 488.8 504.7 516.3 525.8 525.8 526.7 527.9 528 527 524.9
417.4 427.5 439.2 451.7 463.4 471.5 481.5 480.9 475.7 472.5 457.5 435.8 417.1 415.8 413.1 419.5 432.4 434 432.6 443.3 441 436.5 425.4 409.1 400.5 379.7 366.4 350.2 325.6 300.5 265.7 247.1 229.7 204.6 181.8 154.8 140.9 134.5 134.9 134.9 135.6 136 136.2 137.4 148 155.8 170.6 181.8 198.8 221.2 249.8 275.2 294.2 306.8 320.4 325.7 330.4 340.1 350.3 358.6 369.8 382.2 395.1 407.9 421.2 433 450.7 465.4 483.4 496.1 510.7 513.5 518 525.6 527.5 526.9 528.5 530.6
422.8 435.8 446 455.7 465.5 474 482.8 477 474.6 457.2 447.4 424.2 410.9 405.3 405.4 411.9 417.9 416.8 430.7 437 444.3 425.6 416.8 401.8 388.7 377.7 357.8 345.6 327 317 276.8 252.2 233.3 207 181.4 154.4 140.6 134.6 134.4 134.3 135.2 135.6 135.3 136.1 140.3 152.7 165.4 177.4 197.4 224.2 250.8 273.6 286.7 297.8 309.2 318.7 325.3 333.6 341.7 353.2 367.3 380.9 391.5 404 415.9 428.6 442.4 460.6 473.1 484.4 495.6 502.3 509.3 514.6 523.2 523.6 524.2 524.4
430.4 440.4 453.6 462.8 470.9 477.8 481.3 477 468.5 449.4 425.6 411.3 408.2 390.9 393.1 397 401.5 411.6 427.3 429.4 424.5 414.7 408.3 397.7 384.1 371.6 349.7 343.4 331.3 312.9 284.2 254 235.4 207.8 181.6 156.5 141.1 134 133.6 133.9 134.5 134.8 134.8 138.5 141.1 155.3 166.5 175.8 198.1 227.1 245.9 267.1 282.2 294.3 303.9 307.7 318.3 328.1 339.5 350.1 364.3 376.6 387.7 398 410.2 422.3 434.8 447.2 456.7 468.5 480.4 487.2 500.5 507.4 514.3 518.8 518.7 515.2
440.5 446.2 460 470.4 476.1 483.2 482.2 476.9 457.3 446.2 422.6 414.5 403.8 391.4 385.8 385.7 398.8 410.2 413 416.3 410.1 409.2 399.4 389.2 375.1 359.9 344.8 336.2 325.9 304.1 279.8 256.5 237.5 211.1 184 157.5 141.5 133.8 133.5 133.5 133.5 133.2 134.9 139.1 146.8 157 162.1 174.5 196.7 221.8 244.8 262.8 279.2 289.8 294.8 302.7 316.5 326.5 337.3 349.1 360.6 372.7 383.6 393.4 405.6 416.9 427.1 440 450.9 462.3 472.9 483.9 492.9 505.9 511.5 508.8 511.5 512.6
441.7 446.1 455.9 473 474.6 476 473.7 461.3 450.4 434.7 424 411.7 398.2 388.3 380.9 381.7 391.3 396.1 401.6 403.7 400.7 391.8 381.6 376.9 368.5 354.2 342.7 331.4 315.4 297.2 274.2 254 236.7 212.1 187.8 161.4 142.3 130.8 133.2 133.6 133.8 135.5 136.1 141.1 149.7 155.3 164.5 180.3 199.1 222.9 245.9 259.3 271.5 280.5 290.1 303.1 313.3 324.5 335.1 345.6 358.1 368.9 380.5 390 401 414 424.6 435.2 440.5 455.5 466.1 474.9 486.1 496.1 500.7 502 510.6 512.5
442.2 443.7 455 467.1 469.9 470 465.3 451.4 437.4 426.8 424.3 408.3 403.2 388.3 380.8 376.8 375.4 390.9 392.1 386.5 386.3 380.5 376.3 371.8 364.6 348.9 338.1 327.2 315.1 297.6 278.5 254.6 240.1 216.3 192.8 168.4 148.7 130.3 132.8 133.2 134.7 136.3 138.2 142.1 149.9 154 162.7 178.6 200.8 221.8 241.4 253.1 262.4 277.2 291.6 302.8 312.2 324.6 335 346.8 355 365.7 376.8 387.8 398.8 408 420.1 430.2 442.5 451 459.9 471.3 481 485.1 491.4 502.1 509.2 522.1
439.9 443.7 456.8 465.4 469.6 466.6 455 441.1 426 422.6 419.9 407.9 397.8 384.2 380.8 376.2 367.4 372.4 374.9 371.6 374.2 373.4 376.6 370.4 358.9 348.1 334.6 315.8 307.5 289.5 270.4 250.5 239 214.5 189 164.8 147.3 129.8 132.2 133.1 134.8 136.3 137.4 141.4 146 154.7 162.9 180.4 202.9 222.5 237.8 252.1 265.3 277.9 286.7 297.9 309 319.4 330.4 342.7 352.8 364.4 373.2 384.9 391.8 404.7 412.8 424.8 438.1 450 460.4 470.9 477 485.7 496.4 502.2 509.5 521
432.7 442.8 454.2 464.8 471.9 459.8 448.7 434.1 422 426.3 415.5 403 391.5 387.1 379.7 372.2 364.3 364.1 361.3 361 365.1 370.5 371.1 357.8 346.7 335.2 322.5 308.6 299.6 276.6 265.4 244.7 234.1 210.6 188.9 169.4 149.4 135 132.5 133.6 135 135.9 138.3 141.4 147.4 155.8 169.2 187.4 205.4 222.3 232.1 249.2 261 274.6 286.1 298.1 306.6 318.2 327.8 338.4 347.3 361.2 372.6 384.2 394.8 405.6 416.5 429.1 441.3 453 464.2 474.8 482.7 490.3 499.6 505.2 505.7 508.3
436.3 448.1 453 464.6 461.4 449.5 437.3 430.5 420.5 422 411.8 399.6 390.7 386.2 376.8 369.6 358.5 352.2 350.2 350.1 351.4 356.2 353.9 343.3 335.5 331 316.1 303.8 284.6 272.1 257.5 240 225.6 208.3 191.1 167.7 154 136.9 132.8 132.5 133.6 135.2 137.3 140.1 148.8 162 178.1 191.7 205.5 218.8 238.9 256.4 267.1 278.7 287.4 298.8 311.1 321.4 332.3 341.2 352.8 364 377.2 388.7 398.4 409.2 419.1 433.5 445.5 456.4 463 474.2 485.3 491.7 494.4 501.1 493.8 492.4
440.5 450.4 456.4 454.5 448.3 433.4 424 420.9 417.2 412.6 403.8 393.1 388.6 385.1 373.3 362.5 353.6 335.8 338.6 336.8 340.1 342.8 337.7 334.8 329.2 323.8 309.9 299.9 283 274.5 259.6 241.1 223.3 207.7 195.6 168.4 153.1 141.3 132.3 131.4 132.5 134.1 135.3 139.4 152.9 172.5 187.8 196.3 210.2 222.9 236.8 250.8 262.1 276.5 290.8 303.2 312.8 321.9 332.7 342.6 354.6 367.7 384.3 394.7 404.1 415.3 424.7 435.1 447.9 456.7 464 472.5 483.5 488.8 488.8 485.3 484.4 476.7
443.1 460.6 460.5 445.1 433.5 427.1 421.9 417.4 421.3 411.4 405.2 395.3 390.5 384 372.3 359 350.6 336.7 325.2 326.7 330.4 330.5 327.7 325.2 323.2 316.9 303.9 292.8 282.2 281.6 259.3 231.8 220.6 210.4 190.9 163.6 155.6 137.6 128.9 131 131.4 133.2 135.4 141.1 155.5 171.1 183.1 197.1 208.5 218.4 234.5 248.9 261.6 277 290.2 303.8 313.9 322.8 333.4 344.3 357.3 369.7 386.7 397.7 406.9 417 429.3 441.1 449.9 457.4 466.1 469.3 476 481.7 482.1 477.1 470.9 465
