GeneralExemplars/GeoExemplars/LakeDistrictData/data/LakeDistrict/terrain-50-dtm_3563996/ny/NY40.asc
ncols 200
nrows 200
xllcorner 340000
yllcorner 500000
cellsize 50
[rows 105 to 139 of 200, columns 78 to 155 of 200]
448.4 432 416.4 416.6 403.8 378.6 370.3 362.5 347.2 351.8 357.9 359.5 364 373.1 369.1 369.8 372.2 351.2 355.9 359.9 380.1 379.2 361.1 353.8 320.3 302.8 291.5 279.9 256.6 252.9 232.5 224.7 221.9 230 229.4 234.7 232.6 228.8 217.2 211.5 207.7 207.2 206.5 207.2 211.9 226.5 236.8 248.2 256.9 271 283.4 290.5 293.5 297.4 296.7 292.3 286.6 286.2 287.8 287.5 288.3 290 292.7 302.7 308.5 315.8 324.1 330.2 332.3 332.1 337.8 348 356.3 361.3 366.7 370.9 371.9 372.8
442.1 426.7 408.7 399.8 391.4 363.8 358 348.1 340 352 356.6 353.6 348.5 353.1 357.5 346.5 332.3 331.5 340.7 343.5 347.7 340.6 338.2 320.9 301.7 290.2 272.3 263.9 250 245.9 229.5 222.1 219.4 231.2 229.6 237.3 237.7 235.9 223.1 213.2 210.9 206.4 204.8 211.7 216.6 227.3 239.1 247.8 261.1 275.6 285.6 293.7 297.3 307 312.6 309.2 298.4 288.6 292.2 291.5 296.5 300.6 296.6 304.8 314.5 323.9 329.8 333 338.2 341.6 352.3 363.4 369.9 376.3 381.8 382.4 384.8 382.6
440.8 422.5 407.7 388.7 374.1 353.2 343.9 341 336.8 351.5 352.6 344 336.4 330.4 339.2 322.6 310.8 315.2 329.1 326.6 328.4 316.2 305.9 292.3 293.3 277.7 263.9 251.3 244.6 237.4 227.7 217.2 216.4 227.8 231.3 240.4 244 236.9 223.7 212.1 213.2 210.7 206.6 214.5 220 230.2 239.9 246 261.3 275.8 288.8 297 303 311.1 318.5 317 306.1 296.4 299.2 303 309.6 308.6 302.9 308.9 317.3 327.5 336.9 346.1 351 358.3 367.8 376.1 380.8 388.4 394.7 396.9 393.2 387.3
434.3 415.5 401.1 385.3 363 348.8 335.9 331.8 330.8 345.1 344.5 333.2 328.9 324.8 311.9 299.7 298.5 302.1 300 302.1 309 298.2 281.1 271.1 278.3 259.1 248.8 236.1 228.7 225.8 221 214.9 212.5 226.2 234.8 236 242.7 238.9 224.7 213.2 212.7 209.3 205.1 210.1 225.1 232 237.9 251.7 263.4 281.1 290.1 296.2 304 312.9 321.1 320.4 310.7 307.6 310.2 312.2 313.1 315.9 312.6 315.9 324.4 333.1 346.4 356.8 365 372.8 379.5 383.9 388.8 396.4 397.1 397.1 393.1 390.9
426.1 407 396.8 378.3 363.3 343.3 330.7 326.8 327.9 329.3 326.8 324.7 322.1 315.7 307.5 298.1 289.4 278.7 272.1 270.4 271.9 272.7 256.1 250.5 250.5 237.6 229.2 223.3 220.4 216.7 217.2 213.5 208.9 221.4 232.1 236 244.4 232.3 220.4 211.4 211.8 213.2 201 209.3 218.3 227.7 242.8 250.5 264.7 279.5 286.7 292.9 302.4 311.1 319 319.4 314.7 315.6 320.7 323.7 325.9 330.3 333 332.2 337.3 345.9 356.2 365.5 375.4 385.8 391 391.5 393.9 401.6 398.9 399.1 398.7 395.3
416.6 404.2 387 368.2 354.5 342.7 334 328.9 327.9 320.9 313.9 309.2 309.3 303.8 298.6 284.2 274.7 266.9 259.4 248.9 243.8 242.7 241.8 237.4 230.4 223.1 217.9 212 210.8 207.2 208.5 207.4 198.5 214.2 228.4 230.4 231 225.7 212.8 207.1 205.6 211.8 201.2 202.2 217.7 226.2 240.5 246.6 261.8 274.1 281.1 288 300 307.9 314.2 315.8 315.7 322.7 329 334.2 337 343.6 346.2 346.3 350.6 357.8 366 374.8 387.3 397.2 401.5 395.9 397.8 400.9 404.9 399.3 392.2 397.6
413.3 404.9 393.6 379.8 367.3 356.6 342.7 342.4 331.5 323.2 310.1 300.9 300.2 299.7 285.2 275.2 262.8 258.1 242.3 234.3 228.4 225.4 220.8 215.6 212.5 211.1 204.2 201.4 198.5 197.3 197.9 197.3 198.4 207.7 218 223.4 227.2 223.3 207.3 201.4 202.9 206.9 196.1 200.3 215.3 224.3 232.7 242.3 252.8 264 276 283.9 293.3 296.4 306.4 312.4 317.8 325.7 333.3 340.9 346.3 356.1 358.6 357.2 362.1 369.5 377.6 386.2 396.1 401.2 401.7 396.7 398.7 403.8 403.1 394.2 390.9 390.6
418 410.3 402 389.9 378.7 363.8 351.7 341.5 331.2 325 314.6 310.6 296.8 291.7 285.4 267.2 253.1 247 232.2 222.2 215.1 207 202.4 196.6 197.9 199.1 193.5 193 192.5 190 192.7 190.2 189 193.7 213.6 218.7 224.5 218.3 199 195.8 198.1 200.1 189.4 194.3 210.6 217.5 226.6 237.9 249.4 262.3 272.5 277.8 282.4 298.1 309.1 316.8 321.6 328.5 340.6 349.7 357.2 364.6 369.4 369.6 374.3 380.9 388.9 394.6 400.4 402.1 399 396.2 396.6 398.9 399 393.1 383.8 379.8
423.1 416.7 407.4 400.5 383.8 370.1 358.4 346.2 335.3 327 318.3 308.5 303.3 285.3 267.7 259 253.3 236.6 223.6 213.3 204 198.2 189.6 185.4 186.3 186.8 182.1 182.8 183.4 180.6 181.2 179.9 175.2 193.9 209.2 213.5 210.2 204.4 189.4 185.8 189.3 192.4 179.8 190.9 203 213 227.7 239.6 248.5 258 261.9 272.6 286.9 301.3 313.8 323.4 328 342 351.8 360.7 369 374.1 379.1 380.1 387.7 390.2 395 400.5 406 407.5 403.9 394.4 394.7 398.8 399.9 394.9 381.1 378.1
429 423.4 414 405.7 393 378.3 365.9 353.8 341.5 331.8 323.9 314 301.7 284.2 281 269.2 257.1 243 225.6 211.9 203.2 190.4 180.5 172.6 176.9 179.4 176.5 172.3 169.9 169.3 174.2 172.2 178.4 194.7 198 201.2 197.2 195 185.9 182.1 182 181.7 176.7 190.7 200.9 214.2 224.5 232.2 241.5 249.9 263.5 276.1 290.1 303.6 322.2 336.4 341.2 355.1 367.4 376.1 378.8 384.4 387.1 390.9 396.3 398 403.1 405.5 407.9 409.4 403 391.8 391.6 397.6 397.8 394.1 384.2 377.7
441.4 436.2 427.3 417.4 404.9 392.4 380.3 366.7 349 340.3 330.8 317.7 298.5 287.4 277.5 266.4 261.9 244 231.6 210.2 199.3 190.8 179.4 169.5 166.3 168.6 171.4 167.1 161.8 163.5 167 164.9 171.5 180.2 188.1 189.8 186.3 185 177.8 174.1 181.4 169.4 186.5 194.4 206.2 218.4 228.3 235.8 246 255.7 267.9 280.1 293.8 313.8 332 346.6 355.6 365.8 375.3 383.3 385.2 388.6 395.1 396.8 400.1 402.9 401.8 408.4 410.1 408.6 401 390.7 391.2 395.6 397.1 391.9 388.2 379.6
456.4 451 443.9 432.6 418.1 401 389.1 373.8 362.5 350.9 338.6 324.3 309.6 291.8 279.5 265.4 258.7 246 237.8 216 204.6 190.7 188 170.7 165.2 163 161.1 160.3 160.1 160.2 163.4 161.6 164.8 175.2 179.8 182.3 176.5 171.3 168.7 170.6 166.8 175.5 187 196.4 210.7 221.2 229.3 239.7 249.2 260.8 273.2 285 300.3 320.7 339.3 355.9 367.9 376.7 380.8 386.4 391.9 397.9 401 405.5 406.3 401.3 398.1 405.4 408.2 405.2 394.4 387.6 391.2 389.9 390.7 388.4 388.1 379.8
469.6 462.4 454.9 444.7 426.6 409.1 395.4 384.2 372.8 354.7 342.1 331.3 319.3 304.2 289.5 271.4 258.8 248.8 239.4 228.9 215.6 197.2 192.8 177.8 164.1 162.3 160.7 159.4 158.9 158 158 159.5 161.2 173.8 174.9 175.6 167.6 165.6 163.4 161.7 163.4 173.6 187.8 199.6 209.8 219.5 230.5 241.1 254.9 265.6 278.6 289.8 304.2 326.6 345 362.4 375.8 390.1 396.3 400.1 407.7 413.2 409.1 407.2 405.9 396.5 391.8 397.7 401.3 395.2 382.6 379.5 382.7 384.3 385.3 385.8 381.4 376
477.8 471.8 463.1 452.3 433.6 415.8 397.9 389.2 381 364.6 352.4 342.6 328.3 313.4 300.8 283.3 271.6 259.3 247.1 235.6 218.1 202.5 191.6 183.6 167.6 161.4 160 158.9 158.1 156.8 156.7 157.5 160 169.1 173.9 163.5 158.8 158.6 159.3 161 165.5 176.6 192.3 202.7 211.3 223.7 233.5 245.9 258.6 271.6 282.6 293.2 308 328.3 346.6 366.4 382.7 400.1 409.9 418.1 422.9 418 412.8 406.2 399.4 390 386 387.4 388.2 383.8 375.7 379.4 382.8 377.7 378.6 377.1 373.9 366.5
480.6 474.8 467.7 453.6 439.1 420.5 404.9 390.8 385.1 374.7 359.7 348.5 336.3 322.4 312.2 298.2 282.7 272.4 259.5 246 229.8 212.7 189.8 180.4 173 162.3 159.8 158.3 156.9 156.7 155.8 155.5 156.3 160.2 165.7 158.3 156.8 157.9 159.2 157.9 172 182.8 196.1 204.6 214.8 228.3 240.2 251.9 262.7 273.3 282.5 293.9 314.8 331.7 350.1 370.2 384.6 400.7 413.1 422 424.5 418.8 409.3 399.6 392 384 378 379.7 380.7 377.7 367.4 379 378.7 371.1 369.6 368.7 367 363.7
483.4 480.4 469.8 456.9 445 428.8 410.7 390.3 386.6 381 369.8 358.7 350.3 337.6 330.1 316.4 297.3 284 272.4 258.3 243.1 224.1 200.6 182 169.6 165.1 159.2 158.3 157.1 156.2 155.7 155.2 155 155.5 158.9 156.1 156.7 156.2 159.1 166.2 174.9 186.3 197.8 209.7 223.9 232.2 242.5 253.3 262.7 268.3 279.6 294.5 314.8 331.2 348.2 368.4 381.1 397.1 412.5 421.4 421.2 414.4 406.2 394.3 385.5 377.7 370.5 371.6 371.4 365.9 360.2 366.5 365.9 364.9 363.2 360.4 359.8 355.8
488.7 484.6 474 464 450.5 430.7 416.5 400.2 385 379.8 372.9 362 357.5 352.7 339.1 328.4 313.1 296 283.2 271.1 253.1 235.1 213 190.5 175.1 162.8 159.2 158.4 156.8 155.8 155.4 154.8 154.7 155.3 156.3 156.2 156.2 157 159.3 168.1 180.9 191.6 203.3 216.1 226.6 236.9 245.4 256.7 264 272.1 281.1 293.7 312.2 326.7 347 363.3 378.7 394 409.2 420.5 420.7 413.6 403 391.6 383.3 372 363.5 361.4 361.4 357.7 352.2 360.1 361.2 354.3 351.6 351.1 350.3 350.3
492.1 483.8 470.1 462.1 451.6 433.9 421.9 412 393.1 383.5 376.9 370.8 369.4 364.7 351.5 338.7 325.9 308.5 292 274.1 259.5 241.9 221.8 200.2 182.2 166.4 159 157.2 156.1 155.2 154.7 154.3 154.7 153.5 155.5 155.6 155.9 156.3 160.6 171.5 183.8 191.7 204 216.9 230 240.2 247.5 261.7 267.6 275 286.6 295.3 308.5 325.3 343.5 358.8 374.1 391.1 406.9 417.1 415.4 408.6 398.5 387 378.9 369.5 360.5 355.6 352.4 350.4 346.1 351.9 352.7 349 345 345.2 347.8 343.4
491.7 485.2 476.2 463.1 451.5 434.7 424.7 419.5 404.2 387.5 385.5 379.6 375.1 374.7 366.8 352.1 337.7 320.7 306.2 286.4 269 251.9 232.5 209.3 198.9 168.9 160 156.7 155.9 154.8 154.5 154.2 154.5 155.6 155.3 155.2 155.4 156.1 165.7 176.7 186.6 193.6 203.7 218.4 233.9 242.9 250.3 261.7 270.4 278.8 289 296.8 310.9 325.4 338.6 355.7 371.4 388.4 401.9 409.4 410.9 403 392.3 383 376.4 366.4 356 351.2 343.9 343.7 341.5 343.3 344.2 340.7 339.5 342.5 341.9 341.2
480.6 477.9 470.6 458.2 445.2 434.7 428.6 417 406 394.5 385.1 388.7 387 381.1 374 364.5 344.1 332.9 309.6 295.4 276.2 256.2 225.9 217.2 203.6 174.9 165.5 157.3 155.8 154.4 154 153.7 154.3 152.4 154.7 154.8 154.9 158.1 170.7 180.6 186.2 194.8 205 221.7 231.6 240 250.6 263.5 272.3 281.3 292.4 300.6 314.4 327 338.5 351.2 369.3 385.3 394 403.6 404 395.7 388.2 382.1 373.7 363.3 355.9 346.2 341.2 339.1 337.1 334.6 335.5 330 334.7 340.9 341.5 337.8
464.7 467.1 464.4 454.3 443.2 433.5 427.2 415.8 402.6 394.8 381.5 378.1 378.1 373.2 368.3 356.8 342.8 326.5 311.7 297.5 277.6 256.9 240 222.9 202 180.2 168.3 158.9 155.6 154.8 153.7 153.6 153.8 154.9 154.7 154.6 154.8 158.6 168.5 178.3 186.8 196.9 206.2 218.2 231.1 239.4 248.7 260.9 269.9 284.4 291.7 302.4 315.4 324.5 334.5 350.1 369.8 382.1 392.8 398.6 396.6 391.7 385.8 379.6 368.9 361.4 354.4 346.6 337.6 337.1 334.3 328.8 325.9 326.4 329.6 333.9 334.7 333.7
451.9 458.1 457.1 451.1 437.7 424.3 416.2 410.6 400.4 390.3 376 368.2 369.2 365.7 361.5 355 349.5 333.9 326.9 312.1 285.5 264.8 243 225.1 202.8 185.3 170 161.5 156.9 154.4 153.7 153.8 154.3 154.2 154.6 154.2 154.7 158.4 170.8 179.7 185.4 193.8 203.9 216.2 229.6 238.8 250 261.8 272 284 291.2 304.3 314.8 324.8 335.3 351.4 366.9 380.9 388.3 393.2 389.1 383.9 379.4 373.9 367.8 361.3 351.6 345.4 334.3 329 333.8 325.6 324.8 325.4 322.9 328.9 330.1 329.1
439.9 440.9 445.2 444.2 438.1 413.1 408.9 405.7 399.5 386 375.9 358.7 359.4 369.2 363.7 353.7 343.8 328.9 317.1 304.2 287.3 265.5 246.5 228.2 209.6 192.2 176.3 163.7 156.9 154.5 152.4 154 153.6 153.9 154 153.8 155.2 159.3 169.8 173.9 184.4 192.7 202.7 213.7 229.2 238.3 249.6 261.3 270.7 283.1 292.2 304.8 316.3 323.2 334.5 352.7 368.2 381 388.2 391.4 387 382.7 379.7 373.5 365.6 356.2 347.4 342.9 334.4 327.8 325 323.6 323.7 323.5 321.4 324 325.2 321.6
423.6 424 421.7 422 418.8 410.8 396.5 396 390.8 381.4 370.6 360.4 350.4 354.9 352.6 346.4 339.8 329.6 317.3 306 287.8 265.5 249.7 233.3 216.9 199.8 183.5 161.5 155.8 153.9 153.3 150.7 153.7 153.9 153.5 153.4 154.3 161.2 168.2 169.6 181 187.2 199.9 211.7 228.1 235.9 247.3 257.8 270.5 283.7 294 306.1 316.6 324.3 338.2 354.8 374.8 385.5 388.5 390.9 387.8 382.5 377.2 372.7 366.3 355.4 344.1 338 332.3 328.9 323.3 320.5 320.3 319.1 318.7 318.1 318.1 313
405.9 407.7 406.1 407.3 407.9 400.2 387.5 386.7 381.2 372.7 362.7 349.9 343.3 344.5 343.3 341.6 341 334.6 318.9 300.8 284.1 267.6 249.6 236.7 224.8 207.6 189.6 166.7 155.4 153.6 153.6 153 153.8 153.8 153.1 153.6 155.1 161.7 167.7 166.3 175.4 183.7 196.9 211.5 225.1 231.9 245.9 259.7 270.7 284.9 298 310.6 318.5 327.5 344.9 364.3 376.8 387.2 388.3 390.5 390 380.9 372.9 369.5 360.7 352.7 341 334.3 332.6 328.7 327.6 324.1 317.1 314.7 312.7 311.8 310.8 310.1
393.1 387.7 390.3 395.1 393.7 388.7 378.4 373.2 367 362.7 354.3 347.8 346.9 338.5 337.6 342.4 342.5 340.1 324.2 299.4 287.4 271.6 253.1 241.2 228.8 208.4 191.6 172.2 156 153.3 152.3 152.9 153.1 153.3 153.2 154 154.5 158.1 161.4 164.2 173.8 183.1 194.7 207.9 224.5 231.4 246.8 261.7 273.3 285.6 300 313 321.8 336 355.3 368.1 374.4 382.8 386.1 388.1 382.7 375.5 370.9 363.2 359.2 350.4 338.5 333.8 333 329.9 332.1 325.9 318.5 316.8 315.3 311.4 310.2 309.9
378 374.8 376.7 376.9 375.7 373.4 364.4 359 356.2 353.7 349.9 346.7 344.3 337.5 336.1 342.5 346 337.7 331.5 311.9 288.7 275.1 255.5 242 229.3 211.1 192.2 175.6 160.8 153.7 150.3 153.2 152.7 152.6 152.7 153.5 155 157.3 158.3 164.2 173.5 183.1 195.6 206.9 217.4 231.2 246 259 272.7 289.3 308.7 326.6 335.9 347.5 357.6 366.1 373.9 377.6 382.2 381.1 377.1 371.9 369.1 361.8 361.8 350 338.9 333.6 326.8 325.8 329 323.8 319.7 319.1 319.5 313.4 310.2 309.4
369.8 366.4 359.2 361.6 362.1 360.1 351.6 351.6 350.2 346.2 345.2 345.6 344.5 338.7 335.4 344.6 350.1 337.9 332.5 319.4 296.2 279.4 258.5 244.3 229.3 210 193.8 180.2 163.3 153.2 150.3 152.5 152.7 152.4 152.6 153.2 155.1 155.5 156.9 162.6 178.3 186.9 193.9 203.1 218 232.1 247.4 260.8 273.5 296.8 316 334.8 343.6 351.9 355.9 369.7 371.2 373.5 382.3 377.2 372.9 370.8 365.2 361.1 357.4 345.2 336.1 330.6 324.8 323.8 323 323.5 322.1 321.2 319.1 311.5 310.5 310.2
354.8 351.1 347.9 349.6 348.5 347 345.6 349.3 347.7 345.5 341.7 348 351.2 341.9 334.9 346.3 351.3 343.2 330 319.3 305.6 282.7 264.8 250.5 232.5 217.5 202 186.6 167.8 153 151.5 152.3 152.6 152.5 152.1 153 154.1 154.7 155.5 161.6 178.1 186.9 194.3 203.9 216.8 230.4 246.6 263.7 279.6 302.8 322.1 334.5 336.8 348.4 351.1 366.4 371 368.5 378.8 375.2 371.2 368.8 365.7 360.3 350.6 342.3 331.2 327.2 324.4 322.3 326.4 327 325.3 320.6 315.8 312 312.2 310.9
346.6 341.1 336.8 334.5 331.2 333.3 342.6 348.4 347.3 345.4 338.7 344.9 345.2 336.4 334.8 348.1 350.7 341.2 331.8 321.4 309.8 291.8 270.3 249.4 237.8 222.7 206.4 190.5 172.6 153.5 150.8 152.3 152 152.1 152.1 152.8 153.5 154.1 155.6 159.5 174.1 183.4 191.6 203.6 216.6 231.5 250 265.8 285 306.8 324.6 328.2 327.5 336.6 345.6 359.7 355.8 356.7 364.3 371.7 376.6 371 368.1 359.1 346.2 336.7 326.8 324.6 320.7 320.8 322.8 323.3 320.9 315.6 311.2 312.2 311.4 313.5
337.4 333.4 325.3 325.6 328.3 331.2 339.1 346.7 349.9 344.9 338.1 332.2 337.4 337.4 334.6 339.5 342.5 339 330.2 322.2 311.6 296.7 272.3 251.9 240.7 226 210.5 192.1 174.3 153.2 150.8 150.6 149 151.1 151.1 151.3 153.7 154.7 156.6 161.5 173.6 178.8 192.2 205.6 218 235.5 252.2 268.6 287.2 306 314.6 320.3 319.6 325.5 337.3 346.1 344.5 349.1 361.2 372.2 376.4 373 363.7 354.5 342.4 334.2 322.8 317.4 315.7 317.2 318.4 319 315.8 311.6 310.8 310 310.3 311
333.1 323.1 320.4 325.1 328.8 331.5 338.3 349.2 344.6 333 323.9 325 326.7 326.4 332.7 333.5 334.6 330.9 324.2 318.5 309.6 298.1 276.1 256.1 241.2 224.3 210.2 192.9 174.6 155.9 149 151.5 149 149 149 151.9 153.3 154.9 158.8 165.3 168.8 176.1 193.8 208.4 222.2 239.9 253.7 270 287.4 299.8 310.7 318.1 314.7 316.3 329.4 335.7 336.2 346.4 360.4 376.5 374.5 374.6 360.5 344.1 336.1 324.8 318.5 313.5 317.2 317.5 318.3 318.3 314.8 311.3 310.6 310.1 310 311.2
322.9 318.4 315.3 320 324.4 328.3 334.8 336.3 333.4 326.7 318.3 315.4 316.6 325.4 327.1 323.6 319.4 323 318.8 314.9 311.4 300.4 283 262.7 241.9 224 211.4 195.6 175.6 162.8 149 149 150.4 149 149.3 152.3 152.7 156.7 161 165 168.8 180.3 199.2 213.1 225.9 240.8 254.9 267.8 281 294.5 305.1 312.2 315.7 309.3 321 330.8 336.2 348.3 365.1 373.7 369.4 368.6 357.3 343.6 330.8 320.4 313 313.2 314.9 315.5 318 315.2 314 310 309.9 309.7 309.7 310.7
318.4 315.8 314.8 315 324.6 324.3 324.3 323.8 319.6 313 310 308.4 308.2 313.4 311.7 306.5 308.8 312.5 312.8 312.8 309.4 302 287 270.7 250.8 233.8 216.8 203.2 186.9 164.2 150.4 149 149 151.1 151.5 152.3 152.5 159.2 162.3 165.3 171.4 186.9 203.9 216.7 229.1 240 251.8 262.2 274.7 288.4 300.7 312.1 314.4 307.1 316.9 325.4 340.2 352 370.5 365.1 364.3 357.7 352.6 342.1 331 318.7 312.7 311.6 311.3 310.7 311.7 311.7 310.6 309.6 309.6 309.4 309.4 309.9
315 313.6 311.9 312.4 317.5 311.9 311.8 318.7 316.2 311.8 305.2 297.7 297.6 301.8 303.2 303.9 300.2 303.4 305.9 307.6 308.3 303.3 284.3 267.3 256 236.7 223.2 212.9 189.2 165.5 152.9 149 149 149.9 151.8 152.1 153.2 155.8 160.7 164.3 174.2 193.9 207.8 221.7 231.2 237.7 248.4 259.4 273.5 285.3 294.7 306.4 311.7 308.9 312.4 325.3 336.7 349.4 363.7 360.2 355.7 351.7 347.4 340.4 329.5 321.1 317.5 309.8 310.3 309.9 309.4 309.7 309.4 309.3 309.2 309.5 309.3 309.2
