GeneralExemplars/GeoExemplars/LakeDistrictData/data/LakeDistrict/terrain-50-dtm_3563996/ny/NY40.asc
ncols 200
nrows 200
xllcorner 340000
yllcorner 500000
cellsize 50
[rows 70 to 104 of 200, columns 78 to 155 of 200]
604.4 590.3 575 562.4 554.7 541.6 515.4 490.6 451.9 419.9 382.4 348.2 324.6 309.9 296.8 287.8 283.3 278.7 266.9 259.8 267.3 269.5 265.4 264.4 266.5 257.2 249.1 243 238.7 232.2 227.1 224.9 220.7 217.7 217.6 217.4 216.8 216.9 220.8 235.6 256.7 273.4 277.7 297 311 317.5 318.8 334.8 355.9 366.9 364.9 375 387.1 398.8 415.8 432.5 450.7 469.2 488.9 505.8 519.8 532.9 544.8 557.9 566.6 571.9 576 572.4 550.3 506.8 470.6 442.2 418.5 403.2 385.2 365.7 344.7 325.2
584.9 571.7 559.4 551 541.2 528.8 505.2 464.9 425.1 398.8 370.4 347.4 327.7 310.6 299 290.8 285.1 282.9 280.1 273.8 278.9 278.8 275.9 272.5 270 266.5 258.8 251 245.6 240.1 233.7 229.1 224.4 218 217 216.8 216.5 216.2 215.9 222.4 240 251.1 269.9 283.4 302 305.4 308.6 320.9 342.8 345.4 352.9 370.3 384.2 398 413.1 432.8 449.8 467.9 488.7 502.6 517.8 529.2 543.1 556.7 565.4 572.7 576.8 575 548.3 512.8 474.8 441.5 419.3 401.1 384.4 369.1 356.1 332.2
574 559.8 548.1 536.2 527.1 517.8 502.5 484.4 452.3 405 376.1 340.9 323.2 308.2 298.1 291.9 291.5 288.4 284.5 285.6 285.9 285.3 281.8 282 279 274.8 266.2 260.1 253.8 250.3 245.1 237.6 228.4 221.2 216.5 217.6 217 215.9 216.3 215.8 232.3 239.9 247.9 258.5 271.7 288.5 294.7 304.5 323.2 321.4 345.6 363.1 379.8 396.8 414.2 429.9 447.7 466.6 482.9 503 518.4 527.4 541.8 554.6 564.5 572 578.2 578.7 551.4 511.5 476.1 450.6 432.2 415.9 393.8 370.4 350.9 339.9
565.5 552.4 537.6 523.3 514.6 503 491.9 474 442.5 403.8 367.5 338.2 318.6 307.5 301.5 301.7 296.5 292.3 291.8 294.1 298.5 300.9 293 295.9 290.3 281.9 273.9 268.2 265.3 260.9 251.7 243.1 238.6 229 217.5 216.4 216.5 216 215.6 215.2 218.6 223.2 225.6 234.4 249.2 272.2 275.6 284.5 296.8 318.4 330.7 356.8 374.9 393.1 411.8 429.8 450.6 464.1 477.9 496.7 508.9 521.7 538.4 552.7 565.4 573.5 580.4 582.4 558.6 533.6 492.7 473.8 453.2 419.9 394.1 369 346.5 334.8
556.2 546.2 530.6 513.6 498.8 490.3 475.1 456.3 428.7 391.7 358.9 334.6 320.6 310.8 310 304 298.7 299.1 301.7 306 311.8 309.2 301.8 299.4 293.5 290.2 281.7 275 268.9 266.1 259.2 248.7 243.7 236.1 222 215.7 216 215.5 214.8 214.8 214.5 215.5 224.1 222.4 229.5 248.3 259 258.3 283.5 296 317.9 349.3 370.8 388.4 408.9 430.7 446 460.5 473.5 485.5 503 515 532.2 547.3 563.1 574.9 581.3 578.5 564 542.3 508.7 481.1 463.6 436.5 397.3 376.3 354.9 341.4
550 533.9 519.2 503.4 485.7 475.4 458.9 441.7 411.3 383.4 351.8 330.5 322.1 316.8 314.7 309.9 306.4 312.3 317.8 323 322.2 314.9 307.6 306.5 304.2 302.1 295.9 277.9 273.5 269.6 263.2 249.9 239.6 227 219.3 215.6 215.4 214.9 214.5 214.3 214.3 214.5 213.9 215.2 220.9 229.4 241.3 252.9 267.6 276.8 301 330 358.4 384.9 407.1 429 441.3 454.2 470.6 481.5 495.2 511.8 527.3 542.2 557.1 571.2 581.1 578.9 559.8 532.3 503.1 472.3 449.2 424.1 396.7 375.4 359.2 349.3
540.6 523.5 507.2 492 474.9 462.6 444.5 422.3 402.3 373.5 348 334.5 328.2 325.6 324 318.1 315.4 323.5 330.6 331.7 329.7 319 314.1 310 309.9 312.1 298.2 285 276.6 270.8 260.5 255.1 251.7 239.2 224.5 216.2 215.5 214.6 214.7 214.2 214.1 214.2 214.3 214.5 217.4 222.5 229.9 241.7 254.3 263.9 285.6 320.4 347.8 375.3 396.1 427.6 433 446.4 460.3 476.9 489.7 508.1 522.6 538.7 554.1 571.5 572.2 578.3 561.6 524.8 506 474 442 419.3 389.2 376.1 366.2 359.5
536.3 521 501.7 483.2 459 444 425.9 408.6 388.9 366.9 348.8 342.6 337.2 332.4 326 329.7 329 333.7 341.2 342.8 339.6 328.4 322.1 314.5 316.1 311.9 300.9 292 282.1 275.6 267.1 259.1 250.5 241.3 229.7 223.4 223.4 221.1 214.2 214.2 213.3 213.4 213.4 214.5 217.3 219.1 226.1 233.6 244 255.2 273.9 302.1 331.3 362.2 387.2 409.2 418.8 438.2 454 469.4 489.3 506.7 522.3 538.2 550.6 564.5 565.1 572.3 559.9 526.9 496.7 479.3 446.7 416 396.5 377.5 376.1 368.3
532.9 517.4 500.3 480.6 465.8 449.1 421.1 395.4 380.8 367.6 356.6 347.4 343.9 335.9 329.9 333.1 341.8 343.5 347.9 354.3 349 337.3 331.3 320.7 315.4 307.4 302.8 299.1 287.1 286.5 275.8 264.7 250.4 238.9 228.3 229.4 223.1 223.3 213.6 214 213.4 213.5 213.2 214.3 215.9 216.2 219.5 224.5 231.6 246.6 270.5 293.4 320.6 347.6 371.2 390.2 408.8 429.2 448 465.4 481.4 505.6 524 533.7 545.8 560.4 558.3 546.9 547.4 516.9 488.9 464.3 438 415.6 394.7 391.1 387.3 378
531.3 514.2 499.5 478.3 460.6 447.6 433.5 406.4 385.2 369.7 362.1 352.1 343.4 341.3 341.2 346.2 349.8 352.8 355.7 353.2 345.4 341.2 336.4 329.6 321.9 315.1 304.3 295.7 291.3 289.8 281.6 272 254.6 243.7 225.4 223.4 222.9 217.6 212.9 213.4 213.1 212.9 212.9 213.4 214 214.2 214.3 216.9 228.3 240.9 264.1 289.3 311.6 334.2 356.2 377.2 402 422.1 438 461 477.6 503.4 519.3 529.7 538.9 549.2 548.3 534.2 531.3 503.2 482.8 464.2 433.6 418.1 401.2 406.3 389.5 381
529.2 511 498.4 479.5 454.9 440.7 430 406.2 385.8 371.6 359.3 349.8 349.4 351 356 358.1 357.5 355.9 353.7 349.2 344.9 343 340.1 334.9 329 318.1 309.4 304 301.4 298.3 285.8 277.8 269.9 259.6 240.7 228.4 224.5 214 212.9 212.6 212.8 212.6 211.4 212.4 212.1 212.7 212.8 215 227.2 238.2 258.3 282.4 298.7 323.7 350.7 369.9 390.2 410.1 435.5 457.6 471.7 495 508.1 526.8 531.3 537.3 538.7 526.4 517 496 481.8 455.3 439.9 418.4 410.2 411.3 392.9 381
517.9 505 489.6 473.5 450.1 434.3 418 399.2 383.7 366.7 363 363.4 364.4 365.7 369.2 369.9 364.6 361.9 360.8 356.6 354.8 351.6 346.8 343 332.9 327 317.3 310.3 305.6 300.1 297.8 292.6 277.1 263 245.7 230.8 218.5 212.9 212.3 212.2 211.9 212.1 210.5 212.2 211.7 211.6 212 214.9 221.6 234.4 246.6 263.9 285.1 316.7 339.6 364.1 380.9 402.2 422.5 445.9 462.9 476.6 500.6 514.8 522.9 532.4 532.5 520.4 502.2 489.2 473.6 456.4 439.6 420.4 413 403.3 393.5 386
516 501.5 485 467.5 451.8 435.5 417.3 399 387.1 388.6 379.8 374.9 374 376.7 377.8 378.1 375.5 372.4 369.5 366.4 364.6 359.6 356.1 353.9 343.6 331 325.2 317.7 311.9 308 315.4 311.1 295.4 275.8 253.9 239.7 223.8 212.7 211.8 211.8 211.5 211.6 212.6 211.8 211.9 211.1 211.7 215.3 224.7 232.7 240.2 253.6 273.7 301.8 331.1 356 372.1 392.7 412.6 433.7 450.8 471.1 488.5 502.9 513.9 514.8 512.9 504.9 485.9 476.2 467.8 455 437.4 428.4 415.7 402.7 400.4 393
515.5 497.2 483.5 469.4 454 437.1 422.1 404.5 402.5 396.8 394.4 390 387.1 387 387.8 386.3 389 382.1 376.3 373.4 371.2 366.1 360 356.2 347.1 343.2 331.2 325.3 319.3 317.9 316.9 310.6 304.2 293.5 268.9 250.7 235.2 218.3 210.8 211.5 211.2 211.7 211.2 211 211.4 211.2 211.2 213.1 223.1 230 234.3 248.2 267.4 291.4 320.4 347.2 368.4 387.8 405.2 424 443.4 469.8 483.8 494.8 501.9 505.1 509 491.6 486.6 478.6 469.1 462.3 449.4 440.8 422.4 411.4 405.9 392.4
512.6 495.8 482.9 469.1 458.1 446.6 431.6 424.2 416.8 408.8 405.3 403.1 397 400.8 398.9 396.2 394 384 380.7 379.9 379.8 374.8 368.7 361 351.7 347.6 336.8 331.6 332.6 331 330.9 322.3 310 297 280.7 261.5 249.9 232.2 216.1 211.4 210.7 211.5 211 211.4 211.2 211.2 210.6 212.1 216.3 224.4 234.9 253.5 269 290.9 317.1 338.7 361.1 381 395.2 412.8 433.4 452.3 469.2 481.4 493.5 502.2 500.6 491.9 486.4 480.5 472.2 460.6 464.4 450.8 427.5 413.7 409.6 392.6
510.9 497.6 485.4 471.9 463.9 452.6 441.1 433.2 426.3 419 414.9 410.2 407.8 406.2 404.6 405.6 399.8 387.8 385.1 384.5 386 373.7 369.8 364.6 361.9 353.5 344.6 338.1 342.9 341.6 345.4 336.1 324.4 310.9 291.9 271.4 261.6 246.4 226.9 212.2 211.3 211.1 210.2 211.4 211.2 210.7 210.3 210.8 214.5 224.6 239 253.4 269.4 289.2 312 334.6 353.6 371.9 387.4 397.7 414.7 442.1 455.7 469.3 486.6 489.1 486 489.1 483.9 479.8 469.1 467.4 462.5 452.5 433.7 413.9 401.5 398.7
509.2 496.6 485.3 475.2 465.5 454.3 447.1 436.1 432.5 427.2 427.3 420.4 417.4 410.9 411.8 408.6 408.5 398.6 394.4 393.7 394.9 380.7 372.5 369 371.9 361.9 351.5 344.5 345 346.1 347.9 341.8 328.3 316.9 314.8 284.5 271.1 260.1 243.6 220.7 210.9 210.4 210.9 210.2 210.4 211 210.3 210.2 212.7 221.1 234.5 246.3 263 289.8 309.7 323.6 346 362.5 381.1 394.3 405.1 425.6 446.2 455.7 468.2 478.9 482.9 488.7 482.8 483.1 467.3 462.9 456.7 443.3 430.7 412.2 400.5 386.8
507.7 497.1 487.9 479.7 470.5 459.6 452 444.3 438.6 440.8 433.9 426.8 423.4 419.2 413.8 412.2 413.8 411.9 404.4 406.2 409.2 385.1 378.5 375 370.9 364.9 362.8 353.8 347 352.2 353.6 345.3 327.7 311.5 303.8 284.4 278.3 266.1 257.2 237.5 217.1 210.2 210.3 210.2 210.7 210.8 209.7 209.7 210.4 218.5 231.9 242.8 263.2 290.5 302.5 318.3 337.9 356.6 379.5 390 397.8 411.2 429.8 446.1 460.9 463.4 476.5 480.8 485.1 480.2 474.2 462 454.6 439.2 422.1 409 391.4 377.3
507.7 499.4 491.9 484 474.3 464.9 459.6 452.7 446.8 447.3 443.9 434.4 431.7 426.4 422 418.7 416.3 415 411.4 409.2 412.2 397.6 387.2 384 373.9 366.6 358.4 354.3 347.6 346.5 357.6 357.1 332.5 310 298.7 283.9 275.2 262.8 254.8 240.7 225.6 209.7 209.9 209.4 210.6 210.2 210.1 209.2 209.7 215.8 232.7 245.2 263 284.8 296.8 317.3 331 351.2 370.8 383.9 390.6 403.2 417.1 431.3 447.3 457.4 468.3 478.8 481.9 478.2 476.7 462.1 450.7 432.1 415.7 394.7 386.6 377.8
510.1 502.7 494.5 486.8 479.9 470 464.4 458.8 453.7 454.7 457.5 443 437.6 432.3 428.6 423.9 421.8 422.5 421.4 414.1 406.3 410.4 396.5 386.3 375.5 372.8 361.9 355.6 349.2 345.6 341.3 354.7 335.6 319.5 300.2 288 269.3 259.7 251.7 247.9 232.3 212 209.7 209.8 210.4 209.9 209.5 209.4 209.8 214.9 229.7 242.5 258.3 275.2 291.4 309.1 326.8 347.2 361.9 373.7 384.2 395.1 405.6 417.5 430.5 448.5 462.4 471.4 474.8 471.9 467.6 456.7 450.2 431.5 406.1 387.5 382.4 377
512 505.4 497.6 491.1 484.5 479.6 471.2 462.5 459.3 461 463.4 451.3 442.8 437 431.4 430.3 433.6 438.6 436.2 417.5 408.8 405.1 401.1 385.9 377.5 375.9 372.6 362.2 354.6 354 343.1 329.4 325.7 317.7 299.5 287.7 274.2 258.9 246.7 235.9 224.9 214.7 209.4 209.3 209.8 209.2 209.4 209.2 209.5 214.2 237.6 244.2 255.6 270.5 286.2 302.5 320.7 343.1 356 361 372.9 390.3 401.8 409.7 427.1 448.9 464.6 466.8 471.3 464.1 456.3 441.7 432.9 416.1 401.9 387.9 372.5 366.3
513.5 507.3 501.2 495.5 491.7 488.5 482.3 473 467.7 462.7 464.5 457.3 446.6 443.2 441.4 442.3 441.5 435.8 422.3 410.2 409.4 402.1 402.7 389.7 387.2 383.4 379.1 365 356.2 357.2 348.5 341.6 325.1 320 297.1 284 269.2 261.1 244.3 226.1 213.9 210.8 208.6 209.4 209.1 209.5 209 208.8 209.4 216.8 231.7 243.1 255.3 264.6 278.3 294.2 310.9 332.4 346.5 352.3 363.4 381.1 392.2 407.9 424.5 450.6 458.6 468.9 463.7 455.2 444.1 430.6 417.1 407 399 391 376.1 362.1
515.2 509.7 504.6 499.6 497.1 495.3 489.4 481.5 467.7 460.6 461.8 458.7 452.6 448.6 447.3 450.8 441.5 430.6 419.1 409.3 405.8 401.7 399.9 391 396.3 391.3 393.7 375.4 357.9 347.2 345.1 346.2 341.1 330.1 297.1 276.3 272.7 267.7 251.6 226 211.3 209.1 208.4 208.7 208.6 209.3 209 209 211.1 221.1 229.3 239.2 250.7 260 267.8 288.6 302.9 315.5 330.2 343.2 357.6 372.2 388.3 401 420.3 446 460.2 471.4 463.8 455.3 437.1 417.8 414.6 409.9 399.3 389.6 370.7 362.8
519.3 511.6 505.4 501.8 500.7 498 495.8 490.3 472.7 460.6 458.9 458.5 458.1 453.5 451.9 457.7 443.5 430 421.6 410.7 405.7 400.3 401.7 391.3 389.2 394.5 400.5 381.2 360.7 346.9 344.2 329.3 335 325.6 298.8 283.6 273.2 266.3 249.3 226.3 210.7 208.7 208.2 208.4 209.1 208.6 209 210.1 213.9 223.2 228.2 235.7 246 253.5 264.6 276.9 289.4 305.4 318 338.4 355.9 369.8 384.4 397.8 417.7 443 457.9 462 451.3 439.2 422.8 409.3 407.2 408.9 396.4 380.3 362.8 360
522.2 514.7 507.3 507.2 509.9 509 507.9 497.8 480.6 469.3 463.8 458.8 461.5 458.3 460 460.4 451.2 437.7 426.2 416.6 409.1 407.5 396.6 394.5 390.3 394.6 396.2 384 360.5 348.4 329.9 325.3 314.8 311.5 306.9 285.8 276.7 272.5 260.8 238.6 214.6 208.3 207.9 207.9 208.2 208.6 208.8 211 219.6 225.8 231.3 233.9 243.4 251.3 266.4 267.5 276.9 295.5 314.7 331.9 352.5 374.5 385.5 397.8 414.2 438.1 453.6 441.4 419.2 411.5 405.8 394.5 394.3 395.9 401.2 374.9 362.3 363.4
518.2 514.5 509.7 517.1 518.4 516.2 512.9 505.4 483.7 474.1 465.2 465.3 462.4 466.8 470.3 464.3 455.9 448.2 438.8 421.8 406 419.3 411.9 400.6 397 393.3 394 382.6 363 349.2 326.7 320 313.1 303 309.4 282.4 274.8 277.7 265.4 238.9 216.8 207.9 207.6 207.9 207.9 208.7 208.7 212.8 226.4 234.1 235.2 240.7 245.5 253.9 259 264.2 273.9 288.1 311.4 332 360.2 375.6 385.7 402.7 415.3 423.1 433.1 416.3 401.8 399.8 395.3 391.3 384.8 389.4 383.8 368.5 357.6 354.8
514.9 513.8 517.3 520.1 522.5 522.6 519.2 506.5 481 475.1 471.5 470.2 469.7 483.5 468.9 467.3 445.6 439.4 434.4 415.5 404.9 408.3 409.8 410.1 406.5 396.9 385.6 375.1 361.9 345.2 326 316.5 317.1 304.1 286 273.4 267.9 284 279.6 239.5 212.5 207.6 207.4 207.7 208.4 208.6 208.3 213.7 229.8 239 248.1 244.6 251.6 258.2 261 263.9 267.4 289.5 310.2 335.9 364.2 372.5 386.3 400.4 404.5 412.4 417.4 394.2 393 389.8 391.8 383.4 376.9 378.8 371.4 355.8 346.9 347.6
513.4 518.8 521.4 519.6 520.7 519.8 509.8 493.4 472.4 470.3 473.9 475.7 481.4 484.4 474.4 462.9 449.8 435.5 422.3 409.6 403.2 401.7 406 410.1 407.9 396.6 392.8 388.5 362.3 338.8 321.7 318.1 313.2 301.9 270.2 264.9 259.6 267.4 273.5 244.2 215.3 207.1 207.3 207.5 208.2 209.3 209.7 217.6 228.1 238.7 252.3 252.1 257.1 265.4 259.2 261.2 272.6 295.5 315.1 337.2 353.4 373.1 384.9 387.5 387.8 389.7 387.3 380.9 385.3 384.1 379.3 374 374 365.5 355.1 348.3 346.5 353.4
520.3 526.4 526.6 505 514.2 502 488 474.3 462.6 463 464.5 467 478 472.3 473.1 475 457.8 438.9 423.3 409.9 402.5 398.6 406.4 413.2 408.3 398.6 398.4 391.4 365.5 346.8 317 320 328.4 274.4 242.1 239.9 236.8 241.8 252 217.4 207.5 206.7 207.6 206.9 208.3 209.9 211.9 220.4 232.2 244.4 254 255.8 258.8 261 260.5 264.2 287.7 297.7 313.2 333.3 353.7 369.8 372.9 370.8 369.6 371.2 369.1 368.4 373 371.8 371 365.2 357.8 351.6 347.9 346.4 349.5 359.2
525.6 525.4 519.8 491.6 498.3 491.4 472.9 461.4 452.5 452.6 454.6 453.2 466.6 475.7 468.3 477.7 467.2 446 435.2 411.1 403.3 397.5 398.8 407.9 405.8 393.6 394.7 390.3 358.4 330.9 307.2 313.6 322.8 272 229 218.8 220.1 223.3 211.5 206.6 206.6 206.7 207.2 207.5 208 209.6 215.7 221.3 235.1 245.3 253.1 256.3 262.5 262.2 262.3 272.5 282.6 296.6 307.2 329.6 350.2 360.7 358.3 351.7 350.3 350.7 350.9 350.5 355 354.3 353.5 349.8 351.2 351.7 346.1 348 353.7 369.7
523.4 521.5 511.9 479.1 461.3 458 455.4 443.8 434.4 437 441.2 442.9 459 460.5 461.5 471 472.3 446.5 428.4 411.3 402.3 396.7 394.3 399.6 406 394.6 378.7 367.5 339.5 319.8 287.3 285.8 288.7 261.9 225 212.5 207.7 207.3 206.5 206.4 206.5 206.6 206.8 207.5 206.7 209.5 216.9 227.2 242.2 257.4 260.4 260.1 268 271.4 268.1 275.8 279.6 295.6 304.8 322.9 338.5 343.6 337.7 337.6 331.3 332 331.7 332.2 336.6 340.6 344.1 343.8 349.5 342.2 346.6 351.3 357.5 359
514 517.7 491.2 456.1 440.5 438.8 435 423.5 414.9 419.2 426 429.2 439 447.9 457 458.3 451 442.7 427 404 400.6 395.8 384.7 392.1 387.1 374.8 373.5 347.3 334.9 299.2 265.5 245.8 244.8 234.7 221.5 210.1 207.4 206.4 206.3 206.3 206.4 206.4 206.4 207.2 207.2 213.2 221.6 233.8 248.2 259.3 267.8 268.7 265.1 272.9 278 278.8 281.3 289.2 308.1 311.9 322.7 324.4 320.8 316.8 313.3 318.6 321.1 325 331.3 333.4 335.2 331.2 339 348.1 351.7 349.9 347.1 340.1
492.7 504.3 493 441.8 423.5 424.8 423.8 409.7 399.5 400.3 406 414.7 413.5 433.5 430.4 422.4 423.3 415.3 400.4 393.9 397.2 404 385.5 367.7 369.6 353.4 334.1 325.8 323.2 286.9 253.5 225.6 219.4 217.9 217.5 214.7 209.9 206.5 206.1 206.6 206.3 205.8 206.8 205.5 208.2 215.8 224.6 236.6 248.4 260.9 271.6 273.8 268.5 275.2 283.9 286.8 285 289.6 297.3 305.3 311.4 311.2 306.8 303.1 301.1 306.8 311.3 316.1 322.6 325.3 327.3 336.9 345.3 357.8 350.2 342.9 335.8 333.1
480.9 479.6 448.6 432.7 414.7 412.2 406.4 389.1 383.6 377.5 383.3 392.6 400.1 415.2 405.8 404.5 406.1 394 384.5 384.9 396.8 405.8 387.8 371.1 343.4 332.8 322.3 318 295.8 270.4 245.2 223 218.6 221.2 220.8 222.7 219.4 212.1 206.8 206.1 206 205.9 206.5 207.3 207.4 215.1 227.6 241.4 255.2 266.2 275.2 279.5 274.6 275.1 280.1 283.6 287 293.6 296.2 297.1 300.8 297.6 295.4 293.2 295.6 301.3 309.8 314.5 319.2 323.4 329.5 339 352.5 355.5 350.9 347.2 341 340.6
462.5 447.3 430.1 420.2 412.9 397.9 388.1 371.5 361.6 363.1 369.7 379 387.7 397.1 388.6 388.3 392.1 369.5 372 374.1 398 396.2 383.7 362.4 339.1 318.5 309.7 307.2 279.4 257.6 236.6 227.3 220 226.1 223 227.6 226.9 219.9 210.9 213.2 206.2 206 206.8 207.4 209.1 220.3 235.1 247.1 258.9 272.1 281.6 285.5 284 285.4 280.2 286.6 284 285.8 287.3 289 290.9 289.8 290.5 293 300.1 311.2 318.5 321.3 327.4 328.3 330.4 337.8 355.4 356.7 357.3 358.5 354.8 354.6
