GeneralExemplars/GeoExemplars/LakeDistrictData/data/LakeDistrict/terrain-50-dtm_3563996/ny/NY51.asc
ncols 200
nrows 200
xllcorner 350000
yllcorner 510000
cellsize 50
[rows 140 to 174 of 200, columns 78 to 155 of 200]
341 335.3 329.1 321.3 314.7 312.2 309.6 307.8 307.9 308.7 308.5 306.3 303.3 299.9 293.3 287.1 280.3 272.4 269 269.2 269.5 274.3 277 279.8 279 275.1 273.8 273.8 274.8 274.4 271.5 268 266.5 268.7 265 255.1 247.3 245 246.3 244.7 241.8 239.9 238.4 238.5 238.1 238.3 245 243 244.4 248.3 250.3 258.2 262.8 261.6 260.9 263.5 267.5 272.5 272.6 278.6 281.6 287.5 292.7 297.4 301.4 307.7 310.3 311 316.6 318.3 316.5 315.9 315.9 317.2 315.2 313.6 309.8 309.7
339.1 334.6 327.3 322.6 313.9 310.2 308.1 307.3 306.6 306.1 305.6 304.2 302.2 299.1 294.6 287.9 278.5 281.8 278.7 275.1 274.3 276.3 280.4 282.3 280.3 276.9 274.9 273.8 271.9 270.7 269.3 270.8 272.4 271.5 265.6 256.2 250.1 246.6 248.1 245.6 242.7 242.4 239.1 239.4 238.8 238.8 240.1 240.7 245.6 250.2 252 258 262.3 261.2 261.6 264.5 268.2 272.7 273.3 279.6 282.5 288.7 294.8 300.5 304.1 310.5 312.6 314 320.6 319.6 317.7 317.5 318.4 318.6 316.7 312.9 310.3 309.6
338.2 335.8 327.4 322.6 314.4 308.1 306.7 306 304.5 302.8 302.2 301.1 299.8 297.2 293.1 286.4 279.1 285.4 281 278.5 279.2 280.1 282.3 283.5 280.8 276.8 275.6 274.3 273.2 272.5 273.6 276.6 276.1 272.7 266.3 255.8 250.1 247.8 249.5 246.9 243.6 242 239.2 241.6 240.1 239.8 239.7 244.1 247.5 252.6 257.2 256.7 259.7 260.9 261.8 265.8 268.8 273.3 275.5 280.8 285.2 289.8 296.7 303.1 306.6 312.9 314.9 317.7 321.6 321 319 318 319.9 319.8 317.7 313.4 310.7 309.9
334.6 332.1 327.2 319.9 316.1 309.2 305.9 303.7 301.9 300.1 298.3 297.6 296 293.7 287.7 284.9 283.6 288.2 283.9 282.9 284.4 285.4 284.7 284.4 280.4 277.4 276.3 276.5 276.6 276.9 278.5 278.8 278.4 274.9 267.4 255.4 249.9 249.8 251.2 247.5 244 243.4 240.1 240.8 242.6 241.4 243.6 246.1 249.4 254.4 258.8 259 259.3 261.5 263.2 266.5 269.9 273.1 278.5 282.5 287.3 291.2 298.2 305.4 308.5 314.8 316.3 319.5 323 322 320.1 319.3 320.5 320.4 318 313.9 311 310.4
331.3 327.8 321.3 315.3 310.5 308.7 305.5 301 297.9 297 295.3 292.7 289.8 288.2 287.7 294.1 293.6 290.4 289.7 289.3 289.9 291 287.5 283.7 281.4 279.1 278.3 278.4 278.5 279.3 280.3 280.5 279 274.5 265.8 257.1 250.7 249.7 249.7 247.1 244.3 243.6 240.4 243.2 244.8 242.4 244.5 246.1 251.4 255.6 259.6 259.8 259 260.2 264.2 268.6 271.2 274.8 279.4 284.3 288.9 292.6 299.5 305.2 310.8 317.4 316.3 321.1 324.8 322.2 320.8 320.4 321.6 321 318.4 315.3 312.5 312.1
333.4 330.2 325.1 321.4 316.1 308.5 303.6 301 300.1 298.7 299.9 300 298.5 292.6 292.6 295.6 294.4 296 295.6 296.2 296.9 296 292.7 289.4 286.5 282.2 280.3 280.3 281.1 280.5 282.5 280.9 279.4 273 266.1 259.1 253.8 250.2 248.7 248.6 245.9 244.1 240.3 243.9 246.6 245.8 245.1 246.9 250.2 256.1 261 259.9 258.1 261.7 267.3 271.9 273.1 275.9 280.6 286.1 290.4 294.5 300.5 305.7 310 318.5 315.7 323.3 325.1 322.6 321.1 320.8 322.4 321.1 318.8 315.7 315 315.7
335.8 331.2 326.2 321.9 317 311.4 306.1 305.6 304.5 304.3 304.8 304.2 304.4 297.8 298.8 298.6 299.4 301.3 301.7 302.9 303.3 300.7 296.5 294.1 291.4 285.7 284.3 285.1 285.2 281.3 282.5 279.5 276.4 271 267.1 261.4 256 252.2 250 250.1 246.8 244.2 242.9 244 249 247.9 245.9 247 249.5 255.2 260.5 259.2 257.5 263.3 269.9 275.8 273.8 278.2 282 287.2 291.7 295.8 299.7 304.4 308.9 316.1 316.3 325.1 326 322.6 320.9 320.8 322.1 321.2 319.4 317.3 317.6 318.3
337.9 333.5 328.4 323.7 317.6 312.4 311 311.3 311.6 311.1 310.3 311.6 311 308.8 305.1 305.5 306.1 306.7 308.6 309.8 308.5 304.1 299.4 299.3 295.1 289.4 288 286.7 287.2 280.6 279.4 277.6 274.4 269.7 267.6 262.5 258.9 252.1 253.1 252.5 246.7 245.6 243.9 245.1 251.6 249.3 247.8 247.7 250.6 254.8 259.7 258.4 257.1 264.1 271.1 277.8 277.1 279.8 283.3 288.2 293.1 296.8 300.3 303.6 307.5 313.3 315.5 323.3 323.8 322 319.8 319.9 321.5 320.9 319.3 318.5 318.6 319.2
340.9 336.7 331.7 325 321.4 320.6 318.4 318.2 317.5 317.6 317.2 316.2 315.7 314.5 312.5 313.3 314 313.2 314.8 315.3 312.2 307.2 302.3 301.2 296 291.9 289.1 288.8 289.3 284.1 279.4 275.9 272.5 270.3 269.2 264.7 260.1 256.1 258 255 248.5 246.8 244 246.9 253.2 250.1 248.3 248.8 253.4 253.8 258.7 257.5 257.9 265.5 271.6 278.8 277.5 280.6 284.6 289 293.9 297.4 300.1 303 306.3 310.3 315.1 320.3 321.3 320.5 319.7 319.5 320.7 319.8 318.5 318.5 319 319.6
344.5 339.4 333.6 326.7 327.8 326.5 324.4 323.8 323.3 323.3 322.7 321.5 322.2 320.5 319.1 320.5 320.8 318.6 320.2 318.5 314.3 310 306.3 302 296.7 292.9 288.9 290.3 291.2 286.8 282.1 276.8 274.1 271.7 269.4 264.4 260.6 259.5 261.1 256.3 249.8 249.2 244.8 249.6 254.2 250.7 248.8 249.9 256.2 255 257.5 256.5 258 265.6 272.5 278.9 278.4 278.3 285.3 290 294.8 298.1 300.5 303 306.6 310.8 315.4 320.8 321.6 320.5 319.9 318.7 319.8 318.5 318.3 318.4 318.9 319.3
348 341.7 334.4 335.1 333.7 332.3 331 330.6 330.9 331 331.3 330.7 328.4 328.2 328.5 329 326.6 324.7 323.9 320.1 314.3 309 305.3 301.5 296.7 292.8 289.3 290.8 292 287.3 283.2 279.8 276.5 273 269.5 263.9 259.3 262.9 262.2 256 249.6 249 247.3 251.8 254.1 250.4 249.7 251.8 258 256.2 254.7 255.3 259.5 267.8 273.8 278.8 278.5 275.9 286.1 290.5 295 299.2 302.2 304.5 307.1 311.5 314.5 318.7 320.9 320.9 319.1 318.1 317.9 317.8 317.4 317.3 318.4 318.8
353.8 345.5 342.6 342.5 341.6 339.3 340.5 340.4 339.3 339.4 338.6 337.4 335.6 336.5 336.3 336 331.5 327.5 324.3 319.2 313.8 308.7 304.1 300.5 296.5 291.5 288.3 289 287.9 286 283.3 280 276.7 273.3 268.3 261.8 259.3 263.9 261.3 256.1 252 249.2 248 250.6 251.9 250.8 250.2 254 259 257.3 255 255.6 259.4 266.9 274 277.4 277.9 276.6 286.1 291.6 297 300.3 301.9 304.7 306.8 312.2 317.2 319.5 319.9 319.7 317.5 315.8 316.2 316.2 316.1 315.9 316.2 317.6
358 346.6 351.5 351.4 349.3 349 350.5 349.3 347.7 347 345.2 343.7 343.4 343 340.4 338.7 334 329.3 324.7 318.3 311.5 306.2 303.1 299.4 295.2 291 285.8 285.7 283.7 281.5 280.4 278.4 275.6 271.5 266.8 260.4 259.5 262.7 259.9 255.1 250.8 248.6 248.1 250.5 250.2 250.1 250.7 254.8 259.9 256.9 254.8 255.4 261.5 271.1 275.2 276.7 278.2 280.8 286.5 292.6 297.9 301.1 302.3 305.2 308.1 313 318.7 321.2 321.9 319.3 317.1 316.2 315.4 314.2 313.4 314.4 314 314.5
360.4 355.1 360.2 361.3 358.2 361.3 361.5 357.6 356.2 352.6 350.6 349.4 349.8 349 343.9 340.2 335.6 329.9 323.8 316.5 310.5 303.4 300.2 296.7 293.4 287.6 284.4 281.7 280.7 278.1 276.4 274.8 272.5 269.1 264.5 258.5 258.7 259.8 257 252.4 249.6 249.1 249.1 248.7 249.9 249.5 250.8 254.6 259.6 255.4 255.3 256 263.1 272.1 276.1 275.7 278.5 281.5 286.8 292.6 298.5 302.4 304.9 307.2 309.3 315.1 320.2 322.8 324 322.4 319.4 317.9 317 315.1 313 312.8 312.6 312.6
362.8 363.1 368.5 366.8 366.9 368.1 366.9 363.8 361 357.1 355.1 354.1 353.2 350 344.5 339.5 334.8 328.4 321.3 314.4 307.2 300.9 297.2 293.8 291.2 286.4 283.2 278.5 276.2 274.8 273.9 271.1 267.9 265.3 260.3 256.2 256.8 256.4 254.4 250.9 249.3 249.6 249.4 248.6 249.6 249.3 250.8 253.3 256.5 254.5 255 256.3 263.8 272.4 276 275.7 279.1 282.5 286.7 294 299.2 304 306.4 309.2 311.5 316.9 323.1 325 326.1 324.6 323.2 321.1 319.7 317.3 315.5 315.2 314.9 312.5
364.5 367.5 369.6 369.8 372.6 372.8 370.7 367.7 364.4 360.3 357.6 355.3 352.1 347 342.3 336.8 331.9 324.2 316.1 308.7 303.5 299.1 294.7 291.1 288 284.3 278.9 276.1 272.2 271.8 270.6 267.5 264.2 261 255.1 251.7 251.6 251.4 250 249.3 249.9 249.6 249.2 248.9 248.7 249.4 250.2 252.8 254 254.3 255.6 257.8 262.1 272.9 275.5 275.9 279.5 284.6 289.2 295.3 301.5 305.7 308.5 310.9 314 319.2 325.5 326.5 329.3 327.8 326 323.9 321 320.3 318.4 317.7 317.6 314.7
366.8 369.8 372.8 374.8 375.7 374.9 371.6 369.1 364.8 361 357.6 353.4 348.8 343.3 336.9 332.9 326.1 318.9 309.3 304.7 301 297.1 292.6 288.3 284.8 280.4 276.6 273.3 269.2 268.4 266.9 263.2 257.2 252.9 252.8 252.4 251.9 251.5 251 250.6 250.1 249.9 249.8 249.4 249.5 249.4 250.4 253.2 254.4 254.6 255.9 256.9 263.9 273.3 274.6 276.6 278.9 285.2 289.8 295.2 302.8 307.2 310.9 313.8 316.4 321.3 327.9 328.1 332.5 330.3 328.4 326.2 324.9 322.7 320.1 320 319.7 316.5
369.2 370 374.6 378.4 380 375.6 372.2 370 365.3 362 358.1 354.3 347.7 340 333.5 327.9 319.8 312 305.2 302.1 298.5 294.9 291.1 287.4 282.5 277.7 272.4 269.9 265.8 264.3 261.5 259.3 252.2 253.7 253.4 252.5 251.9 251.9 251.2 251.7 251.8 250.5 249.6 251.1 250.2 250.1 250.3 251.9 254.6 255.6 256.6 257.2 264.2 271.8 274.4 276.9 278.8 287.1 290.7 296.3 304.1 309.2 313.2 315.4 318.6 323.7 328.9 330.7 334.6 332.8 330.9 328.7 327.1 324.7 322.4 322.3 321.5 317.7
372.2 373.2 376.3 378.8 378.8 375.5 374.6 370.6 365.9 362.7 359.1 354 346.9 338.1 329.7 321.6 314.3 307.6 302.8 299.5 295.8 292.3 289.7 286.4 280.1 273.1 268.4 265.7 264.1 265.7 263.9 256.9 254.5 254.5 253.7 252.7 252.2 251.6 251.4 251.8 252.8 251.9 250.5 252.2 250.3 250.8 251.2 252.6 255.2 257 257.7 257.7 262.1 269.4 274.6 277.5 279.7 287.7 291.8 297.7 305.7 310.4 315.2 317.4 321.4 326 330.5 332.9 334.5 335.1 333.3 331.4 329.3 326.8 324.2 323.6 322.9 320.1
378.4 380.3 381.5 380.1 378.7 377 372.8 369 366.4 363.3 359.7 353.1 345.1 332.6 322.5 314.4 308.3 303.3 299.8 296.4 293.4 290.2 288.2 285.4 280.9 274.4 267.3 265.2 266.9 269.2 264.8 255.7 257 256.5 253.3 252.9 252 251.7 251.5 252.2 253.9 252.3 251.9 252.5 250.3 250.7 251.9 254.4 255.4 256.7 257.5 258.6 260.4 267.7 273.4 276.7 281.6 288.4 292.6 299.4 305.8 311.4 316.5 318.3 323.7 328.4 332.4 335.7 335.7 337.7 335.8 333.5 331.2 328.1 325.9 323.7 323.5 321.6
386.7 384.2 386 382.7 380 376.7 373.4 370.2 366.8 363.8 359.4 349.4 339.4 328.2 321.8 314.4 306.7 302 297 293.8 291 288.1 286.4 284 280 273.9 268.6 264.5 267.7 268.7 263.7 255.7 261.8 260.8 256.2 253.2 252.5 252.1 252.9 256.1 257.1 254.5 253.7 251.9 250.8 250.7 252.9 254.2 257.5 260.1 257.4 258.1 259.2 263.4 269.5 276.4 281.8 288.9 293.5 300 306.6 312.3 318.5 322.9 326.6 330.8 334.9 338.5 337.8 338.2 337.9 334.7 332.9 329.6 326.3 325.2 322.8 322.2
390 389.2 388.1 384.8 381.8 379.5 376.8 371.9 366.1 360.3 352 342.4 332.5 324.6 316.9 311.7 305.4 299.5 294.9 291.7 287.9 286 284.5 281.7 278.6 272.6 267.5 264 268.5 266.6 260.7 257.5 264.3 263.2 257.3 254.5 254.1 254.4 256 259.4 260.6 258.1 257.9 253.7 251.3 251.7 253.6 256.3 260.3 264 264.4 259.6 258.5 260.3 265.4 275.6 281.8 289.4 294.5 300.7 307 314.9 321.1 325.8 329.2 333.2 338.3 340.6 339.8 338.4 338 337.5 335.1 331.1 327.2 324.5 321.8 321.5
397.7 394.4 391.5 388.2 385.2 380 375.5 369.5 363 352.4 346 336.8 328 320.3 315 309 304.4 297.9 292.9 289.6 285.6 283.6 282.2 280.3 277.1 272.9 266.8 263.6 266.4 261.6 257.3 262.5 265.8 264.2 257.4 256.5 257.2 257.8 259.7 262.3 265.9 263.9 262.2 255.4 252.4 253.5 255.4 259.3 263.4 267.2 267.9 265.3 261.8 261.8 264 273.7 280.4 289.5 295.1 301.2 308.5 316.6 323.2 328 331.4 335.1 339.3 341.4 341 339.3 337.9 337.4 336.9 331.4 327.8 324.5 321.1 320.6
403.2 399.7 395.8 394.6 389.6 383.3 373.9 367.6 360.1 350.5 340.2 330.2 323.4 317 311.3 306.1 300.8 295.7 291 286.9 283 279.1 276.8 276.8 275.4 272 267.2 262.7 263.1 257.4 257.8 265 267.7 263.7 258.9 259.6 260.6 261.1 263.1 266.9 271.4 269.3 266.6 258.1 255.4 255.8 258.5 262.4 266.5 270.4 271.6 270.6 268.3 261.8 261.8 273.3 279.7 289.6 295.5 301 309.9 317.7 324.6 330.8 334.2 337.1 339.6 340.4 339.9 338.9 337.3 335.5 334.3 329.5 325.5 322.1 318.9 319.1
409.1 402.8 400.1 397.9 393.8 385.8 373.9 365.4 357.4 348.2 334.1 325.5 318.4 311.8 306.3 302.2 298 294.3 288.2 284.8 279.2 276.8 276.8 276.8 276.6 271.6 266.3 261.7 258.7 258.4 259.1 265.6 266.7 264.1 261.7 262.5 264 264.1 266.4 271.2 275.1 274.9 269.7 260.8 258.1 259.1 261.9 265.9 270 273.3 275.1 273.4 272.8 265.4 263.3 270.9 279.7 289.3 295 301.4 310.4 318.6 325 332.1 336.3 338.4 341.7 341.9 340.4 338.9 337.1 336.2 332.7 328.2 323.4 318.6 316.3 315.8
415.5 404.4 401.7 398 396.2 385 373.9 362.2 350.2 337.8 327.2 320.5 313.4 308 302 298.6 294 291.6 287.7 282.3 276.8 276.8 276.8 276.8 276.8 270 265.1 261.1 259.1 258.7 260.8 265.2 265.2 264.1 264.1 264.8 265.9 267.7 271.1 276.7 277.9 277.6 272.5 262.1 261.9 261.6 264.9 269.6 274.2 277.6 278.4 278.2 276.7 272.5 266.6 267 279.7 287.3 293.7 301.2 310.7 318.8 326.8 333.3 338.2 340.2 342 341.2 340.1 339.2 336 333.2 329.8 324.6 321.1 317.9 314.2 312.3
409.2 404.7 400.8 395.9 390.2 380.8 369 354.8 340.5 329.7 322.3 315.2 309.6 302.8 297.5 293.6 290.8 288.4 283.9 278.9 276.8 276.8 276.8 276.8 276.8 276.8 265.5 261.8 258.2 261 262.3 264.8 264.8 264.9 265.4 267.2 270.2 272.2 276.2 281.3 282 280.7 273.9 264.5 266.7 267.2 267 272.8 278.6 281.4 280.9 281.1 281.3 281.1 279.1 269.3 271.5 284.8 292.3 300.2 310.4 318.5 326.9 333.4 338.9 341.3 341.1 340.9 338.9 336 333.2 330.2 326.4 322.5 319.4 316.4 312.6 309.8
407 402.4 397.2 393.1 384.2 371.8 356.6 344.6 332.7 322.3 315.9 310.1 304.1 297.9 293 288.7 287.2 284.1 280.8 276.8 276.8 276.8 276.8 276.8 276.8 276.8 276.8 259.4 260.9 262.6 263.2 264 265.8 265.7 267.6 270.3 274.8 277.5 281.2 286.1 285.5 282.9 274.3 269.3 271.8 272.1 272.5 272 279.4 284.9 283.7 283.7 284.1 283.9 281.1 271.1 270.1 279.4 290.3 299.3 310.5 317.5 325.7 333.2 338.6 341.4 340.7 339.5 338.4 335.3 330.2 327.2 323.8 318.7 314.9 312.1 309.3 306.9
401.3 396.9 392 384.2 373.8 359.4 347.8 336.2 324 316.8 310.3 304.5 298.2 292.8 289.2 284.8 282.6 279.2 276.8 276.8 276.8 276.8 276.8 276.8 276.8 276.8 276.8 276.8 262.9 264.4 265.6 267.4 267.5 268.5 270.6 274.8 280.2 283.3 287.2 288.8 287.8 283.9 274.2 275 277 276.8 279.5 281.8 287.3 283.6 287 288.2 288.8 285.6 278.4 273.9 270.7 277.6 286.3 298 307.9 315.6 323.7 332 337.1 339.8 338.1 335.9 335 331.1 327 323.3 317.4 312.6 308.8 306.1 304.3 303.8
396.9 390.1 381.8 372.8 359.3 348.7 339 326.1 316.2 309.2 303.2 298.1 293.4 288.2 285 281.6 279.2 276.8 276.8 276.8 276.8 276.8 276.8 276.8 276.8 276.8 276.8 276.8 272.2 267.5 268.6 270.8 270.6 271.7 274.4 281.1 286.3 289.1 289.2 290.3 287.9 283.1 278 279.9 282 281.8 283.2 286 292 289.9 286.8 292.7 293 290.1 281.4 278.1 271.1 275.9 280.6 293.6 303.6 312.8 320.9 328.5 333.4 336.8 335.6 334.1 332.1 327.6 324.5 319.6 311.6 308.5 305.5 302.5 301.2 300.6
391.1 379.1 368.5 359.5 348.1 338.4 326.9 316.7 309.4 301.4 295.5 292.2 288.9 285.2 281.4 278.4 276.8 276.8 276.8 276.8 276.8 276.8 276.8 276.8 276.8 276.8 276.8 276.8 276.8 275 273.2 274.6 274.4 273.7 280 287.9 292.9 292.6 292.2 291.1 288 283 282.8 284.3 286.9 287.2 287.6 290.5 296.2 297 292.4 297.3 297.2 293.3 284.2 284.5 272.6 272.4 277.9 287.7 297.9 307.4 316.2 324.2 329.9 333.5 334.7 333.4 330.9 324.4 321.7 315.4 308.2 306.5 304.7 301.4 299 295.8
377.1 366.2 356.4 347.4 337.3 327.6 320.1 308 301.1 294.4 290.5 287.6 284.2 280.6 276.8 276.8 276.8 276.8 276.8 276.8 276.8 276.8 276.8 276.8 276.8 276.8 276.8 276.8 276.8 276.8 278.1 280.2 278.8 280.3 286 294.5 298.4 294.6 293.6 291.6 287.7 286.8 287.5 289.3 290.8 291.1 291.4 294.9 299.5 300.7 297.2 301.9 301.6 295.2 286.7 286.1 279.6 273.3 274.1 279.4 286.9 297.3 307.8 318.1 326.1 330.1 332.5 331.6 329.3 324.1 318.4 312.4 306.9 304.7 303.9 299.8 297.3 291.1
366 356.7 347.7 336.6 327.4 319.3 309.9 299.2 294 288.7 286 282 276.9 276.8 276.8 276.8 276.8 276.8 276.8 276.8 276.8 276.8 276.8 276.8 276.8 276.8 276.8 276.8 276.8 277.7 282.6 286.7 285.3 285.4 292.3 300.4 302.3 298.8 294.4 291 292 293.3 292.5 294.3 295.3 294.7 296.9 298.7 302.5 303.7 303.5 305.3 305.3 299.6 293 286.6 281 274.3 274.4 278.6 279.7 287.7 301 314.2 321.7 327 329.6 329.7 327.2 321.6 316.6 309.9 305.4 304.3 303.4 298.9 294 288.2
353.1 346.1 336.6 328.1 321 312.2 302.2 294.7 289.2 284.5 277 276.8 276.8 276.8 276.8 276.8 276.8 276.8 276.8 276.8 276.8 276.8 276.8 276.8 276.8 276.8 281.7 280.9 284.8 285 289.9 292.9 292.3 290.5 298 305.5 305.1 300.5 294.2 294.9 295.9 298.4 296.8 299.1 299.7 298.9 300.6 302.7 306.6 306.7 306.5 307.8 308.8 303.4 296 288.6 282.3 276.7 275.6 278.8 279.1 279.5 293.7 309.2 316.8 323.3 326 327 325.1 320.4 313.9 307.1 304.9 303.2 302.3 297.4 293.5 287.2
342.8 334.6 326.3 320.6 310.2 301 295.9 290.5 286.4 276.8 278.1 276.8 276.8 276.8 276.8 276.8 276.8 276.8 276.8 276.8 276.8 276.8 276.8 276.8 281.4 283.9 289.6 291.5 291.1 291 296.5 298.8 298.8 296.3 303.4 309.5 306.8 302.5 298.2 299.5 301 302.7 301.5 304.3 304.9 304.5 305.5 306.8 309.5 309.1 308.1 310.8 312.2 305.6 298.7 292.1 283.9 280.6 278.2 278.7 279.4 279.7 281.3 303.2 312.7 320 323.3 324 321.7 318.1 312 306.4 304 301.7 301.2 295.5 290.1 287.5
