GeneralExemplars/GeoExemplars/LakeDistrictData/data/LakeDistrict/terrain-50-dtm_3563996/ny/NY51.asc
ncols 200
nrows 200
xllcorner 350000
yllcorner 510000
cellsize 50
[rows 105 to 139 of 200, columns 0 to 77 of 200]
401.2 402.4 402 402.3 402.4 395 384.4 377.1 375 368 359.1 342.8 327 314 300 287.3 296.8 303.2 309.6 323.5 339.2 351.7 358.5 362.1 364.2 366.4 376.2 377.3 375 366.5 361.8 355.7 352.3 347 345.1 339.7 334.3 325.6 316.5 304.6 290.6 267.8 251.2 244 241.4 239.6 238.2 236.9 234.4 223.4 225.9 227.2 231.3 233.7 236.7 237.9 240.6 248.6 258.1 267.4 274.9 281.6 283.4 284.3 285.1 284.3 282.9 283.9 283.8 272 283.1 285.3 289.6 290.1 289.7 292.4 295 297.2
396.8 397 395 395.2 390.7 385 376 368.7 363.5 356.4 345.3 331.5 318.2 308.2 295.4 294.2 303.4 310.5 321.1 338.8 353.4 363.4 371.1 373.3 371.7 374.4 377.1 378.5 374.7 370 364.3 359.2 355.2 350.5 346.7 346.2 335.8 328.6 317.7 306.4 285.3 264 248.4 240.6 238.3 237.2 236.2 236.6 235.9 224.5 226.4 228.1 233 236.1 240.5 244.4 247.5 256.4 267.6 278.8 284 286.9 289.4 288.8 289.2 288.1 284.6 285.3 284.1 274.2 285 287 291.3 290.4 289.6 293 296.2 298.9
393 391.4 387.8 382.7 378.5 375.2 366.1 361 353.9 344.6 332.4 323 316.2 306.2 297.7 304.2 314 322.4 337 353.3 367.2 374.9 383.6 384.1 381.4 377.7 376.9 377.1 377.3 372.8 367.7 362.5 357.4 353.7 348.6 344.9 336 327.7 315.5 299.7 277.5 260.7 244.4 237.6 236.1 236.3 236.2 236.7 235.8 235.3 225.8 226.1 234.4 238.5 243 247 253.1 266.2 279.2 287.1 292.1 293.9 292.5 292.3 293 290.6 286.3 285.3 282.4 279.4 286.3 287.8 290.5 290.5 289.8 293.5 296.7 299.7
391 383.1 378.6 374.6 368.4 365.1 358.9 351.9 343.2 332.9 326.8 320.7 314.7 304.2 306.4 318 326.5 339.6 353.6 369.6 382.5 389.9 392.4 390.5 387.4 383.8 377.5 374.1 375.8 373 369.8 365.8 360.9 355.2 349.7 344.5 335.6 328.5 313.2 297.5 275.6 258.6 242.8 236 235.4 235.3 234.8 234.5 235.9 235.9 230.3 226.6 230.9 239.8 244 249.1 260.4 276.7 289 294.2 298.9 298.5 295.7 293.9 292 291.4 287.5 285.5 281.3 275.7 286.8 288.7 291.3 288.3 289 293.8 296.9 299
381.1 376.8 370.7 367.9 361.1 355.6 350.2 343.4 336.7 329.3 320.9 311.8 312 315.6 320.8 330.6 339.9 359.1 371.5 391.7 400.4 401.4 402.3 395 388.9 384.1 379.1 372.9 370.9 369.4 369.5 368.1 363.4 357.6 349.9 345.8 334.9 323.5 311 293.6 271.7 255.3 242 236.4 234.5 232.3 229.3 229.8 233.9 234.9 229.8 227.5 234.8 239.7 244.3 254.1 267.6 284 296.1 300.7 300.7 297.3 297.3 295.5 293.2 292.3 288.7 284.7 277.7 277.3 285.3 289.6 289.3 287 287.9 293.4 297.1 297.9
366.8 362.9 361.3 356.6 352.3 348.1 342 336.5 332.2 328.3 318.9 321.2 322.8 329.8 338.3 348.9 361.1 375.5 388.3 403.3 409.7 409.6 404.2 397.1 390.9 387.5 381.2 376.5 370.9 369.6 368.6 366 361.1 356.5 349.8 343.6 334.5 325.5 311.9 296.5 272.6 253.7 239.6 235 232 230.5 229.7 229.3 233 232.5 229.7 227.1 235.6 240.4 247.2 259.5 275.6 293 302.3 306.1 304 301.4 300.3 298 295 293.2 289.8 282 279.4 279.5 284.6 290.5 286.6 287.4 289.4 294.8 297.3 296.7
357 349.2 344.9 344.2 342.5 339 333.4 331.1 330.7 326 323.2 330 336 344.6 355.1 372.7 380.1 386.8 396.8 404.7 410.5 409.3 405 395 393.6 383.3 376.9 373.6 371.3 369.6 368.9 368.2 363.4 357.3 350.8 345 335.2 324.7 313.5 296.6 273 253.8 240.8 233.7 230 230.1 230.8 230.1 230.4 228.8 228.3 228 235.6 241.9 252.6 265.3 283.4 293.9 308.2 310 307.8 306.5 302 301.2 298.1 292.7 289.7 281.9 282.1 284.2 287 288.9 290 292.1 292.2 294.9 296.5 294.6
350.3 344.1 339.3 334.1 331.9 329.6 328.2 328.1 327.5 327.8 334.6 343.5 353.3 361.5 373.8 385.7 397.1 398.8 404.8 410.1 413.6 407.5 402.8 392.7 388.2 383.3 378.1 375.4 373 370.5 369.3 369.6 364.9 359.1 353.5 348.4 340.4 330.7 317.4 294.9 271.9 253.8 240 232.4 230.5 230 231.9 230.4 230.8 234.5 233.6 229.6 237.4 245.6 258.6 271.9 290 300.8 305.3 313.3 314.9 310.5 304.5 303.2 295.5 290.1 284.6 284.1 285.9 287.5 290.3 292.6 294.9 296.6 295.3 295.2 296.2 296.5
343 338.1 333.5 331.1 328.9 327.9 327.2 326.5 328.5 335 347.8 362.3 372.3 381.3 392.1 403 409.6 410.9 412.5 410.6 414 412.2 405.7 397.3 392.5 385.6 382.3 381 377.3 371.8 370 368.5 360 357.3 354.2 347.7 344.7 339.7 326.4 299.5 272.8 253 236.9 230.6 230.1 232.4 234.1 232.4 236 239.4 236.3 231.5 239.1 250.6 263.7 279.8 297.1 311.2 313.9 320.3 320.2 314.1 306.1 302.9 299.9 294.9 289 289.8 289.6 291.2 293.9 296.4 299.1 301.2 298.8 295.4 297 299.9
338.2 336.9 332.9 330 328.9 328.6 328.8 331.6 338.1 340.9 361 375.8 385.8 393.8 405.3 413.4 418.2 416.7 418.5 417.2 416 411.5 406.5 399.8 396.7 387.7 382.8 382.6 378.3 372.4 369.1 366.9 358.6 355.2 352.5 352.3 348.8 346.2 328.4 301.3 272.4 254.5 234.9 231.8 231 233.6 234.6 234.4 238.7 242.7 238.1 234.7 243.8 255.2 272.8 291.7 308.4 315.1 321.7 324.8 321.7 314.8 307.6 304.1 304.8 300.3 294.3 295.4 293 296 299.7 301.8 305.3 305.6 302.7 298.4 299 302.1
336.7 333 331.3 329.9 330.7 331.6 336.7 346.2 354.9 363.6 367.3 372.9 395.6 404.4 407.5 411.7 417.8 415.1 417.3 417.9 417 411.4 404.2 400 395.5 389.7 383.9 379.2 375 370.8 367.1 364.8 356.8 353.7 351.6 352.8 350.1 343.6 335.6 306.5 272.1 254.1 238.3 232.8 230.8 232.3 232.7 234 239.7 242.5 238.5 237.9 247.2 263 283.9 301.4 316.5 321.8 320.1 321.1 320.4 310.5 306.1 311 308.8 304.9 300.7 300.2 298.7 302.9 307.8 307.5 311.8 310.5 306.6 302.3 300.2 304.1
333.5 332.6 332.4 334.1 336.3 340.4 345.2 357.7 369.3 376 389.9 389.2 397.6 406.9 410.6 411.2 408.6 406.6 410.9 411.6 410.3 407.4 404 397.9 392 388.2 384.3 377.2 372.6 369 365.6 363.5 359.8 356 350 347.8 345.6 347.8 342.2 320.2 274 253 242.1 235.3 232 230.5 230.7 234 239.9 242 238.4 242.1 253.2 273.2 295 312.2 321.2 324.6 320.8 317.2 312.9 308.6 307.6 308.5 315.9 309 306.4 307 309.1 308.4 312.3 314.6 317.4 314.9 310.9 304.6 301.8 305.2
336.7 338.2 341.3 344 346 351.9 358.4 365.3 377.2 389.8 393.9 392.6 395.5 404.4 410.2 414.4 412.8 405.6 404.7 404.8 404.9 404.5 403.6 397.7 389.5 383.9 380.5 375.3 373.8 372.7 373.1 368.6 360.6 358.9 351.9 350 344 339.8 333.2 300.5 275.4 256.2 245 237.2 232.6 230.8 231.1 234.6 240 241.5 239.8 244.6 261.1 283.5 306.4 319.7 327.6 326 322.7 318.7 314.4 312.9 311.1 309.8 310.6 312.5 312.6 312.4 315 310.4 315.8 321.7 322.8 318.6 315.7 308.7 303.9 305.8
342.6 346.6 354 354.5 356.8 363.2 371.4 377.1 386.9 389.7 394.3 392.7 394.7 401.2 409.8 407.9 405.6 403.3 401.1 401.5 399.3 399.9 396.3 390.4 389 385.9 379.2 376.3 376.4 380.5 377.2 373.6 367.2 366.8 364.8 354 349.1 342.6 338.5 306.3 280.2 265.7 252.9 241.5 232.2 231.1 231.1 235.3 239.7 240.1 242.9 249.2 266.2 290.3 310.2 326.4 334.7 330.5 326.7 323.3 319.7 317.8 315.9 315.9 314.5 319.6 318.9 320 319.7 313.6 320.9 325.3 326.7 322.4 318.4 311.2 306.3 305.8
355.8 352.9 361.5 364.1 368.8 375.8 385.2 388.8 395.5 395.7 395 394.6 399.5 399.6 404.9 407.6 410.9 408.1 404.2 401 399.1 397.9 396.7 391 386.2 383.2 379.6 377.1 378.1 382 381.9 378 367.6 366.8 371.5 362 350.6 343.8 331.1 310.3 287.8 269.8 257.8 244 233.6 231.4 231.8 235.6 237.8 240.8 245.8 252.8 271 294.6 314.8 328.2 337.1 338.4 341.3 337.3 331.2 326.1 322.4 322 319.4 322.6 324.8 327.1 323.9 322.7 325.8 324.1 325.3 323.6 320.8 313.9 309.5 305.6
367.8 369.4 375 380.8 384.2 386.2 393.3 395.5 402 397.9 396.7 399.6 400.6 402.8 408 410.5 418 417.5 411 405.9 403 402.5 400.6 395.1 388.4 381.9 380.1 379.9 379.8 382.3 381.9 380 368.4 366.5 371.6 369.7 365.7 361.3 339.5 315.8 293.6 271.1 259.5 245.2 234.6 231.5 232.3 235.4 237.5 241.3 247.1 256.5 271.7 297.2 315.1 328 339.8 353.3 353.9 348.3 343 337.5 331.8 328.7 327.1 326.4 333.4 331.7 326.4 328.7 331.6 325.2 324 321.5 319.2 317.6 313.1 307.2
380.2 380.4 383.5 393.7 396 398.4 403.6 406.8 407 404.6 401.5 402.3 404.7 407.6 410.8 411.7 422 419.4 414.2 413.5 415.6 411.8 404.5 399.7 393.3 387.6 385.8 381.8 381.5 380.5 381.4 378.8 371.1 366 365.7 367.8 368.6 366 355.4 334.6 297.5 272.6 257.4 244.5 235.1 231.5 232.1 233.5 235.3 242.3 249.4 263.3 276.1 289.1 312.8 325.1 343 355.5 361.8 358.3 352.2 348.5 344.4 336.2 331.7 331.9 333.1 331.5 325 329.4 329.3 327.6 325.6 323.3 322.9 321.5 316.2 308.8
393.5 392.3 394.5 400.7 406.2 411.3 413.5 420.7 419.3 416.2 412.8 412.3 412.8 413.1 413.3 416.1 417.9 419.6 417.7 417.7 416.7 413.2 410.9 407.2 399.1 392.7 389.9 387 382.7 379.1 380.7 375.1 370.9 366.3 365.1 365.3 367.9 370.8 363.1 345 294.9 270.8 252.8 244 236.9 231.7 232.3 232.3 235.7 243.3 252.5 272.4 284.1 297.9 312.5 327.2 338.9 356.6 362.1 366.1 363.5 354.4 349.2 342.6 337.1 334.9 333.8 331.6 328.9 331.9 332.2 330.4 328.8 329.1 328.6 324.1 318.3 312
406.3 406.9 405.6 412.7 418.1 423.1 420.7 429.8 429 427.1 424.8 422.9 421.7 419.8 419 420.3 420 422 423.7 424.3 424.7 421.7 415.6 412.8 404.2 397.4 393.6 388.8 382.3 377.1 376.9 377.5 371.3 369 364 363.2 358.9 353.6 347.3 323 284.3 264 250.3 243.1 235 232 232.3 232.2 237.6 244.9 259.8 283 292.3 308.9 319.4 331.7 345.5 350 354.8 362.8 362.9 357.4 354.3 347.6 341.1 337.9 336.8 334.6 332.2 335.9 337 336.1 332.6 329.8 331 324.7 317.5 314.9
417.2 421.7 418.5 417.6 432.6 435.8 427.5 434.1 439.5 439.1 434.8 432.7 430.5 431.3 431.3 426.9 423.8 426 432.9 431.7 429.3 423.6 419.4 415.2 408.9 402.4 398.3 390.8 382.1 379.6 378.9 369.5 365.7 360.5 357.6 352.1 347.7 333.7 317.3 296.9 275 259.4 249.8 242.4 232.7 232.3 232.1 232.4 235.7 247.1 264.7 284.9 298.4 311.5 321.1 331 349.9 361.4 356.3 355.9 357.2 359.9 356.5 353.6 347.1 343.4 341.6 336.5 336 339.7 341.6 342.9 334.7 331.9 329.4 323.7 319.8 318.1
428.3 429.5 429.1 430 443.4 444.4 440.6 435.2 443.9 448.4 446.5 443.3 443.1 440.3 436.5 432.3 428.5 429.5 434.5 435.3 432.9 427.1 428.7 422.8 411.3 404.5 398 390.5 382.6 379.1 376.8 365.8 362.3 356 347.5 338 326.6 310.5 293.6 278 264.9 255 246.4 236.2 232.9 232.7 232.5 232.6 238 250.9 271.3 289.5 306.1 322.7 332.5 343.9 361.1 361.3 365.1 360.6 357 357.2 356.9 355.4 348.4 347.5 342.6 340.4 338.5 340.6 343.9 341.8 336.8 333.2 330.1 326.9 323.5 321.8
442.4 437.4 439.5 441.8 442.1 447.9 447.9 448.6 449.9 456.3 454.6 459.6 453.8 445.7 441 436.4 433.2 438.5 437.1 431.1 430.1 427.6 423.1 420.5 412.9 404.3 399.3 393.2 388.2 373.8 367.4 364.2 359.6 349.2 339.4 330.8 315.9 298.9 282.5 268.4 257.3 241.9 234 233.4 233.1 233 233 237.9 243.6 258.2 279 296.1 312.9 329.9 343.8 355.7 367 370.5 369.4 367.5 365.4 361.8 356.9 351.7 348.4 345.6 343.7 339.3 343 344.3 346.2 343.4 340.5 336.8 332.7 330.2 327.6 325.2
451.9 449.2 447.1 448.4 447.4 450.5 453.8 455.6 457.9 460.1 461.3 463.7 456.6 452 446.8 440.2 439.5 441.9 436.5 427 419.6 413.4 408.5 406 400.3 397.6 395.6 383.6 381.6 368.2 361.9 355.3 350.1 340.9 329.7 316.1 303.4 289.1 274.9 258 250.1 234.9 235.2 233.7 233.3 236.2 241.4 247.7 253.8 267.7 285.6 302.3 322.4 337.3 358 368.3 372.6 375.6 373.5 373.4 370.4 368.1 365.6 353.6 349.5 346.2 343.1 343.7 347.4 347.7 349.2 346.8 345 341.1 336.5 334.2 332.1 329.5
457.1 456.1 454.7 458.5 453.6 459.6 456.5 459.4 460.6 461.7 463.1 460.2 453.4 451.2 447.7 439 441.3 437.5 429 424.4 418.1 405.9 400.4 393.6 388.5 382.7 376.6 369.9 363.1 357 354.3 346.7 336.8 325.4 318.9 302.9 288.5 274 258.5 251.4 246 237.6 237.8 238.6 241 247 251.7 258.3 269.1 280.9 294.2 312 329.8 355.5 368.5 378.5 380.3 381.2 380.1 379.3 378.4 370.5 360.6 354.5 352 349 344.2 347.5 347.4 352.7 352.7 350.5 348.9 344.9 340.4 338.5 336.1 332.8
458.1 457.1 457.7 457.8 458 460.9 463.4 458 460 464 457.6 452.1 446.5 445 439.6 437.5 435.8 434.1 432.1 423.6 414.3 402.2 395.5 391.6 384.6 380.4 376.1 366.5 354 339.9 334 332.2 318.1 310.3 300.9 287 272.8 261.5 252.1 247.9 241.7 241.9 243.8 245.8 248.8 254.5 259.7 272.4 284 293 305.6 323.5 347.3 373.4 379.8 387.9 388.7 387.7 384.9 387 384.4 375.6 361.7 356.6 353.5 350.1 346.4 346.5 349.1 352.2 354.7 354.1 352.2 348.7 344 342 338.6 334.7
459.6 458.9 466.1 461.9 463.5 466.2 469.5 459.6 454.9 452.5 448 443.5 442.3 438.8 437.7 434.5 431.7 429.5 426 416.9 411.2 401.9 390.4 383.1 381.9 378.4 372 358.9 346.1 331.7 318.4 309.2 301 293.1 283.8 273.3 263 254.6 248 243.8 244.4 245.1 249.3 252.8 259.5 267.2 275 289.3 299.3 304.7 317.5 340.5 366.6 383.7 389.2 394.9 399.8 393.6 388.8 394.9 386.1 373.2 368.2 362.8 354.9 351.9 348.8 348.2 352.5 353.6 356.5 355.8 355.1 350.3 346.7 344.3 341.8 336.8
461.8 465.3 470 466.6 466.8 466.5 468.9 464 456.2 449.7 442.4 438.4 438.1 438.5 437.2 435.4 426.8 424 417.3 411.5 408.4 402.8 388.5 380.2 374.3 373.8 364.4 345.9 332.4 319.9 306.1 294.6 286 278 270.1 263.1 254.5 246.4 246.4 247.6 249.4 252.5 258.1 265.2 272 281.3 294.6 309.9 315.3 321.6 336.2 359.2 375.8 388.8 396.2 398.5 398.5 395 394.3 392.4 381.7 376 369.9 367.6 358.1 353.7 350.2 349.9 354.6 355.4 356 356 354.8 351.8 349.4 345.9 344.5 337.1
467.6 480.4 484.7 478.2 467.6 467 470.5 466.5 455.3 444.7 437 435.2 437.4 435.4 435.5 431.1 421 417.1 412.2 412.5 413.7 404.9 387 376.1 366.9 352.1 343.9 331.2 318.8 305.1 297.9 282.8 273 267.5 261 254.1 248.6 249 248.8 251.2 255.3 260.8 268.3 280.5 289.8 309 317.9 327.5 332.6 348.3 360.8 374.1 384.2 390.4 395.7 396.6 398.6 395.9 392.4 388 386.8 382.7 373.8 367.9 361.2 356.2 352.8 350.7 352.1 355.5 356.3 356.6 355.3 353 349 345.4 343 336.5
485.2 485.4 482.1 480.4 475.9 469.4 467 460.1 449.7 444 436.6 431.4 431.2 429.6 430.2 425.3 415.1 410.8 417.8 415 403.7 394.7 375.8 357.3 343.1 333.3 320.7 315.2 301.8 291.3 282.5 271 264.1 257.1 252.5 252.8 253.6 256.8 257.2 259.1 265.1 270 281.2 296.7 310 330.2 338.8 365 365.9 367.6 376.3 386.7 386.7 388 392.2 395.6 396.9 395.8 389.4 387.6 390.5 385.7 373.6 368.4 364.3 359.8 355.7 351.9 352.9 353.3 355.9 356.7 357.2 353.8 349.3 345.2 340.9 336
486.7 484.1 482.7 479.7 472.3 468.1 459.9 454.4 446.2 439.5 433.8 427.1 425.2 427.4 425.1 416.9 407.8 413.2 421.3 410.6 388.4 369.3 357.8 337.3 326.4 314.7 303.6 296.1 288.7 280.6 268.7 263.6 260.5 256.5 257.2 259.9 262.8 267.7 270.3 271.9 276.1 281.2 290 309.3 325.4 340.9 355.4 363.5 365.5 374.2 383 386.3 384.4 386.6 392.9 393.5 392.1 391.1 389.2 387.1 384.4 380.1 374.5 369.4 365.3 361.5 356.6 355.3 354.7 354.2 355 357 358.7 353.8 348.5 343.9 339.9 335.8
481 482.3 480.5 475.7 469.5 465.6 455.4 452.6 445.9 438 430.5 424.9 421.6 418.3 412.4 404.7 399.7 406.6 405.7 400.4 372.2 353.4 337.6 321.1 315.3 299.4 288.4 281.2 273.9 269.1 261.7 261.3 261.7 263.2 265.4 271.9 279.1 280.3 282.6 286.8 290.7 297.9 308.5 321.8 335.7 345.1 353.9 360.1 370.1 376.9 380.9 380.7 381.7 385.9 388.6 391.3 392.9 393 391.2 388.4 385.5 379.4 374.4 369.9 365.4 362.1 359.5 359.7 358.5 356.1 356.1 357.4 355.3 351.7 347.1 342.2 338.9 337.3
476 476.8 476.1 472.7 467.2 460.2 452 448.7 440.8 434.6 428.2 424.2 421.9 416.2 403.1 396.4 395 393.2 384.5 375 354.7 335.2 319.2 307.1 299.9 288.3 280.3 275.3 267.3 262 262.8 264 268.9 273.4 277.5 287.5 291.5 294 297 299 305.2 318.4 323.4 335 346.9 355.2 358.5 364.2 373.9 375.2 377.8 378.9 381 384.4 387.1 389.4 392.9 398.1 397.9 393.2 387.9 381.5 377.7 370.9 365.9 362.8 361.4 361.1 360.6 358.7 359.6 358.4 355.4 347.9 347.8 345.5 342.2 339.9
472.5 470.3 470.2 471.1 462.8 461.6 448.3 441.2 434.4 430.6 426.7 422.5 419.9 412.8 397.8 384.5 373.6 374.8 365.3 350.8 334.3 316.1 303.8 298.1 290.7 281.1 274.7 270 262.6 264.1 268.1 273.8 278.1 286.5 294.9 299.8 303 307.2 311.1 322.7 327.5 328.5 345.7 354.5 358.3 358.9 360.6 366.1 370.8 373.9 376.3 377.8 380.8 383.2 385.7 389.1 392.8 398.7 400.5 400.9 396 389.1 381.1 373.6 367.1 363.5 362.5 363 362.5 361.3 360.3 359.8 356.7 355.1 352.1 348.1 345 342.3
469.9 467 466.3 465.3 459.2 453.7 445.5 435.6 430.3 428.3 424.1 419.7 412.4 402.4 388.8 370.7 356.3 349.8 337.8 322.2 308.3 296.5 290.7 284.1 278.5 273.6 270 264.7 263.7 269 275.1 283.6 291.5 301 307.5 312.9 315.6 319.5 323.8 329.3 339.9 346 358.4 368.1 368.6 362.8 363 365.9 371.6 372.8 375.5 377.9 380.1 382.5 384.8 387.3 392 399.1 399.3 400.2 398.9 389.3 382.8 372.4 369.1 364.3 364.1 366 363.4 362.2 361.2 360.3 359.7 357.6 354.8 351.1 347.8 344.8
462.4 461.9 462.3 460.1 455.2 446.5 439.8 432.8 425.4 423.6 416.5 411 398.2 386.5 368.6 351.5 340.9 330 318.9 302.8 292.6 285.7 278 274.6 270.5 266.9 264.6 264 267.3 274 282.2 291.4 301.9 311 316.3 321.6 324 328.4 332.5 339.9 352.3 358.9 365.6 367.9 371.7 370 370.4 371.6 373.5 374.2 375.7 377.2 379.4 381.8 384 386.1 390.5 397.2 396.7 397.2 392 387.2 380.3 374.8 369.8 365.3 368.4 368.5 364.7 362.7 362.1 361.5 361.9 359.1 356.3 353.8 350.1 347.6
