GeneralExemplars/GeoExemplars/LakeDistrictData/data/LakeDistrict/terrain-50-dtm_3563996/ny/NY51.asc
ncols 200
nrows 200
xllcorner 350000
yllcorner 510000
cellsize 50
[rows 35 to 69 of 200, columns 0 to 77 of 200]
292.9 290.7 289 289.1 292.4 291.9 290.4 285.2 282.7 281.3 277.6 267.9 263.1 257.5 256.9 254.5 247.7 240.7 247.8 233.4 220.3 214.3 207.6 205.7 205.5 204.4 198 190.9 184.3 178.7 178.4 177.1 176.2 175.6 174.9 174.6 174.3 174.7 175.1 175.2 175.2 175 175.5 175.7 175.9 176.4 181.6 186.9 189.7 192.5 194.6 196.5 195.3 194.9 201.4 207.3 209.4 211.1 213.8 214.9 214.5 218.3 222 224 227.1 233.2 241.9 248.9 254.8 259.7 266.4 269.6 264.7 265.7 269.6 275.2 280.1 284.9
292.8 290.6 289.9 292.4 296.2 296.1 290.4 283.5 280.4 277.8 270.4 266.5 261 254.2 251.4 249.1 244.4 240.5 237.5 225 222.6 211.8 202.3 200 204.2 201 195.6 190.1 185.5 179.5 178.3 177.5 177 176.3 175.4 175.3 175.1 174.4 175.2 175.2 175.3 175.1 177.1 176.5 175.8 176.4 178.1 183.4 186.3 188.6 190.6 190.2 190.7 196.1 200.6 204.2 207 207.8 209.5 210.8 208.8 210.8 214.1 218.5 222.6 229.1 239.3 247.6 252.3 257.2 264.7 268.1 264.3 265.4 266.9 273.3 278.5 282.8
293.3 293 293.3 297.6 299.5 296.3 286.1 282.1 279.5 274 269.3 264.9 258.7 252.7 250.6 248.4 241.1 241.5 237.2 235 225.9 209.2 209.5 205.3 204.1 203.2 202.1 198.7 192.6 179.7 177.9 177.1 176.7 176.1 175.9 175.4 175.3 174.3 173.4 175.2 175.3 175.6 178.5 178 176.3 176.3 177.1 179.9 185.4 188.5 190.5 192.6 195.3 199.1 200.9 203.2 205.1 206.9 205.8 206.7 205.4 206.7 210.9 214.6 221.1 226 236.6 244.9 250.8 256.2 261.2 265.1 263 266.5 266.3 271.3 277.6 282.8
296.6 296.7 294 300 300.2 291.1 285.8 283.2 279.8 272.6 268.9 265.2 260.5 253.6 250.6 248.4 239.5 235.4 232.5 228.1 218.4 211.4 215.4 208.4 206.8 207.7 207.1 202.2 193.8 183.7 177.3 175.7 175.2 174.9 174.9 175 175.3 176.1 175.2 174.5 175.7 175.9 178.5 179.4 177.2 177.2 177.1 178.9 186.1 189.7 193.2 195.7 197.3 200.3 201.6 203 204.6 206.5 203.8 203.8 204.5 205.2 208.6 213.5 219.2 224.5 230.1 235.8 246.2 252.5 258.9 260.7 262.7 267.2 267.2 270.3 278.1 283
298.4 296.6 295.4 298.2 299.2 289.1 285.7 283.2 277.7 272.9 268.4 265 259.4 252.3 251.8 252.6 240.3 239.1 229.6 223 210.5 218.2 222.6 215.1 210.6 212.4 211.4 205.6 196.5 186.5 177.3 174.9 174.7 174.7 174.7 174.8 174.9 175.1 175.1 175.5 175.6 175.8 177.6 178.9 176.3 176.4 177 178 185.7 190.1 194.7 198 198 200.5 201.5 203 204.9 206.9 204.7 202.6 202.4 204.8 207.5 212.1 217.3 221.7 227.3 239 249.9 251.3 254.8 260.7 263.6 266.2 268.8 270.9 278.8 283.9
299.7 296.4 295.8 294.8 291.2 288 286.4 281.1 274.6 272 269.9 261.7 257.5 253.1 255.4 250.4 236.5 239.7 231.5 225.2 214.3 222.1 228.8 223 215.6 216.9 214.7 207.7 197.8 189.5 179.1 175.1 174.6 174.7 174.8 175.1 175.1 175.3 175.4 175.5 175.5 175.8 175.4 176 176 176.4 176.9 177.9 184.9 189.7 194.4 198.5 199.7 199.6 202.2 203.2 204.8 207.4 205.9 201.3 202.5 204.6 207.4 210.9 215.4 221.3 226.6 235.5 248.8 253.8 256.4 261.6 264.5 266.5 269.9 271.1 280 286
298.5 296.3 295.4 292.1 288.7 285.2 280.7 276.8 272.1 270.4 268.6 265.5 256.4 253.6 254.4 244.8 237.6 235.8 231 228.8 217.8 224.2 234.8 229.5 219.8 221.9 219.1 210.9 199.5 189.8 180.5 175.7 174.8 175.1 175.4 175.5 175.5 175.5 175.7 175.9 175.9 175.9 174.7 176.4 176.1 176.3 176.8 178.2 183.6 188.9 193.8 197.8 199.7 200.6 201.7 203.6 205.2 207.5 206.3 200.4 201.8 204.7 208.4 213.6 217.6 223.4 228.1 235.6 248.2 254.8 256.8 262.3 265.3 268 271.3 273.3 280.1 288.2
296.8 295.6 294.6 290.7 285.6 281 275.6 270.7 268.3 268 266.5 263.8 258 252.1 248.2 240.5 235.8 230.1 228 221.4 221.8 227.1 240.4 230.1 225.2 226.7 222 212.8 201.2 192.1 181.5 178 175 175.4 175.2 175.2 174.9 175.4 175.8 176.3 175.9 176.6 176.5 177.1 176.7 176.7 177 178.2 181.5 187.8 192.8 197.4 200.3 201.7 201.5 202.5 205.2 207.7 206.8 200.3 200.7 204.6 208.3 213.1 218.8 224.9 230.2 236.8 248.2 256.3 257.6 262.6 265.6 268.7 272.1 275.6 280.5 288.6
289.8 287.7 286.6 284.7 281.6 276.8 273 268.1 263.5 262.9 265.2 260.6 257.6 247.9 243.3 236.1 230.6 232.2 227.4 225.1 224.7 232.3 235 228.1 230.5 234.5 225.9 214.8 201 192.9 184.6 178.4 175.4 175.3 175.2 175.2 175 175.3 175.5 176.1 176.1 176.1 175.9 177.3 176.6 177.2 177.1 176.5 179.3 185.8 191.3 195.5 199.4 200.8 199.8 200.1 202.4 205.2 204.5 199.4 198.9 204.1 208.8 213.9 220.5 226.9 232.5 238.2 246.1 256.4 258.9 262.5 266.7 270.4 273.7 278.1 281.7 289.2
279.2 280.8 280.8 279.6 276.6 271.7 268.1 262.4 257.3 254.1 253.5 253.5 249.9 243.8 234.4 231.5 231.1 235.1 233.3 232.3 234.3 235 232.6 230.4 236 237.9 228.4 215.1 201.1 193.4 187.6 177.7 175.8 175.7 175.7 175.6 177.6 175.7 175.8 175.7 175.7 176 176.2 176.5 177.1 177 177.3 177.6 178.4 183.1 188.8 192.9 197 197.8 197.2 197.3 200.2 201.7 200.8 197.6 198.9 204.1 208.8 215.5 221 225.5 231.4 239.2 245.5 252.5 259.7 262.9 268.9 272.9 275.5 280.5 281.6 288.3
272.3 269.6 272.6 273.3 269.5 262.8 257.8 252.8 248.2 243.5 244.4 244.5 237 235.1 234.1 232.3 237.8 234.1 236.5 238.3 239 237.5 233.7 235.4 238.3 234.8 225.9 213.5 200.4 193.2 187.1 180 176.5 175.9 176 175.1 177.7 175.7 175.5 175.4 175.7 176.1 176.5 176.9 177.2 176.7 176.6 177.4 176.6 179.1 184.7 190.4 194.2 194.1 193.9 194.2 196.8 198.9 198.6 196 198.4 203.8 207.9 214.2 220.3 224.6 231.4 238.5 244.5 251 257.7 261.9 269.8 274.7 277 282.3 283.2 289.2
282 277.3 264.7 262.9 262.4 255.5 251.1 248.8 251 252.8 251.3 245.5 241 242.5 243.3 243.9 244.8 241.9 242.2 243.4 244.2 242.4 239.1 242 246.9 234.3 225.3 212 199 191.1 184.8 182.9 177.7 176.1 176.1 175.8 177 176.2 175.7 176.1 176.5 176.4 176.9 177.3 177 177.5 177.8 177.1 177.6 177.9 180.1 186.6 189.5 189.5 189.4 191.1 194 196.7 196.8 194.4 196.5 201.4 207.1 214 219.1 223.2 230.9 237.9 243.7 249.6 255.8 260.9 268.6 274.7 277.8 282.4 285.6 289.5
286.8 282.6 278.7 269.9 264 263 259.6 258.9 258.1 256.1 251.2 245.6 242.8 246.1 247.3 248.6 250.9 249.7 249.3 251 250.9 248.3 243.6 239.8 238.6 230.7 224.7 210.2 197.2 190.4 190.3 188 180.3 176.1 176.2 176.2 175.9 176.2 176.5 176.4 176.5 176.3 177.2 177.1 177.2 177.5 177.9 178.3 177.8 178 178.8 179.5 180.4 181.7 182 185 188.6 192.1 194.2 191.1 195.7 201.2 206.5 211.6 215.7 221.2 229.7 237.3 243.8 248.8 256.8 261.7 266 273.1 276.4 280.6 287.6 289.5
289.4 284.7 282.2 277 269.9 267.5 266.2 267.1 264.1 260.5 254.2 248.5 248.2 251.6 253.7 256.5 259.2 257 258.1 261.4 260.8 253.6 248.9 244.6 239.8 233.9 222.6 206.9 196.5 197.3 198.6 195.1 185.7 178 178.6 176.5 175.9 176.1 176.5 176.9 177.9 180.7 176.9 177 177.3 177.7 178.1 178.5 178.8 178.5 178.8 179.2 178.9 180.6 180.5 181.4 182.3 185.9 188 189.6 195.3 199.7 204.1 208.9 213.2 219.3 228 235.9 242.7 247.8 255.8 262.7 265 268.8 273.6 275.7 285.5 289.8
294 288 285 281.9 278.9 274.9 272.7 271.2 268.2 265.3 257.5 252.7 255.4 263 264.2 266.9 266 262 263.3 266.6 265.3 257.8 252.8 248.8 244.1 238.8 226.9 208.6 202 204.6 204.9 199.4 191.4 183.4 183.4 181.2 176.1 176.2 176.5 176.6 178.7 183 182.5 177 178.1 177.8 178.2 178.9 179.2 179.4 179.8 180 180.4 180.4 180.9 180.6 181.4 182.8 183.6 186.7 192.4 196.6 201.2 206.5 211.3 217.2 226 234.4 240.5 247.4 253.6 262.9 267.8 268.4 274.4 276.1 280.1 286
297.2 291.4 288.9 288.1 284.4 281.1 279.7 275 270.9 266.4 260.7 258.2 267.2 270.5 272.9 282.1 269.1 265.7 266.1 265.2 264.4 256.3 254.6 249.5 249.2 235.6 226.3 210.4 209.7 209.1 208.9 203.8 193.8 186.7 184.5 183.4 176.2 176.3 176.4 176.5 177.2 180.9 180.7 177.9 178.2 178.6 178.4 179.1 179.7 180.1 180.2 180.8 179.9 181 181.3 182 182 182.2 182.2 184.1 187 193.3 198.7 203.3 207.3 214.3 224.2 232.3 236.9 245.4 251.5 260.8 268.4 269 273.3 277.1 280 285.6
303.2 295.7 292.6 292.2 291.2 286.6 284 280.5 276.8 269.1 265.5 264.2 274.8 276.7 278.2 273.5 271.4 267.1 264.3 262.2 258.7 253.7 251.4 248.1 242.2 232.1 222 212 213.3 210.5 211.3 205.6 197.5 189.3 188.1 184.9 176.7 176.7 176.7 176.8 177.3 177.4 178.2 177.8 178.2 178.5 178.8 179 179.5 182 186.9 189.8 186.8 182.9 182.7 181.8 182 182.3 182.5 182.8 184.7 189.9 195.2 199.7 204.6 211.2 221.4 228.8 234.5 241.7 250.1 257.7 266.6 268.9 272.8 279.5 281.3 282.5
307.1 298.7 296.9 297.4 297.7 292.7 289.4 287.2 282.7 277.4 272.1 272.6 272.9 279.3 279.1 275.6 268 264.6 264.7 259.9 250.6 247.8 245 241.1 232.4 229 221.6 217.5 217.5 209.3 210.5 206.6 199.2 191.2 190.5 183.7 177.2 176.8 177.1 179.5 177 177.7 177.9 177.7 178 178.3 178.5 178.9 181.3 186.3 190.6 192.9 191.1 186.3 185.2 188.8 184 182.4 182.8 183.1 183.2 184.6 191 196.3 201.3 208.5 216.7 226.2 232 239.3 247.8 254.7 264.7 268.1 271.7 276.5 281.9 283.1
309.9 305.1 306.7 305.6 305.1 302.3 300.1 296.4 290.3 283.9 277.6 273.1 274.6 278.8 282.6 274.8 272.2 262.7 254.6 253.7 246.4 242.2 238.5 235.4 234.5 226.9 225.6 225.7 221.1 208.4 207.8 204.8 199.7 193.3 187.6 184 178.1 176.9 177 182.1 179.1 177.5 177.8 177.6 177.9 178 178.4 178.8 181.9 188.7 192.7 196.3 193.8 188.7 187.5 190.6 192.6 192.2 191.7 184.4 184 184.2 186.7 192.7 198.6 203.4 212.6 219.8 227.7 236.5 242.8 251.3 258.1 264.6 273.2 273.5 279.7 284.2
312.5 309 309.4 311.9 313 310.7 309.3 301.2 293.4 291.4 281.1 275.6 276.3 277.7 271.7 270 268 260.7 253.4 248.3 247.1 246.2 239.3 234.6 231.5 228.5 228.7 230.6 224 211.1 205.2 202.1 199.4 195.8 188.1 185.9 178.5 177.4 177.3 182 180.9 180.3 178.3 178.6 178.5 177.9 178.2 178.7 184.6 190 194.6 198.7 195.6 189.3 188.4 191.6 193.2 194 193.5 192 186.4 184.6 184.3 187.9 194.9 200.2 207 213.5 222.4 231.8 240.2 246.7 254.2 259.6 267.4 274.4 273.8 279.2
316 310.3 308.2 310.2 312.1 312.8 310 301.5 295.4 289.5 280.3 275.9 275.1 276 270.8 264.5 261.2 256.2 252.5 249.3 253.2 250 243.3 234.2 230.4 230 232.8 232.9 225.6 214.7 206.1 201.5 199.1 196 188.1 185.7 181.2 178.2 177.3 178.7 182.7 183.3 178.6 178.7 177.5 178.3 178.2 178.3 185.2 189.7 194.5 198.7 195.8 189.5 188.1 191.2 192.8 194.4 195.2 193.8 191 189 184.4 186.3 190 196.1 202.8 208.4 216.1 225.3 235.2 243.1 250.4 257 262 270.6 274.8 274.7
316.2 312 309.7 309.2 308.2 308.4 304 298 292 287.1 283.5 278.9 272.9 271 270.3 263.4 262.9 256.7 251.4 255.4 259.3 252.9 242.7 234.1 233.8 233.9 235.2 234.3 227.5 217.3 207.5 200.4 197.6 194.1 188.6 187 186.1 183.1 178 177.8 181.2 185 180.6 178.7 178.7 178 178.8 178.6 183.2 188.5 193.8 197.7 196.3 190.2 187.4 190 192.4 194.5 195.9 195.1 191.8 191.7 185.6 186 188.5 194.5 199.5 206.5 213.3 220.4 230.4 240 245.8 254.1 258.2 267.8 270.4 276
318.1 315.4 314.5 315.7 313.6 306.4 299.5 293.4 289.8 287.3 286.2 279.7 270.8 267.2 264.3 262.7 259.1 258 252.5 258.7 260.8 253.1 244.1 241.8 239.4 236.3 237.2 235.8 229 218.8 206.2 200.7 197.2 193.8 187.8 187.7 188 186.7 178.4 178.1 178.8 184.7 179.6 179.1 179.4 178.9 180.5 179 181.8 188.3 192.6 195.6 195.9 189.9 187.1 189.8 193.4 195.9 197.1 195.9 193.1 192.4 193.1 185.9 187.5 191.4 198.2 203.3 209.1 216.3 224.9 234.7 240.7 248 255.7 260.5 270.1 271.7
319.3 314.1 319.2 323.1 316.4 302.5 297.5 288.6 283.3 279.6 277.7 271.7 264.4 257.9 254.8 253.9 252.6 253.3 252.5 260.7 257.5 248.8 248.1 246.9 243.6 238.4 239.3 237.2 229.1 218.4 207.2 200.4 195.3 191 187.8 187.5 189.7 189.4 182.3 178.5 178.5 181.2 179.7 179.3 180.8 181.1 180.1 180.4 183.5 187.5 191.4 193.5 193.9 190.4 187.2 189.8 193.8 197.1 198.4 197.2 194.6 191.9 194.5 185.9 186.8 189.3 196.7 201.7 206.2 212.2 221.1 229.2 234.4 241.7 250.2 257.2 261.8 270.7
326.3 318.3 317.3 318.3 307.8 297.5 289.4 282.3 276.6 268 269.3 266.9 257.3 254.5 252.4 252.1 251.1 250.9 251.1 253.1 255.8 252.7 252.5 249 244.4 240.2 241.9 236.2 226.2 214.7 204.8 197.8 192.7 189.8 188.7 187.6 190.7 190.5 186.5 178.9 178.8 179.4 179.7 180.2 182.5 183.9 183.9 184.3 187.7 189.3 191.4 191.5 190.4 188.4 188.2 190.5 194.6 197.8 198.9 198.5 196.1 192.7 194.5 186.7 185.9 186.6 190.3 199.3 204.6 210.4 219.3 225.6 231.4 238.7 246 254.3 258.2 264.6
326.7 322.1 318.2 311 300.2 286 281.9 282.8 276.9 266.1 263.3 263.2 256.4 254.8 253.3 252 251.6 250.9 250.9 251.1 254.3 256.3 255.5 249.2 244.4 237.9 234.5 230 219.4 210.3 199.5 194.4 192.7 190.1 188.1 187.4 189.4 190.5 190.6 180.3 179.2 180 180.1 179.7 184.2 186.4 189.1 191.1 192.5 191.8 191.1 190.6 189.9 188.8 189.4 192.1 195.4 199 201.5 200.6 199.1 193.5 195.2 193.5 187.4 187.4 188 187.7 202 209.8 216.3 222.2 230.2 237.6 243.6 249.5 256.5 260.5
330.1 332.4 328.6 318.3 310.3 291.1 273.3 273 273.2 265.3 259.7 258.6 257.8 256.6 259.8 256.2 251.5 251 250.9 252 254.2 260.1 257.9 251.2 243.2 235.9 229.4 224.7 216.6 206.3 197.7 194.8 192.8 190.4 187.6 187.7 188.1 191.8 193 188.1 180.1 180.3 180.5 180.5 186.7 191.8 194.1 195.7 197 196.9 192.3 192.4 193.1 192.4 192.4 195.8 197.4 200 202.6 203.3 202.6 195.4 194.4 196.9 199 188.8 188.1 189 192.9 208.2 213.8 219.5 228.4 234.8 239.9 245.5 253.2 257.8
334.7 332.3 330.3 329.4 317.8 300.1 280.9 272 270.4 266.4 264.7 259.3 259.7 265.1 270.2 264.9 258.4 252.4 251.9 253.2 260.5 263.9 259.4 251.2 242.2 231.3 225.1 221.3 211.8 203.5 197.9 194.5 193.3 189.3 188.1 188 187.9 191.8 194.8 190.8 181.7 180.6 180.7 183.1 190.6 194.2 196.9 199.3 200.4 200.7 197.6 194.8 196.7 195.9 196 199.1 200.3 201.9 204 205.9 204.8 198.7 193.2 197.4 200.4 198.1 190.1 189.5 190.9 205 211.2 217.2 225.7 231.6 236.5 241.5 246.9 254.7
337.2 335.8 336.7 336.3 321.7 308.5 294.8 283.3 274.6 271.2 273.4 270 262 269.7 275.1 269.2 266.4 259 256.7 259.8 269.1 267.8 260.4 249.9 239.7 226.9 220.8 214.3 208.1 201.7 198.5 195.5 193.2 190.4 188.7 188.2 187.9 191 195.4 193 186 180.7 180.4 186.3 193.1 196.9 199.8 203.1 204.4 204 201 198.4 200.7 200.1 199.9 202.3 203.1 204.1 206.7 208.2 206.9 201.7 193.4 197.1 200.9 200.4 192.3 189 193.1 203.2 209 217.4 222.3 228.3 233.4 238.1 243.9 254.2
329.6 330.4 333.7 329.4 327.5 318.6 310.3 296.5 284.1 275.1 271.6 275.6 266.9 268.9 277.7 276.9 271.1 262.5 259.5 264.2 275.3 269.5 260.1 249.7 230.6 222.5 215.9 210.2 203.7 200.4 199.1 196.4 193.7 193 191.8 189.3 188.4 188 193.1 193.2 188.1 180.2 181.5 188.3 195.3 199.6 203 205.6 208.1 207.2 202.5 202.9 204.9 204.2 204.4 205.1 205.4 205.8 208.4 209.6 208.2 203.7 194 195.9 199.4 200 196.6 188.9 193.7 202.3 208.7 215.5 220.2 223.9 229.5 235.3 241 248.1
322.5 318 315.4 320.8 327.7 326.4 317.5 307.6 293.1 282.5 272.2 269.6 265 266 266.9 275.5 270.8 266.1 260.6 266.2 276 269.7 254.8 240.3 226.6 217.7 209.8 206.5 203.3 202.5 199.8 195.9 196.3 195.3 194.7 192.1 190.9 189 188.6 190.4 185.9 181.6 189 194.3 197.4 200.6 204.2 208.5 211.2 210.1 206.6 206.9 209.1 208.4 209.2 209.9 208.4 207.7 209.3 209.9 207.9 205.1 195.7 193.4 196.7 192.1 189.6 190.2 191.8 200.9 205.9 212.5 216.1 221.3 226.2 231.3 237.7 242.7
321.1 322.1 312.4 309.2 312.2 312.7 307.3 305 294.1 277.5 269.1 262.4 260.2 271.8 275.4 269.4 270.3 272.4 258.6 265.4 278 260.6 245.3 235.9 222.2 214.1 208.4 208.1 206.3 203.3 198.8 196.3 195.9 198.6 200.2 198.9 195 189.2 187.4 188.5 181.9 184.1 190.6 194.8 197.9 201.4 205.7 210 213.4 213.2 210 210.2 213.9 212.9 213.3 213.4 212.3 209.8 210.3 209.9 207.8 204.6 197.1 192.9 191.4 190.1 189.7 190.7 190.7 197.9 204.7 209.5 212.5 218.8 223.1 227.7 234.2 241.3
328.1 323 316.1 305.5 303.6 302.1 295.4 294.6 288.7 282.2 272.8 264.4 257.7 257.4 261.2 265.3 276.1 262 255.3 255.3 260.1 249.1 236.1 227.7 217.2 212.6 208.3 209.4 207.9 203.2 197.5 196.4 198 201 203.7 202 197.8 189.1 186.1 183.4 182.7 189.5 189.9 195.5 199 202.7 206.8 211.3 215.2 216.3 211.9 214.3 217.7 218.3 217.1 217.3 215.9 211.6 210.9 210.8 207.9 205.3 203.5 194.9 191.8 190.8 190.3 191.1 191 193.4 203.8 206.9 209.2 213.7 217.7 223.8 231.4 240.9
325.8 320.7 316.8 310.9 308.5 306.3 301.6 298.8 299.6 293.1 281.7 270.7 256.5 253.8 252.5 254 255.3 250.7 248.8 244.9 242.7 235 227.8 219.5 214.1 209.5 207.8 209.6 207.4 202.5 197.1 196.3 199.3 202.6 204.4 202.6 198.1 189.9 186 182.5 184.4 190.1 191.5 195.2 199.4 203.2 207.1 211 214.3 217 213.9 217.5 219.9 221.8 222 220.7 220.1 215.4 212.5 211.8 208.7 207.9 206.6 196.7 194.8 191.4 191.2 191.1 191.4 192.2 197.3 202.6 205.5 207.5 212.5 218.5 226.7 240
333.1 329.7 320.5 319.3 317.5 314.5 310.8 317 310.5 300.7 286.8 277.9 263.3 257.7 251.7 249.3 248 243.9 239.1 233.9 231.2 224.9 220.3 215.8 211.8 208.1 206.9 206.9 204.8 200.1 196.5 196.3 198.7 201.3 201.6 199.6 195.9 189.3 186.6 182.3 186.5 190.7 191.7 193.4 196.8 203.9 206.9 209.1 212.6 216.4 217.3 219.9 222.1 224.5 224.8 225.3 223.6 219.6 215.9 214.2 210.6 209 207.6 199.5 196.3 193.9 191.5 191.4 192.5 191.9 194.1 196.3 201.6 203.8 207.2 212.9 220.5 234.8
