GeneralExemplars/GeoExemplars/LakeDistrictData/data/LakeDistrict/terrain-50-dtm_3563996/ny/NY51.asc
ncols 200
nrows 200
xllcorner 350000
yllcorner 510000
cellsize 50
[rows 0 to 34 of 200, columns 0 to 77 of 200]
259.9 257.6 255.4 253.7 253.2 252.7 250.6 247.8 245.7 247.3 243.8 235.5 230 225 218.3 213 209.3 202.4 193.2 187 178.7 175.7 175.2 174.7 174.6 173.6 173.4 173 172.5 172 171.5 171.6 179.8 191.5 201.2 207.8 215.8 223.8 229.9 234.6 241.1 247.7 250.4 253.3 258.8 264.6 267.8 270.9 276.5 282.4 288.4 294.5 295.7 296.9 296.1 293.3 289.8 287.3 291.3 295.7 295.3 294 297.1 299.9 302.4 302.7 303.8 305 306.2 305.6 304.8 303.7 301.8 301 299 296.7 294.1 292
262 260.4 258.3 255.9 255 253.7 252.1 251 248.4 249 245.1 239.9 234.5 227.6 219.4 215.2 210.5 204.7 193.6 186.3 179.5 175 174.5 174.1 173.5 173.2 172.9 172.6 172.2 171.7 172.1 171.1 178.5 189.4 199.2 205 212.4 222.2 229.5 234.2 237.6 247.9 251 254.4 259.9 266.1 269.8 273.4 279.4 285.6 291.5 296.9 298.4 299.9 299.6 297.2 294.2 290.6 294.6 299.6 299.7 298 299.7 302.2 304.4 305.3 306.3 307.4 308.6 308.3 307.4 305.8 304.8 303.6 301.9 300.2 298 295.4
265 263.1 262.2 259.2 256.9 255.5 254.1 253 250.6 249.5 244.9 243.3 237.5 230 220.8 216.3 211.2 204.4 194.8 187.5 178.1 174.5 173.9 173.5 173.2 172.7 172.6 172.3 171.7 172.2 172.1 172.3 176.3 184.6 196.4 202.3 210.1 218.3 227.2 232.7 236.6 245.9 251.5 255.4 260.8 267.4 271.5 276.1 280.8 288.5 294.5 298.4 300.1 302.1 303 301.3 298 294 297.7 302.9 303.5 302 303.4 304.3 306.8 307.8 308.8 309.8 311 310.8 309.7 307.8 306.8 306.3 305.1 303.7 301.9 300
268.3 267.3 265.7 262.6 260.8 258 256.2 254.3 252.6 249.8 246.9 245 240.6 231.3 220.2 216.7 210.8 203.9 196.5 186.6 177.8 174.1 173.7 173.1 172.7 172.1 172.4 172 172.2 172.1 171.2 174 175.7 180.2 192.7 199.6 206.5 214.7 224.7 231.3 235 244 250.6 256.6 262.1 268.6 273.9 279.5 284.1 291.1 298.1 300.5 302.4 304.8 305.5 304.5 301.5 297.4 299.5 305.3 305.7 306.2 306.9 306.9 308.8 310 311 312.1 313 312.7 311.9 310 309.2 308.8 308.3 306.9 305.2 302.6
273.8 272.8 270.7 267 264.5 260.7 257.4 255.7 253.4 250.3 246.5 245.6 244.4 234.6 220.4 214.8 208.1 201.9 194.1 187.1 176.5 173.6 173.1 173 172.5 171.6 171.8 172 172.3 171.9 171.5 175.6 178.5 179.3 188 196.5 203.3 211.3 220 228.4 232.9 239.5 249.4 255.8 262.4 270 274.9 279.3 286.8 293.5 301.1 304.3 304.7 307 308.8 307.8 305.6 301.2 301.3 306.3 308.3 308.7 309.6 309.2 310.8 312.2 313.2 314.2 314.9 314.7 313.6 312.3 311 310.7 310.6 309.8 308.2 305.8
279.2 276.8 272.9 270 267 262.7 257.8 255.8 253.3 250.2 245.9 244.5 244 238.3 220.4 211.7 206.1 199.8 193.5 187.2 176.5 173.6 173 172.8 172.6 171.3 171.9 172.2 172.4 171.3 172.5 176.8 181.4 183 182.9 191 199.4 206.3 214.8 222.7 230 236 245.1 254.9 263.3 270.7 276.7 281.3 289.7 295.3 304.2 307 307.6 310.1 311.1 310.2 308.6 305 302.7 308 310.8 310.8 312.4 312.4 313.1 314.3 315.4 316.4 316.9 316.9 316.5 314.7 313.1 313.2 313.3 312.4 311 309
282.3 279.3 276.3 273.6 268.7 264.4 260.3 256 254 251 246.7 242.7 241.8 239 219.4 209.4 203 197.4 192.6 185.4 175.9 174 172.6 172.5 172.5 171.9 172.3 172.1 172.3 171.6 174.6 178.6 183.4 188.1 186.2 185.9 194.1 202.5 210.5 218.7 227.2 232 241 253.1 262.6 271.6 279.5 283.4 291.6 296.3 304.2 309.6 311 314 313.4 313.1 311.9 308.5 305.1 308.9 313.1 313.9 314.5 314.8 315.6 316.6 317.6 318.6 319.1 319.2 318.8 317.5 315.9 315.9 315.9 314.9 313.3 311.6
284.1 282.5 279.3 274.9 269.8 267.1 260.9 256.9 255.6 253.3 247.7 236.5 234.4 233 219.8 209.2 200 195.2 188.1 181.5 176 174.2 172.5 172.4 171.9 171.1 172 172.3 172 171.9 175.7 179.1 184.4 189.9 191.9 188.7 188.6 198 206.8 215.2 224.2 231.6 237.7 248.8 260.7 270.8 280.8 285.3 292.5 297.1 305.1 312.3 314.6 317.9 315.4 315.5 314.6 311.4 308.1 311.5 315.3 316.7 317.3 317.7 317.7 319 319.9 320.4 321.6 321.3 321.1 320.3 318.5 318.7 318.7 317.8 316.3 313.7
287.1 284.9 280.7 277.9 272.3 268.5 262.3 257.8 256 255 249.2 238 232.7 225.9 217.9 204 196.3 191.3 183.9 178.2 176.1 174.7 172.6 172.9 172.2 172.1 172.1 172.3 172.4 171.4 175.2 179.1 184.4 189.4 194.5 195 191.8 191.4 201.6 210.1 219.7 228.6 236.6 245 257.2 268.3 281.9 287.8 293.4 297.8 305.1 314.4 320.5 320.5 317.9 318.4 317 314.6 310.9 313.4 318.1 319.4 320.1 320.3 319.9 321.5 322.3 322.7 323.6 323.9 323.6 322.8 321.3 321.2 321.2 320.3 318.7 315.3
288.3 285 282.6 279.5 274.7 269.6 262.7 257.5 254.1 250.7 246.3 236.5 230.4 221.7 217.4 200.3 195.1 185.3 179.5 177.4 175.9 174.4 172.6 172.8 172.4 172.3 172.5 172.2 172.6 171.2 174.3 178.6 183.5 189.9 195.6 199.6 198 194.6 196.8 205.7 216.6 226.6 235.5 242.7 255.4 267.3 282 288.6 293.6 298 305.4 316.3 325.7 323.4 320.7 320.7 319.9 316.5 313.6 316.6 320.8 321.9 322.4 323 322.5 323.8 324.7 325.2 325.5 326.8 325.5 325.3 324.2 323.3 323 322.5 319.9 316.3
289.3 285.2 283.6 281 275 269.4 263.1 257.7 252.6 245.9 239.9 233.7 229.9 223.2 214.5 203.4 189.2 182.8 179.7 176.6 175 174.7 173.9 173.2 172.5 172.3 172 171.9 172.5 172.1 174.1 177.3 182.5 189.8 195.6 200.5 203.9 199.9 197.6 202.5 212.5 223.6 233.7 241.3 251.5 265.3 278.5 288 293.9 299.8 307.2 319.5 328.7 325.4 323.8 323.3 322.5 320.3 317.4 321.9 324.2 324.4 324.6 326 325 325.2 326.3 327 327.5 328.6 327.5 327.3 327 325.5 325 324.2 321.5 318.4
288.4 285 282.7 279.5 274.6 269.6 263.3 257.7 252 245.5 239 233.4 227.6 219 209.4 195.9 192.1 190.5 183.9 179.2 174.5 173.7 173.6 173 172.4 172.3 172.1 172.3 172.4 172 173.3 176 181.8 190.8 194.2 198 203.8 206.3 200.5 201.2 207 219.5 230.2 238.9 247 260.7 273.4 286.5 292.8 301.4 307.3 322.9 331.1 328.8 326.4 326.3 325.6 323 320.5 326.8 327.6 326.9 326.9 328.6 327.3 327.3 328.6 329.2 329.3 331 330.4 330 329.4 328.2 326.8 325.6 323.2 319.8
284.5 281.8 279.9 276.9 270.8 266.1 260.4 255.1 250.1 242.1 237 230.3 219.5 209.4 197.2 198.3 197.3 194.2 188.5 182.7 175.9 173.1 172.8 172.5 171.9 172 172 172.4 172.1 172.1 172 178.2 184 188.7 192.9 197.4 202.8 208.1 207.8 202.9 202.4 213.6 225 233.7 241.4 254 266.3 283.2 290.2 296.1 307.6 323.6 332.8 331.3 329.3 331.9 328.9 326.3 323.2 329.7 330.9 329 328.4 330.3 329.4 329 329.5 331.5 331.1 331.7 333.2 332.7 332.2 330.8 329.1 326.6 324.2 320.3
281.8 277.7 274.4 271.7 266.6 261.5 256.9 252 245.1 236.8 228.7 221.3 211.2 208.6 210.3 206.8 202.3 197.3 192.9 185.6 176.9 173 172.1 172.3 172.1 172.1 172.1 172 172.1 172.7 172.8 175.6 182.7 187.1 191.9 196 200.3 205.9 210.9 208.1 203.9 207.2 219.7 228.9 239.3 249.6 263.9 275.8 286 291.7 306.9 320.9 331 332.8 331.8 333.4 330.4 328.4 325.3 331.1 333 330.8 330.5 332.7 332.2 330.8 331.6 333.3 333.7 333 334.5 335 334.5 332.7 330.6 327.5 324.6 321.5
277.5 274.5 271.1 267 262.2 258.1 252.8 247.5 241 234.7 232.1 227.7 207.9 215 216.2 212.3 207 200.4 194.8 188.8 179.9 174.8 172.2 172.1 172.2 172.2 172.1 172.1 172 172.8 172.8 173.7 181.8 185.9 189.2 194.1 198.1 204.3 209.1 210.9 209.2 205.6 211.8 226.2 235.3 244.9 260.8 271.6 282.8 289.3 306 318.3 332.5 334.3 332 335.5 333 330 326.8 333.7 335.2 333 332.4 334.7 334.7 334 333.5 335 335.9 335.2 336.1 337.6 336.5 334.8 331.8 327.4 324.2 322.1
274.1 270.2 265.6 261.3 256.1 251.4 246.8 241.8 237.6 234.7 230.7 225.5 212.8 219 218.1 213.2 209.7 204.3 198.9 190.4 184.5 176.5 172.3 172.1 172.1 172 172 172 172.1 172.8 172.8 173.1 179.8 184 187.1 191.5 196.4 200.7 205.4 210.1 211.7 209.4 206.1 216.5 231.7 242.6 254.1 268.1 277.7 285.8 303.9 318.1 332.5 332.5 332.2 334.9 334.8 333 329.3 332.1 337.7 336.1 335.1 337.5 337.6 336 336 336.1 338.1 337.1 337.6 339.6 338.7 336.7 331.7 327.5 324.7 322.5
268.5 263.4 259.6 254.6 247.7 244 239.4 236.4 236.7 235.3 230.1 221.1 220.7 221.2 219.2 214.1 209.1 204.2 197.8 192.1 186 178.8 171.9 171.4 172 171.9 172 172.1 172.2 172.6 173 172.8 176.5 180.5 184.4 189.8 194.2 197.8 201.5 206.6 211.3 212.9 207 207.4 224.7 240.1 248.7 263.5 271.7 284.8 295.2 315.1 339.2 336.7 334.6 333.7 335.4 333.6 332.5 330.6 336.2 335.7 336.2 338.3 338.9 337.6 337.6 337.5 337.7 338.7 338.2 339.3 338.1 335.6 332.1 329 326 323.8
263.2 256.4 249.1 245.2 242.3 238.9 237.3 235.1 233.8 234.5 229.1 226.4 225.8 223.1 220.9 215.1 209 203.2 196.2 191.7 186.8 180.7 172.3 171.8 172.2 172 172.2 172.2 172.3 172.4 173.1 173 176.1 177.2 181.7 187.5 191.7 195.2 198.4 202.8 208.1 212.9 212.3 210.8 213.3 231.5 245.7 254.9 268.2 277 289.3 310.1 328.2 340.7 338.5 337.2 339.3 336.2 334.2 331.3 334 334.4 334.6 336 338.6 339.2 339.1 338.7 337.4 338 339.2 340.2 338.3 336 333.5 330.4 327.7 325.4
263.6 257 252.2 243.6 240.9 238.5 236.3 234.7 232.8 230.7 229.4 229 225.9 222.7 219.6 214.4 208.4 201.5 195.5 190.4 186.1 181.8 172.9 172.8 172.8 172.2 172.3 172.3 172.4 172.5 172.6 172.1 177.1 177.2 178.7 184.9 188.1 191.9 196.2 200.4 204.6 210.5 213.3 212.5 211.8 221.5 239.2 248.6 259.6 271.9 282 296.7 312.4 324.4 334.1 338.9 338.6 339.4 337.1 334.8 332.5 332.7 332.5 333.3 335.9 338.7 340.1 339.4 338 337.4 340 340.6 338.9 336.8 334.7 332 329.4 327
270.4 264.1 258.8 248.4 241.7 240 239.1 236.9 235.2 233.7 230 228.3 226.3 221.1 216.2 212 204.6 199.6 194.3 189.7 184.9 181.9 173.2 172.5 172.8 173 173 172.9 172.8 172.6 172.7 173.3 175.7 178 178.1 179.9 185.2 189.1 192.3 196.6 202.9 207.6 211.9 214.6 213.4 214.8 228.7 243 251.6 262.4 273.3 285 299 307.6 315.4 324.4 332.7 337.1 338 337.4 334.6 333.1 331.2 330.5 332.8 336.2 338.2 337.8 336.9 337.2 337 337.2 337.4 336.9 335.4 331.8 330.1 327.3
274.2 267.9 263.8 258.3 252.7 246.9 243.6 238.3 235.7 233.9 230.8 230.3 227.1 222.4 218.8 212.8 204.3 197.4 190.7 184.2 180.8 176.9 174.6 172.5 172.6 172.9 172.8 172.7 172.6 172.8 172.9 172.8 172.3 178.3 178.7 179.1 179.7 184.1 188.2 193.7 198.6 203.7 210.3 214.4 214.5 211.4 217.6 231.8 246.2 253.6 266.1 275.5 287.6 295 303 310.3 317.7 328.5 337 336.1 336.8 334.2 332.4 329.8 330.7 332.5 334.2 334.6 334.2 334.3 334 333.5 334.2 334.3 333.6 332.1 330.4 328.4
278 271.9 267 262.6 259.4 252.2 246.4 240.6 236.1 233.6 232.7 230.6 228.2 222.9 219.2 211.7 202.7 197.3 191.6 183.7 179.2 176.6 174.3 172.6 172.4 172.6 172.7 172.7 172.8 172.9 173.1 173.1 172.8 178.3 180.6 182.8 183.6 181 184.4 189.5 195.9 202.1 205.9 211.1 213.5 212.3 209.6 219.4 235.8 247.4 258 268.5 276.8 284.6 290.4 298.8 305.6 312.7 323.9 334.3 335.2 333.8 332.8 330.2 329.5 328.6 329 328.7 330.1 330.8 330.5 329.3 330.7 331.8 332.6 331.3 330.8 329.8
280.9 274.8 270.1 266 262.2 257.4 251.7 243.4 238.6 234.3 232 230.2 227.7 222.7 215.2 208.8 200.6 195.9 189.6 184 179.2 176.7 174.1 172.8 172.7 172.3 172.7 172.8 173 173.1 173.2 173.3 173.1 180.1 183.3 185.8 187.1 182.5 181.4 185.3 192.5 198.1 202.3 206.8 211.8 213.5 209.3 211.6 224.2 239.4 251.1 256.8 267.2 274.9 280.7 288 294.9 302 308.4 316.6 321.4 326 327.6 325.8 325.1 322.5 323 324.3 324.4 325.7 325.6 325.1 326 328.1 330.2 330.5 330.9 330.8
282.9 278.1 274.5 269.7 264.4 258.5 252.5 245.7 241.3 234.3 229.9 227.6 224.3 219.8 211.8 201.4 198.2 194.6 189.1 183.6 181.2 177.3 175.4 173.5 172.2 172.9 172.8 172.9 173.1 173.2 173.4 173.2 172.9 180.4 183.4 187 190.1 186.2 183 183 189.6 194.8 198.9 202.6 208.8 212.3 210.6 209.5 214.9 227.5 240.2 252.9 256.1 263.8 272.9 279.7 285.6 290.6 297.6 302.4 304.9 307.1 307.7 309.8 309 309.7 312.2 314.7 319.3 320.6 320.4 321 321.6 323.9 326.3 327.7 329.4 329.2
284.5 281.7 278.6 274.1 268.7 264.4 255.8 249.5 243.7 238 228.5 223.1 217 209.3 212.9 210.4 204.2 198.1 193.2 187.8 186.3 175.9 173.3 172.6 172.5 172.9 172.9 173 173.2 173.3 173.5 172.9 173.1 177.1 183.8 187.9 191.9 189.3 185.8 185.2 185.6 191.3 196 199.2 204.8 210 211.6 209.3 211.5 216.9 227.5 240.4 249.2 254.4 261.4 269.6 277.7 282.2 287.1 291.2 294.2 296.3 296.7 300.7 299.5 298.3 298.2 298.6 302.9 308.1 314.1 316.9 318.5 320 322.1 323.4 326.5 327.8
287.1 283.4 279.8 275.9 273.1 267.3 261.4 254.5 248 242.6 233.4 229.3 220 221.9 217.4 213.4 208.4 200.3 197.1 191.3 188.2 179.7 173.1 173.3 173.1 172.5 173 173.3 173.4 173.5 173.6 173.6 172.9 173 182.6 186.4 190.1 190 187.3 188 188.8 188.5 192.3 196.4 201.9 207.1 211.3 209.8 209.5 212.4 217.6 227.5 236.3 245.2 250.7 259.5 267.2 273.4 278.1 283.4 286.4 286.8 288.4 291.8 293.2 290.2 287.6 287.9 291.1 294.9 299.8 307.1 314.2 317.4 317.7 319.9 322.7 324.8
289.6 285.7 281.8 279.8 277.9 273.4 265.4 257.8 252.1 245.6 240.1 231.6 228.2 226.9 223.7 216.8 212.5 204.3 199.8 193.3 192 183.9 175.5 172.7 173.1 172.5 173 173.5 173.6 173.7 173 173.8 173.4 173.3 176.8 184.6 187.7 188.9 185.2 189 191.4 192 190.5 194.1 199.3 204.6 210.2 211.2 209.5 209.9 213.2 218.2 225.5 234.9 244.1 253.5 258.4 265.3 270 274.2 277 280 282.4 283.9 286.3 286.1 281.4 280.8 282.3 285.9 291.9 298.1 305.4 312.7 314.9 317.2 319 322.4
289.9 287.9 283.4 283.6 280.3 275.1 267.6 261.6 255.2 249.4 239.8 237.5 233.7 231.3 227.4 221.1 215.7 211.7 204.2 195.2 195.3 189.9 180.3 173.2 173 172.9 173.3 173.6 173.5 173.5 173.6 174 173.5 173.1 173 178.7 185.2 186.7 181.5 187.2 192 192.4 191.5 194.1 197.4 202.8 208.1 210 211.1 210.7 211.3 213.6 217 221.9 233.9 245 253.1 257.1 259.8 264.9 268.9 273 275.7 276.7 279.4 282.4 280 279.1 279.4 281 284.7 293 299.1 307.1 310 312.6 313.9 319
291.1 290.3 284.6 286.2 283.5 277.9 272 267.4 262 253.9 250.3 244.3 238.2 237.1 233.3 225.7 219.7 214.1 202.9 199.9 197.6 192.2 186.1 176.9 173.5 173.1 173.5 173.5 173.5 173.6 173.8 173.4 174 173.7 173.6 173.4 179.2 182.9 178.1 184.5 188.4 188.9 190.7 193.1 196.7 200.5 205.1 207.2 210.2 212.8 212.1 209.9 211.4 213.9 221.5 232.6 244.1 252 254.2 257.8 262.9 265.7 268.5 270.5 272.8 277.2 277.6 276.7 277.9 279.6 278.2 286.8 292.3 299 302.5 305.9 306.7 314
292.8 291.6 286.8 288.5 286.3 282.1 277.6 270.6 265.9 260.2 256.3 251.9 246.7 244.6 238.1 230.3 223.9 218.5 207.4 202.3 198 193.8 188.7 180.6 177.1 173.6 173.3 173.4 173.7 173.6 173.8 173.8 173 173.9 173.7 173.5 173.2 177.3 175.1 178.9 183.9 185 185 189 193.3 197.1 200.3 202.9 206.9 210.5 212.8 209.6 205.9 207.5 213.2 219.7 230.7 242.7 250 251.8 255.5 258.1 261.2 263.3 266.4 271.1 273.2 274.2 276.7 278.9 277 276.5 285.9 291.4 294.9 298.7 300.3 306.1
295.4 292.6 289.5 292.4 291.2 285.3 279.8 272.5 266 263.8 262.7 256.4 252.2 248.9 241.1 234.1 228.6 221.1 208.5 204.7 198.6 194.7 191.6 187.3 184 178.4 173.3 173.5 173.8 173.8 173.8 173.6 173.9 174.1 173.9 173.7 173.5 173.7 173.8 175 179.9 180.7 178.7 184.8 190.1 194.4 198.2 200.3 203.6 207.1 211.6 212.3 205.3 203.9 210.4 214.2 219.5 229.1 239.2 246.6 247.9 249 252.4 255.4 259.5 262.7 266.9 270.6 273.4 277.6 278.2 273.8 277.8 284.8 288.4 292.3 295.2 299.1
296.2 293.8 293.3 293.8 288.7 281.2 276.8 273.1 271.8 271 266.5 261.5 258.7 252.7 245.9 238.8 229.2 222.6 214.3 211.6 203.6 199.4 194.8 190.5 188.7 184.6 177.4 173.8 174.6 174.6 174 173.7 173.9 174.3 174.2 174 173.8 173.9 173.9 174.1 175.2 176 176.6 182.1 185.3 189.8 194.6 197.1 201.3 205.1 207.9 211.9 205.8 202.4 207.5 212 217 221.8 229.1 236.9 241.9 245.6 246.5 248.3 253.1 256.4 260.9 265.6 269.8 275.5 278.3 272.8 272.8 278 282.8 286.6 290.7 294.5
296.6 295 294.1 292.6 287.5 284.7 280.8 276.5 276.3 275.4 272.3 268.3 263 256.1 250.2 246 238.4 230.1 224.1 217.3 209.7 205.7 201 193.4 193.7 191.2 183.4 177.7 175.7 175.7 175.7 174.8 174.3 174.2 173.7 174.3 174.2 174 174 174.3 174.7 174.4 175.3 177.2 182.6 186.7 190.6 194.1 198.1 200.7 203.9 207.4 204.6 201.5 204.7 210.2 216 220.3 224.6 230.9 235.2 237.5 241.6 243.9 246.3 250.6 254.4 260 265.2 271.8 277.7 272.9 269.7 272.9 278.7 282.4 287.5 291.2
295.3 293.4 293 290.1 287.1 285.8 283.6 280.1 280.6 280.2 279.2 273.6 265.5 256.3 252.8 251.1 247.1 236.3 232.3 225.4 215.5 213.9 208 199 200.8 198.2 189.2 182.3 177.2 176.9 176.6 175.6 174.7 174.3 173.6 173.9 174.5 174.2 174.3 174.6 174.9 175.3 176.2 177 180.1 183.5 187.1 190.6 194.8 197.9 201.7 203.4 203.3 199.2 203.7 208.8 213 217.7 221.4 225 228.9 231.2 235.9 238.5 242.8 244.5 249.3 253.5 259.5 267.2 273.6 272 267.7 270.2 274.5 279.6 284.1 288.8
294.9 292 290.6 288.5 289.5 288.7 287.3 284.7 285 282.8 279.7 273.6 263 257.4 256.3 254 251.1 238.2 238.4 229.9 218.3 212.3 208.9 204.9 206.1 205.8 198.2 187.3 179.1 177.3 177.3 176.4 175.3 175.2 174.9 174.6 174.8 174.4 174.7 175 175.1 175.1 175.4 175.5 176.2 180 183.5 189 192.3 195.6 198.2 200.3 200.9 197.1 202.2 207.8 210.9 214.2 217.7 218.9 222.8 226.1 228.5 232.4 235 240.7 243.7 249.8 256.3 262.5 269.6 271.7 265.8 268.9 272.5 277.1 281.4 288.3
