GeneralExemplars/GeoExemplars/data/LakeDistrict/terrain-50-dtm_3563996/ny/NY10.asc
ncols 200
nrows 200
xllcorner 310000
yllcorner 500000
cellsize 50
[rows 72 to 107 of 200, columns 0 to 81 of 200]
226.9 229.3 231.6 234 235.7 238.3 240.4 242.3 243.4 245 245.9 247.2 247.8 248.6 250.1 250.8 251 250.2 250.6 249.7 250.5 250.4 251.1 252.5 254.4 256.4 257.9 258.9 259.5 259.9 260.9 261.9 263.4 263.5 266.9 269.9 272.5 275.7 279.2 282.5 287.1 292 297.6 305.3 314.7 321.7 327.8 335.9 342.5 347.5 352.9 360 369.9 376.9 381.5 384.9 386.2 388.1 388.5 389.5 389.2 388.8 389.5 393.8 399.5 407.5 419.8 434.7 433.5 433.3 432.4 425.8 420.5 413.6 408.8 402.5 392.3 383.7 371 354.7 339.3 321.6
223.5 226.8 230.7 231.9 233.3 234.1 235.9 238.3 240.4 241.6 241.8 243.1 244.6 245.3 246.8 247.2 247.4 247.3 247.7 247.2 246.8 247.1 248.4 250.2 251.2 253.1 254.7 256 256.7 257.3 257.8 258.6 256.6 263.1 265 268.2 270.6 273.6 275.9 278.5 282.6 289.5 295.8 302.8 311.7 318.7 325.5 331.1 337.4 344.2 350.5 356.9 363 369.8 371.1 375.3 375.8 377.3 378.6 377.9 378 375.7 381.2 391.1 393.6 400.4 409.1 421.7 430.1 430.4 427.4 423.4 419.1 414.3 412.3 404.5 394 379.8 370.7 357.6 339.1 315
221.3 224.4 227.7 229.1 229.8 232.1 233.5 234.7 236.8 238.6 239 239.5 240.5 242.1 243 243.6 244.1 244.6 244.3 244.6 244.1 244.9 246.3 247.8 248.5 250.3 252 252.9 253.6 254.5 255.1 254.4 258 261.4 263.8 266.4 268.2 270.7 273.4 275.9 280.5 286.6 292.9 298.2 304.5 312.1 317.8 324.3 333.5 340.5 346.8 350.5 355.3 359.9 361.8 364.9 366.3 367.6 368.8 367.5 365.4 366.2 374.4 380.5 386.1 391.8 398.9 414.2 419 421 421.7 420.6 418.7 411.2 405.6 400.1 387.7 382.3 378.3 364 339.8 314.7
220.5 223.1 225 227.2 229.6 230.8 231.8 232.7 233.8 235.4 235.6 236.4 237.3 237.5 239.1 240.3 241.2 241.6 242 242.2 242.6 243.3 244.1 245.5 246.6 247.7 249.2 250 251 252 250.9 252.6 255.8 258.9 261.4 263.4 264.8 267 270 272.4 278 283.4 288.5 292.1 296.8 303.6 311.4 318.1 325.5 333 341.1 347.1 350.9 352.2 354.4 355 356.5 356.4 355.6 355.4 353.2 355.3 362.1 368.6 374.8 380.1 387.7 396.9 406.8 415.3 421.4 423.3 416.8 411.3 406.9 398.4 389.8 377 372.1 358.2 336.9 312.9
218.4 221.7 224.1 226.4 227.7 228.8 230.1 231 231.8 231.8 232.5 233.3 233.5 234.8 236.1 237.9 238.7 239.2 239.5 240 240.9 241.7 242.2 243.3 244 245 246.2 247 248.8 252.1 245 250.6 252.4 256.5 258.5 259.7 261.5 262.7 265.5 267.9 273.3 277.2 281.7 285.4 291.4 297.1 302.7 310.9 317.3 322.9 330.2 339.1 340.2 343 346.1 346.3 346.7 344.1 342.7 340.9 339.8 345.8 348.7 354.8 360.3 366.3 371.9 386.1 400.8 411.5 419 421.6 416.6 412 406.1 402.8 392.6 381.9 365.5 350.2 327.5 297.5
217.5 221.3 223.4 224.9 226.4 227.6 228.1 228.5 228.3 228.6 229.3 229.1 230.5 231.6 233.9 235.7 236.4 236.8 237.3 238 238.8 239.7 240.1 240.7 241.4 242.5 243.3 244.2 245.3 247.3 243.9 247.5 249.4 250.8 252.6 255.1 256.1 257.3 259.8 262.6 267.2 271.7 274.9 279.4 285.5 289.2 291.2 299.7 307.1 311.3 317.5 320.5 325.7 329.8 333.6 334.5 334.3 333.4 333.2 331.3 331.4 332.1 336.7 340.1 345.9 352 356.4 375.5 391.8 398.2 405.3 424.5 415.2 412.4 406.6 405.5 397.2 382.6 367.6 345 313.9 277.9
216.6 219.8 221.9 223.3 224.8 225.3 225.4 225.1 225.2 225 225.5 226.8 227.9 229.8 232.1 233.3 234 235.3 235.5 235.6 236.6 237.3 237.2 238.3 238.7 240.5 240.2 240.8 241.5 241.6 241.7 244.7 245.6 245.7 248.2 250.1 251.3 252.6 253.3 256.1 258.1 262.7 269.6 273.9 278.4 281.6 285.2 289.8 296.1 300.2 305.5 308.9 313.9 317.8 321.9 322.1 324 323 324 320.7 321.1 323.4 325.8 327.5 331.8 338.3 343.5 357.4 384 387.1 389 408.4 408.4 407.4 404.4 400.9 391.4 376 346 315.8 292.9 262.5
216 218.5 220.1 221.2 222.1 222.6 221.9 221.8 222.2 222.5 224.4 225.8 227 228.1 230.1 231.4 233.1 233.2 233.9 234.2 234 234.4 234.6 234.5 235.4 236.6 236.3 238.3 238.7 237.9 239.2 241.1 242.6 242.1 243.7 247.2 246.9 247.6 247.9 250.5 252.4 256.1 263.2 267.3 272.3 275.6 279.6 283.4 288.7 292.4 295.5 299.8 303.6 306.6 309.7 311.6 313.3 314.9 311.6 309.5 310 311.2 316.2 319.2 324.8 328.1 336.9 342.9 362 375.7 380.9 388.4 400.6 397.1 397.1 389.5 385.7 362.4 307.8 284 258.6 242.1
215.1 216.7 218.2 218.7 218.8 218.8 219.2 219.1 220.6 221.3 222.5 223.3 224.8 226.4 228.9 230.8 230.3 230.7 231.4 231.7 231.7 233.7 233.1 232.4 231.8 232.7 233.1 235.2 234.7 233.1 237.8 238.9 239.5 240 239.7 243.2 242.5 242.7 244.1 244.1 245.6 251.4 257.3 263.4 267.4 270.1 273.3 277 280 283.7 285.3 288.8 293 295.4 299 299.4 300.9 300 297.9 298.1 295.2 302.5 308.8 313.4 317 320.7 331.8 345.3 356.6 370.4 382.1 388.1 403.5 392.3 364.4 348.5 339.9 301.9 270.1 251.2 224.5 214.8
211.4 214.1 215 215.2 215.3 215.9 217.4 218 218.9 219.1 220.4 222 223.1 224.3 225.9 226.8 227.5 228.6 229.3 229 229.2 231 230.8 228.8 228.9 229.1 229.3 231.2 230.4 231.6 235.1 236 236.6 235.7 235.9 238.6 236.9 236.4 238.5 238.9 241.8 246.1 251 256.5 261.5 262.9 265.2 267.5 268.6 272.1 275.1 277.1 279 282.7 283.3 285.1 286.1 286 283.7 282.6 283.5 287.8 299.1 303.9 308.8 316.2 328.9 349.9 357.5 384.4 387.1 384 381.8 381.2 346.3 296.9 279.6 261.3 236.2 218.3 197.5 182.6
208 209.4 211.2 211.3 212.7 214.5 216.2 217 217.1 218 219.3 220.6 221.5 222.6 223.8 224.1 224.8 225.9 226.5 226.5 226.3 227 226.6 225.8 226 225.8 225.9 226.5 224.1 228.6 230 230.8 230.5 232 230.8 231.6 231.6 229.4 231.5 232.3 235.2 238.2 241.3 245.9 249.5 250.9 252.2 253.9 255.2 257.5 261.3 261.7 263.9 266.6 268.1 271.3 272.8 266.3 265 260.3 267.4 274.2 280.9 293.1 302.9 315.2 328.3 346.4 360.4 382.5 392.4 390.4 341.8 335.3 308.3 270.1 247.8 222.3 206.6 187.3 169.7 156.3
206 207.3 209.4 210.7 212 214.3 214.5 215 216 216.9 218.1 219.1 220 221 221.8 221.9 222.1 222.6 223.1 223.2 222.5 222.7 222.3 222.9 222.3 220.9 222.6 221.8 219.9 223.9 225.3 226.4 226.2 225.4 225.1 224.8 224.6 222.8 222.6 222.7 226.7 229.5 230.1 232.7 235.5 237 238.6 238.8 239.2 241.9 245.2 245.6 246.8 249.6 250.7 253.2 256.1 250.6 246.1 238.9 247.6 258.9 267.1 280.5 300.2 308.5 320.1 338.2 337.8 333.9 354.1 361.6 334.3 289.3 259.3 232.6 217 195 175.9 159.3 145.1 136.6
204.9 206.8 208.6 210.1 211 212 212.9 214.2 215.1 215.9 216.9 217.7 218.5 218.7 219.1 219.3 219.4 219.2 219.6 219.1 219.4 219.3 219.2 218.2 217.6 216.5 217.6 213.7 218.7 220.5 220.6 221.5 220.5 219.2 219.5 218.3 217.5 215.6 214 213.9 215.4 217 217 217.7 219.7 221.2 221.1 222.8 223.3 225.8 226.5 226.9 225.8 225.9 230.5 231.4 231.9 226.8 222.4 213.4 225.8 240.8 241.4 246.6 262.9 262.3 261.8 287.3 309.3 292.8 290.5 299.2 274.9 243.8 225.9 208.5 185.1 168 150.3 135.7 127.1 119.6
203.6 205.6 207.5 208.2 210 210.4 211.6 213 213.7 214.3 214.8 215.8 215.4 215.9 216.4 216.7 216.6 215.3 214.9 215.8 215.7 215.3 214.4 212.8 212.3 212.9 212.8 208.9 214.7 216.5 216.3 216 215.9 214 212.3 209.8 209.7 207.3 205.6 201.9 202.7 203.2 202.9 201.9 202.1 202.8 201.8 204.7 204.9 206.8 206.9 205.4 203.3 202.7 203.8 203.6 201.2 203.6 196.1 192.9 197.7 208 204 209.5 220.2 224.9 223.3 232.6 256.6 255.8 242.2 245.3 222.1 200.1 183.3 174 161.1 143.5 128.8 117.1 112.2 107.5
203.6 205.1 206.5 207.3 207.5 208.4 210 211.5 211.3 211.1 212.3 213 212.6 212.5 213.1 212.3 212.4 211.4 212 212.1 210.6 209.8 209.2 208.3 207.3 207.8 208.6 205.5 211.5 211 210.9 210.1 208.1 204.9 204.2 202.2 201 198.8 196.1 187.1 189.3 187.2 185 184.5 184.4 182.7 181.6 184.2 187.8 187.7 188.3 184.4 182.3 181 183.7 182.5 177 175.1 174 170.5 176.8 176.7 174.8 179.1 176.7 184.8 187.7 194.9 216.6 225.7 208.4 199.4 181.5 169.1 151.6 141.3 132.9 124.4 112.4 106.2 102.2 98.5
202.9 203.8 205.4 205.3 205.7 207.2 207.9 208 208.2 208.7 208.8 208.4 208.6 207.9 208.3 208.4 206.8 208 208.3 206.8 204.2 204.1 203.4 202.5 203.2 203.5 204.7 204.8 206.9 206.7 204.2 202.6 200.5 197.9 196.4 194.4 191 186.6 182 172.9 172.3 170.5 169.3 167.1 164.7 165.7 165.2 167.3 170.5 169.7 169.9 167.5 162.4 163 163.6 159.2 156.6 155.9 154.2 152.9 156 154.9 153.7 152.7 151.5 152.7 154.4 160.8 178.4 189.6 173.4 162.4 149.7 137.6 124.3 115.9 110.8 107.3 103.8 99.2 93.9 89.1
201.5 202.4 202.9 203.5 202.3 204.2 204.4 204.6 204.9 205 204 203.2 204.2 204 204.2 202.5 203.5 203.7 202.2 201.3 198.3 198.3 197.3 198.4 197.8 197.7 199.6 202.8 200.2 199.3 197.7 194.8 191.8 190 187.2 182.5 177.2 173.9 167.1 158.8 156.9 154.7 152.2 152.9 152.7 151.8 151.5 152.7 155.7 158.3 158.2 154.6 147.8 144.7 143.4 141.9 141.3 140.2 138.1 132.7 137.1 134.4 135.3 132.8 131 133.6 136 139.7 149.7 152.4 146.8 134.4 120.7 113.2 108.1 102.1 97.2 95.5 96.1 93.6 87.4 82.7
200.1 201 200.8 198.6 200.3 200.3 200.5 200.7 200 198.7 198.6 199.3 200.2 200 199.6 196.8 198.7 197.8 196.1 194.5 191.7 190.2 192.1 192 190.5 190.2 192.7 193.5 187.5 190 188 186.4 183.9 180.2 174.3 168.4 163.3 158.5 151.4 147 142.9 142.1 139.9 138.6 140 139.1 137.7 139.3 144.1 149.2 144.1 137.5 136.7 133.3 130.4 126.4 127.8 127.2 123.6 120 124.6 123.1 121 121.2 122.6 124.4 122.1 121.3 124.8 124.7 122.6 115 104.9 99.5 96.7 92.5 88.7 86.3 88 85.5 81.2 77.3
199.2 199.7 196.5 195.8 197.2 196.5 196.4 195 194.3 194.4 194.1 195.1 196.2 195.9 193.9 192.1 191.7 191.2 189.6 187.1 184.5 182 185.4 185.8 182.5 181.1 183.4 185.4 176.6 180.4 178.7 177 173.1 167.8 160.4 154.6 151.6 147.4 142 136.7 131.7 129.3 129 129 130.9 131.7 126.9 128.2 132.7 135.5 130.7 125.6 122.7 122.7 118.2 115.5 114 112.9 111.4 111.9 111.1 111.5 112.2 109.4 108.8 108 106.1 105.2 105.6 104.6 101.8 99.4 95.7 90.5 86.8 84.7 83 79.8 80.9 78.8 76.4 73.5
194 194.7 190.4 190.7 192.1 191 189.3 189.1 187.9 188.8 189.9 190.6 189.5 188.8 186.9 185.6 186 182.8 180.9 179.3 177.1 175.3 179 178.3 175.4 174.2 173.3 173.8 171 169.4 166.5 161.5 158.4 155.8 149 144.5 139.8 136.2 131.8 124.5 120.6 120 120.8 121.4 122.6 121.2 119.7 117.5 117.7 117.4 120.6 118.6 115.8 111.8 106.6 104.5 103 102.7 104.7 104.1 102.5 104 101.4 100.5 98.5 97.5 96.3 93.3 93.5 93.6 92.3 91.1 89.4 83.4 81 79 75.5 74.5 75.1 74.4 72.8 70.8
188.1 187.1 184.9 185.6 186.5 185.6 183.8 184.5 183.8 183.8 184.9 182.9 182.2 181.9 180.9 179.2 177.2 173.8 171.4 171 170.5 170 171.4 170.5 166.9 165.5 162.2 163.7 161.5 156.3 154.5 150 145.3 142.6 139.3 130.3 128.6 125 118.6 112.5 110.6 110 111.3 111.7 111.9 110.9 111 110.8 112.1 113.9 114.1 112 109.4 102.5 97.9 96.6 97.7 99.7 100.8 96.6 96.6 95.8 92.9 91.8 89.5 88.6 86.3 85.8 86.7 88.9 87.4 84.6 82 79.2 77.3 73.5 71.4 72.1 71.5 71.4 67.8 67.8
183.6 182.2 181 180.3 180.8 179.4 177.7 178.6 178.2 177.1 177.3 176.2 175.7 175.8 173.9 170.7 167.9 166.2 165.4 164 159.6 160.9 163.3 162.1 159.1 156.1 153.7 152.8 151.5 146.3 144.1 140.6 138.4 133.5 128.4 121.2 117.7 113.8 110.2 103.8 101.6 103.2 103.3 104.4 104.2 104 104.7 105.9 112.1 114.1 115.2 110.3 103.5 97.2 93.9 93.6 94.9 96.6 96.5 93.7 90.5 90.2 87.1 84.6 81.8 80.2 81.4 84.3 84 84.4 82.5 78.3 77.1 76.2 73 70.8 67.9 67.4 67.7 69.7 68.9 67.2
178.6 176.5 175.5 174.6 173.6 173.3 172 171.3 170.6 169.8 170.4 170.3 167.7 166.5 164.2 160.3 158.4 158.7 158.9 155 153.7 154.3 153.6 155.3 152 148.3 145.5 144.2 143.4 138.6 134.1 132.6 131 123.9 118 112.2 108.3 106.2 101 99.4 98.1 97.5 98.2 99.5 100.7 100.3 99 101.4 107.6 113.6 116.8 111.1 100.1 93.9 90.1 88.4 88.2 91.9 91.3 88.5 87.1 84.9 82.6 81.2 78.6 77.8 79.1 81.1 81.5 81.3 79.9 76.7 75.8 72.3 68.4 67.6 66.2 66.6 67.9 69.1 68.8 67.4
172.6 170.8 170.2 168.5 169 167.5 165.5 164.6 164.3 161.4 164.1 162.9 158.8 155.9 152.9 150 149.7 150 150.4 149 146.2 148.6 147.7 147.7 144.4 140.4 136.6 135.7 133.6 129.6 125.6 122.2 119.6 113.7 109.1 104.2 100.6 97.9 95.7 95.1 95.6 93.5 93.9 96.7 98.3 99.1 97.4 97.6 106.2 111.9 109.5 106 95.6 90.3 88.5 88.4 89.6 87.9 83.7 84.1 84 82.9 81 79.6 79.2 78.1 77.7 77.4 79.9 80.1 78.7 75.7 74 69 66.2 66.3 65.6 66.6 67.2 67 66.4 66.1
166.3 164.9 162.9 162.7 161.9 160.3 159.3 156.3 155.2 153.5 153 152.8 148.7 145.6 142.9 140.9 141.9 141.5 143.1 141.5 140.5 141.2 140.2 140 136.3 133.8 130.6 126 122.6 121.2 119.5 115.3 108.6 104.3 100.7 96.1 93.4 93.8 94.8 95.1 92.2 89.6 89.5 94.3 98.9 99 96.3 96 100.8 101.9 101 96.9 91.4 89.4 89.3 88.9 92 91 86.2 82.5 82.5 80.5 78.9 78.1 78.9 78.2 77.6 77.1 78.7 77.3 76.4 74.8 72.8 68.1 66.1 65.4 65.5 65.7 65.5 65.4 65.5 65.8
160.3 158.7 157.2 154.7 154.2 153.2 149.2 146.4 145.8 142.1 142.9 140.7 137.5 135.4 135.4 134.3 133.9 134.2 134.6 133.5 132.7 133.2 132.3 132.7 127.7 123.5 121.7 117.6 116.7 115.4 116.7 108.4 102.1 97.2 91.2 87.5 88.7 91.1 92.6 93.4 89.8 87.6 86.5 88.4 92.4 93.3 92.8 93.4 92.2 89.4 90 90.1 90.4 89.9 89.4 89.7 91.1 89.6 94.5 90.3 84.8 80.5 77.1 76.1 75.7 76.1 77.6 76.3 75.9 75 73.7 73.5 70.6 67.9 65.7 65.2 65.2 65.5 65.7 66 66.5 65.9
154.5 151.9 150.6 148 148.2 144.8 142.5 140.1 134.8 131.3 132.1 131.4 129.7 128.6 127.3 126.6 127.1 126.3 127.2 126 124.1 124.3 122.7 119.9 117.7 115.8 114.7 112.8 108 105.1 108 104 98.4 90.2 87.3 84.8 85 88.2 90.5 92.2 88.3 86.7 85.6 84.9 85.9 85.9 87.7 88.7 87.9 87.7 88.5 88.4 88 88.2 88.5 89.3 88.3 88.3 90.9 90.8 84.4 81.1 75.1 74.3 73 73.5 74.6 73.3 72.8 72.9 71.8 71.7 69 66.7 65.5 64.8 65.4 65.7 65.6 67.1 66.7 66.8
148.1 146.2 143.3 140.7 140.5 137.5 135.2 131.5 128.3 123.3 122.4 122.5 122 120.1 118.8 119.1 119.7 118.7 119.2 116 113.3 114.5 112.3 109.5 109.1 107.3 106.8 104.7 99.6 95.1 96.4 99.5 91.4 85.6 85.4 83.4 81.4 86.4 86.8 90.5 88 85.7 84.6 83.7 83.8 83.7 86.5 86.2 87.4 87.5 88.3 87.6 87.5 87.8 88.5 89.8 89.1 84.9 85 83.1 82 79 75.2 74.1 73.3 72.2 71.4 71.6 71 70.3 68.7 67.2 66.5 66 66 65.1 65.5 65.7 66.4 68 69.7 70.1
143.1 140.6 138.1 136 131.5 131.6 128.6 125.2 122.1 118.7 115.4 114.3 112.5 110.6 109.8 107.9 108.4 108.5 108.3 106.6 105.3 103.9 102.7 98.9 98.5 99.2 99.2 96.2 91.9 87.9 89.3 86.8 85.4 81.5 83.1 81.2 79.7 82.4 86.3 83.8 83.6 83.2 83.4 82.9 82.7 82.8 84.4 86.1 87.1 87.4 87.1 87.4 87.5 88 87.7 90.3 92 87.4 85.2 85.1 82.8 79.1 78.7 79 76.6 74.2 71.8 68.6 67.7 66.9 66.1 65.3 65.7 66.2 65.6 65.4 65.5 67.6 68.8 69.8 71.3 71.7
137.1 134.5 131.9 129.4 128.1 124.5 122.6 120 116.8 113.7 109.4 107.8 106.6 104.5 102.1 97.5 98.1 93.3 92.2 91.9 92.2 91.3 91.3 90.2 90.7 88.8 91.5 89.7 85.6 81.9 81.2 80.5 83.6 78.3 83.4 80 78.7 79.8 80.4 82.3 82.3 82.3 82.4 83.1 81.9 83.2 83.7 86.5 86.4 87.8 87.1 87.2 88.5 87.8 87.8 89.7 89.5 85.4 84.3 88 85.4 82 83.6 80.9 76.3 73 70.5 67.8 65.7 64.7 64.7 64.5 65.1 64.8 65.1 65.3 67.1 68.1 69.6 72 72 72.7
131.1 128.6 126.3 123.3 121.3 117.8 115.1 113.3 110.7 107.4 104.2 101.7 100 98.3 92.1 87.6 88.1 84.9 82.9 81.9 83.9 80.8 81.8 80.7 79.9 77.3 77.6 78.1 76.7 74.6 74.9 75.3 88.3 75.4 76.8 77.6 77.8 78.3 84.9 84.3 82.9 82.6 82.2 82.2 82.5 83 83.2 84.1 85.9 86.1 87.2 87.3 88.4 87.6 87 87.5 88.9 84.3 81.2 80.6 80.6 82.4 87 81 75.1 72.7 69 67.4 64.6 64.3 64.3 64.3 65.6 65.1 65.4 66.2 68.4 69.8 70.6 71.4 72.6 73.3
126.2 123 120.5 117.1 114 110.3 108.3 107.3 104.6 103 99.4 96.3 94.4 91.3 85.2 80.9 77.2 76.3 76.9 76.8 79.6 75 73.8 74 74.4 69.9 70.2 70 69.9 68.5 70.2 68.3 71.5 73.5 74.5 75.8 76.3 77.6 83.8 87.1 85.1 83.7 82.8 82.8 83.4 83 83.2 84.5 86.5 88.9 88.2 87.1 88.2 86.6 87 88.5 90 87.8 84.7 80.7 79.2 79.2 84.2 79.2 72 65.4 65.5 64 64.8 65.3 64.9 65.4 66.9 68.5 69.4 72.4 70.9 70.9 71.8 72.3 73.5 75.6
121.6 118.3 113.9 109.6 107.3 104.5 102.7 101.1 99.8 97.5 94.4 88.2 85.8 82.2 77.5 70.7 68 68.7 69.6 68.7 70.7 71.2 66.9 68.5 69.8 64.3 63.3 62.3 65.4 64.4 64.7 65.4 71 73.4 78.7 79 76.5 79.4 85.4 90.1 88 86.4 85.8 85.2 83.9 83.6 84 85.2 91 90.7 88.5 88.3 86.4 86.6 88.2 91.1 91.6 90 86.6 83.6 82.8 77.7 79.7 74.2 65.5 63.5 68.8 67.6 68.4 67.9 69.8 73.6 73.4 73.8 77.9 76.9 74.2 73 72.6 76.5 75.6 77.4
118.3 111.6 106.4 102.8 101 99.8 99.3 96.2 94.9 92.8 90.4 84.1 75.8 72.8 68.3 64.6 62.3 59.9 59.2 60.7 62.5 63.6 64.3 57.8 56.1 57.3 58.9 57.6 60.2 60 59.6 68.7 72.6 73.3 81.1 82.4 85.2 82.1 84.1 84.8 86.7 89.1 90.8 91 87.3 85.6 85 85.9 89.3 89.5 88.4 88.8 85.6 85.9 87.9 89.4 90.1 90.6 86.4 86.7 87.7 81.9 74.5 70.9 63.8 67 71.6 72.5 71.5 71.6 76.7 82.1 79.4 77.5 76.8 74.1 72.4 71.6 72.2 76 77.7 80.1
110.4 102.2 98 95.8 96.1 95.9 96.1 92.9 90.9 88.8 82.5 78.6 72.1 65 61 56.9 55.2 54.9 53.8 54.4 57.5 61 63.4 53.6 53.1 55.2 54.6 54.3 56.1 55.4 57.7 72.5 79.1 82.5 89.5 92.3 92.7 86.4 85.6 88.6 86.7 93.2 93.6 96.2 93.4 88.3 87.1 85.9 83.9 87.4 86.5 86.5 84.7 85.1 85.7 87 88.8 92.2 87.3 87.2 89 82.2 78.1 70.8 63.3 66.5 70.5 71.5 74 70.1 73.7 74.2 78 77.9 73.9 71.4 71.4 72.1 74.4 81.8 83.9 83.8
101.9 96.2 92 90.8 91.9 92.8 93.4 91 87.1 81.6 75.7 72 64.2 57.5 54.9 51.7 50.1 50.4 50.2 50.5 49.6 49.3 50.6 49.8 50.2 51.6 52.3 52 52.5 50.6 62.4 77.4 90.3 88.5 98.3 95.2 97.8 92.7 88.8 89.7 90.2 98.4 100.2 97.6 93.2 89 87.9 82.8 82.3 84.7 85.4 81.7 82.9 86.3 86.2 89.7 90.6 91.2 86.9 89.8 88.8 83.2 83 74 64 64.2 68.5 67.8 71.2 66.7 63.5 63.9 64.9 66.5 69.3 73.4 75 77.3 78.9 81.4 91.4 90.8
