GeneralExemplars/GeoExemplars/data/LakeDistrict/terrain-50-dtm_3563996/ny/NY10.asc
ncols 200
nrows 200
xllcorner 310000
yllcorner 500000
cellsize 50
[rows 144 to 179 of 200, columns 82 to 163 of 200]
350.5 359.7 366.6 372.7 377.5 378.6 376.2 355 364.5 389.9 396.4 403.1 411.6 417.5 425.9 432.8 430.4 429.4 425.4 413.5 404.3 389.6 375.5 364.4 351.7 344.9 331.7 318.1 309 296.8 284.2 271 256.8 244 234 221.4 209.2 196.2 185.6 167.8 198.5 208 211.7 210.5 209.8 200.5 188.7 178.3 166 157.2 158 166.8 178.3 195.1 213.6 236 249.5 261.5 270.7 275.9 280.6 284.7 288.3 288.2 286.6 284.9 283.4 282.3 277.7 272.4 268 260.8 255.9 250.9 249.1 244.4 236.2 229.3 223.4 221.2 222 221.1
356.7 364.3 373.2 380.2 384.7 386 383.6 375 381 390.2 394.6 399.9 406.6 412.1 415.6 417.2 417.2 416.2 410.4 401.2 387 369.6 356.1 342.8 338.5 322 313.7 301.8 289.3 277.8 267.4 250.2 238.4 229.3 217.9 204.2 193 186.5 171.4 175.8 196.4 199.8 198.6 196.2 187.6 177.3 168.5 158.4 151.4 158.6 167.1 179.9 197.2 214.4 232.1 249.5 258 266.3 272.5 276.3 280.2 283.1 283.6 283.9 284.1 280.2 278.1 275.7 271.6 267.7 262 257.5 253 247.7 246.8 242.5 233.6 226.4 221.3 218.6 217.7 216.7
360.1 368.9 377.9 384.8 389.8 390.8 388.7 386.8 387 388.5 391.2 394.9 399.9 402.5 399.9 398.6 398.9 397.3 390.5 377.8 362.4 348.7 335.8 328.8 317.9 306.2 293 279.5 270.7 259.6 245.1 232.1 223 214.1 202.3 191.2 184.1 175.1 156.1 183.4 191.8 188.4 182.1 177 166.6 157.8 151.2 149.5 159.3 168.2 180.8 198.1 215.5 230.7 247.2 256.7 261.1 266.6 272.6 275.3 276.9 279.8 279.7 279.1 277.8 274.7 272.8 269.1 266.9 264.1 261.6 260.3 254.5 248.3 245.2 239.5 232.5 224.8 220.9 216.6 211.3 211.5
364.6 374.4 382.6 388.1 391.5 394.3 393.2 389.8 387 385.9 386.5 386.6 387.6 388.4 384.4 381.2 378.1 375.7 367.7 352.3 341.6 328.6 317.3 312.4 298.7 286 274 260.2 249.2 237.5 225.7 218 209.2 200 188.8 179 177.5 160.7 162.3 178.6 176.7 168.5 161.8 158.3 149.9 145.1 148.7 159.2 170.7 185 199.2 213.6 230.7 241 251.1 259.2 261.4 264.7 269.5 272.3 271.7 270.7 270.7 272.2 272.5 270.4 266.9 265.8 264.6 261.7 258.8 258.1 256.8 252.9 246.9 237.5 230.1 224.4 220.5 215 208.6 207.5
367.4 375.5 383.4 386.9 393.1 394.6 393.3 389 383.5 378.4 376.9 373.3 373.7 373.4 369.2 365.5 360.5 353.1 344 331.3 319.3 308 303.7 290.8 279.4 266.3 252.1 241.3 228 219 211.4 203.6 195 186.5 175.5 175 163.8 147.4 162.4 161.3 157.2 151.1 149.9 143.5 142.3 149 161.7 173.1 182.2 196.5 215.5 227.7 237.1 243.9 251.1 256.7 259 260.5 262 265.1 264.4 262.8 262.4 265.5 265.9 265.3 263 262.1 262.9 260 257.8 254.7 254.4 251.7 246.6 237.1 228.7 223 218.8 213.1 206.9 202.9
363.7 373.7 377.7 382.8 387.2 381.5 382.4 380.3 371.1 364 361.4 359.5 357.5 357.1 358.3 351.8 343.3 334.4 323.9 310.7 304.1 295.5 282.6 271.3 259.7 248.5 234.2 221.7 211.5 204.3 197.4 191.7 181.7 175.9 166.6 164.8 149.6 148.3 150.4 147.2 141.7 141.7 138.7 139.8 146.8 161.9 179.1 187.5 199.5 209.2 222.7 230.1 237.1 242.4 250.5 253.5 255.7 258.1 259.1 259.3 258.2 258.6 259.3 260.4 261.6 262.5 261.7 259.8 261.2 259.4 258.5 255.7 252.1 249.6 244 234.9 227.4 222.4 217.9 211.3 205.8 198.9
363.1 371.1 372.9 375.1 373.9 369.5 366.7 360.1 352.8 350.2 348.1 346.4 344.7 341 341 340 332.1 318.3 307.9 298.7 291.4 278.1 265 254.9 241.5 228.4 214.5 206.6 199.2 193.9 185.7 178.3 170.8 163.5 159.6 151.5 135.7 140.5 139.2 134.4 134.7 134.3 138.8 146.6 161.3 177.4 191.4 200.1 209.3 221.6 228.5 234 239.6 243.1 249.5 252.1 253.3 254.5 255 254.2 253.4 256.7 257.9 259.6 261.8 262.9 260.9 258.5 257.4 259.1 258.4 253.8 249.5 246 242.6 233.6 227.4 222.5 217.5 209.4 202.1 194.7
364 367 366.3 366.5 362 355.3 352.8 345 340.7 339 338.8 334.8 332.6 327.3 323.1 319.4 317 307.3 293.6 289.9 274.7 262.3 250.4 237.8 222.7 212 203.9 198.7 191.6 181 172.7 165.9 157.9 156.4 150.9 141.4 131.5 132.6 130.4 131.1 131.1 135.4 144.2 156.2 169 185.9 196.5 208.3 215.9 224.8 230.5 236.4 240.7 244.5 248.3 249.6 250.6 250.7 249.6 250.4 252.2 256.7 259.6 262.1 263.3 262.7 260.4 257.9 256.3 258.5 259.3 254.6 249.7 244.2 236.8 231.2 226.9 220.4 217 209.2 199.7 191.5
358.1 357.9 358.9 353.5 348.9 343.4 341.1 335.2 331.6 332.2 330.4 327 322.2 316.4 309.3 307.7 301.5 295.8 285.9 277 261.5 248.9 239 223.7 208.7 200.3 194.3 188.8 179.5 167.2 159.3 154.9 148.8 143.9 138.1 130.4 126.6 126.6 126.2 127.3 134.5 145.1 155.6 167 178.6 189.6 194.2 204.3 216.6 227 234.1 237.1 239.9 243.1 245.1 246.5 247.3 247.4 246.5 247.2 251.5 254.3 259.9 259.5 260.6 262.4 261.5 259.4 256.8 257.6 258.5 253 248.3 240.9 233.1 225.9 219 215.6 211.2 203.1 195.2 188.4
351.4 350.6 346.2 342.9 340.2 338.3 330.7 325 327.3 326.7 323.2 322.5 315.9 307.7 301.3 295.8 290 285.2 278 264.9 248.2 238.2 226.3 210.5 196.8 188.4 183.4 176.2 166.2 157.3 149 145 135.2 131.6 126.8 123.7 121.5 124.9 126.2 134.8 147.6 158.7 168.6 180.5 189.2 198.9 209.8 211.4 217.4 227.6 233.2 236.5 239.6 242.1 243.6 245 245.6 245.6 246.7 247.9 250.5 251.5 253.9 256.9 262.4 262.1 263.1 258.5 256.6 255.6 254.9 251.4 244.7 237.1 228.9 220.7 214.2 210 204.5 197.7 190.4 182.5
342.3 339.4 335.9 330.9 330.1 328.5 320.8 321.6 323.3 319.2 318.7 314.9 309.5 303.3 296.5 289.3 280.3 274.7 267.1 256.4 239.8 226.9 215.2 199.1 188 179.4 172 162.9 154.2 145.6 141.3 137 127.9 121.3 119.9 119.2 120.3 127.4 134.7 147.7 162.1 175.4 184.5 194.6 201.2 208.1 214.4 223.4 227.7 229.7 232.2 234.5 237.2 241.3 242.7 244.1 245.5 246.5 247 247.8 248.8 250 254.2 258.5 263 260.9 258.6 257.3 255 251.9 250.6 246.6 238.9 231.3 223.8 217.1 210.8 205 199.2 192.1 183.5 176.5
332.4 328.9 327.1 324 322.5 316.1 314.5 319.6 318.2 315.9 312.2 308.5 304.7 297.8 291.1 281.4 272.4 265.8 257.5 246.4 232.5 217.7 202.8 190.4 180.7 170.6 159.3 150.9 141.2 136.8 134.1 130.9 120.3 116.4 116.5 115.2 124 132.6 145.9 161.6 174 181.8 193.5 201 208.9 214.7 220 224.9 230.6 234.1 236.9 239.4 240.3 241.1 242.7 244.5 245.4 246.2 247.3 247.9 248.8 253.5 256.6 261 263.1 259.8 256.5 253.8 254.9 248.6 244.3 238.8 232.9 224.4 218.9 212.3 206 198.9 193.4 183.8 177.8 168.3
324.3 321.8 320.5 313.2 309.4 308.1 312.2 316.2 315.1 311.9 308 306.9 298.8 289.2 282.3 271.3 262.4 256 249.8 237.4 223.5 209.9 193 180 169.1 156.8 146.2 139.7 134.8 131.2 126.2 122.3 114 114.8 112.2 125.1 130.7 140.6 154.4 168.8 181.8 191.5 199.2 204.7 212.9 218.6 223.2 228.7 233.9 238 241.1 242 242.8 243.2 243.6 244.7 245.8 246.4 247.3 248.2 249.2 252.5 257.1 262.9 263.4 261.8 255.2 248.4 246.8 245.4 240.1 234.4 227.1 220.6 214.4 205.8 200.9 196.5 189.1 174.3 165.1 158.8
304.4 303.7 302.5 297.9 299.9 303 308.4 314.2 315.4 311.1 305.1 302.8 289.7 280.3 272.7 264.2 255.4 244.5 235.7 228.7 216.1 199.5 183.1 169.1 153.8 143.6 135 130.3 127.7 124.9 119.5 113.7 111.7 111.9 121.2 129.8 139.6 152 164.6 175.4 187.3 194.7 202 210.3 217.4 222.2 226.3 235.1 240.4 242.3 243.8 244.1 244.2 244.4 244.7 245.4 245.9 246.8 248.6 249.4 249.8 252.8 258.6 264.6 264.3 260.5 253 246.2 241.8 238.2 234.5 228.3 223.2 213.7 205.6 199.5 194.4 188.2 177.3 164.6 152.7 148.2
288.8 288 285.1 284 289.9 306.4 315.2 320.2 313.8 309.9 302.2 292.9 281.6 274 266.4 257 246.2 233.8 218.1 209.1 202.6 187.2 169.7 156.3 143.7 134.4 128.3 128.7 123.7 117.3 113.7 107.2 109.2 118.1 133.1 139 147.7 158.4 172.3 182.5 190.7 199.9 206 214.4 221 226.6 232.2 238.7 243.7 244.8 245.9 245.8 245.6 246.2 246.8 247.1 247.8 248.3 250.3 251.4 252.2 255.4 261 266.5 264.3 258.9 247.9 242.2 238.6 234.7 227.4 221.8 215.4 205.1 195.3 187.6 180.5 172.5 165.3 154.2 144.4 153.2
271.8 272.7 269.1 276.3 289.8 311.7 322.1 316 307.8 302.1 296.6 284.6 275.7 265.8 258.2 245.4 228.7 218.5 203.2 192.1 183.7 171.3 158.2 144.1 132.7 124.7 123.9 123 116.4 112.4 106.3 107.5 115.6 127.9 136 141.5 152.9 166.3 178.2 185.6 195.7 202.1 210.5 219.5 228.4 235 239.7 243.7 247.1 248.9 246.9 247.1 248.9 250.7 251.2 252.4 256.5 251.6 252.5 253.7 254.9 260.3 264.5 270.4 262 252.9 241.5 237 231.1 225.4 221.1 215.6 206 196.5 187.2 181.1 172.4 162.9 159.9 146.7 144.8 153.6
259.6 252.5 258.1 275.7 295.9 311.1 320.9 313.6 302.6 296.1 286.1 270.5 257.6 246.9 238.7 224.9 213.4 203.6 192.5 182.1 167.7 154.6 146 134.2 123 115.1 113 111.3 108.7 106.3 103.2 112.3 116.4 126 134.9 146.7 159.5 171.9 180.9 190.1 198 208.1 217 229 235.7 240.5 243.9 247 250.2 249.8 248.5 248.3 249.5 252.7 257.2 259.8 259.3 256.5 254.2 255.9 259.1 264.7 269.6 268.1 254.9 243.7 238.7 231.5 224.8 221.9 213.9 206.1 196.9 187.6 181.5 175.6 164.9 159.8 153.3 140.4 149 153.3
239 233.5 249.3 276.4 311.3 327.9 321 309.4 293.6 284.2 270 253.2 242.1 228.4 223 209.7 198.3 188.8 178.3 168 154 142.8 133.6 123.3 113.5 109.3 108.4 106.5 103.7 100.5 106.9 110.8 120.1 125 136.1 150 163.4 173.2 182.2 192.2 202.6 214.5 226.1 235.2 240.5 243.9 248.4 253.7 254.3 250.4 249.5 249.1 252.7 259.7 271.4 265.6 266.2 262.5 256.5 257.9 262.8 267.9 264.7 263 247.6 239.4 234.6 228 221.4 217.4 210.3 200 189.5 181.8 175.4 167.6 159.1 153.4 144.8 134.4 149.1 153.8
216.2 218.4 238 275.4 299.2 309.1 310.5 296.9 280.4 283.8 265.2 244.8 226.7 216.2 205.3 192.6 181 172.5 161.3 149.7 141.5 130.3 120.9 113.5 109.7 103.2 103.5 100.7 99.2 102.1 105.6 115.3 119.9 128.3 138.3 150.8 162.1 173.1 183.6 194.9 208.8 222.8 234 240.1 246.3 249.1 253.3 255.5 256.8 252.8 252.8 257.9 259 263.3 270.6 273.9 267.4 266.1 261.3 256.9 258.9 261.1 262.6 250.7 242.1 233 231.9 225.4 223.3 215 207.1 195.6 184.6 176.2 170.5 162.1 152 146.5 136.5 134.8 149.1 155
197.5 204.5 217.6 239.5 270 284.3 283.4 258.3 262.7 270.5 256.3 230.7 209.6 197.7 185.3 176.7 167.6 159 144.3 135.8 129.2 118.4 108.6 107.9 105.9 97.5 97.6 97.6 97.4 105.1 110.8 116.9 123.6 130.5 140.7 150.5 163.1 174.8 189.1 202.2 221 233.9 237.3 244.5 247.7 257.2 257 260.1 259.3 255.8 255.5 263.6 263.5 268.9 267 273.2 273.7 270.2 264.2 260.4 258.3 256.8 252.5 240.9 234.8 229.9 229.2 225.8 220.4 215 202.9 188.3 179.2 173 163.6 154 145.9 142.1 127.5 143.7 148.8 155.3
186.5 190.6 197.4 206.8 243 255.7 241.7 233.5 240.8 239 226.9 207.8 193.3 181.3 171.9 163.3 147.9 138.9 130.1 121.1 112.7 105.1 99.8 98.8 94.8 94.9 95.1 95.3 101.6 108.5 113.8 120.1 125.7 131.8 142.5 151.2 163.2 180.4 195 212.3 233.8 236.4 240.1 244.2 252.7 256.7 261.3 262.1 261.7 259.1 258.4 262.3 265.7 265.6 265.8 272 274.1 272.2 266.7 264.4 261.1 257.6 245.8 238.7 230.6 227.8 226.6 223.6 217.7 210.6 198.5 184.3 171.8 166.8 155.3 144.5 136.2 128.5 135.7 141.5 147.8 157.7
179.1 180.3 180.3 189.3 204.1 215.2 206.7 214.3 216 217.9 202 187.4 176.9 165.1 154.5 142.8 129.1 122.3 114.5 106.7 99.6 94.7 92.5 92.8 92.5 93.1 93.8 95.9 102.4 108.5 114.9 124 130.3 137.4 147.8 157.1 169 185.7 208.9 227.8 235.4 239.4 242 246.3 256.9 261.4 263.4 264.9 266 262.8 262.3 265.6 268.4 270.3 271.9 272.2 269.6 266.8 266 266.3 267 253.6 244 235.4 228.5 226.8 224.6 219.4 214.4 206.1 196.2 178.1 168.6 157.5 146.9 132 122.3 128.5 137 143 150.9 159.5
173 170.4 169.7 174.4 181.2 183.9 182.2 183.5 191.5 199.7 176.3 167.1 156 143.8 132.1 123.3 116.9 109.7 103.2 94.7 91 88.9 89 90.3 91.1 91.3 91.5 97.8 105.2 112.8 119.7 126.5 133.9 142.7 155 162.9 173.6 191.9 220.3 234.2 239 242.9 246.5 251.5 266.6 263.7 267.6 267 268.9 266.5 265 264.9 269.9 271.3 271.3 271.3 268.8 266.8 266.3 269.3 263.9 255.2 241.5 232.5 232 229.5 226.5 219.3 212.5 205.6 194.4 172.8 159.1 148.6 133.9 118 126.6 134.1 137.6 142.4 150.2 159.6
167.2 165.4 161.7 163.1 163.9 160.6 162.2 162.9 159.1 154.3 151.5 145.8 134.9 125.7 120.7 114 106.5 100.2 96.7 91 86.2 86.6 87.8 89.2 90.2 89.6 95 101.4 108.8 118 127.7 135.7 142.3 150.1 159.5 169 183.8 200.4 219.9 236.4 239.4 243.6 247.5 252.1 256.8 262.6 269.9 270.9 270 269.8 269.5 270.7 274 275 273.9 270.8 272.3 275.2 270.6 263.2 260.5 251.5 239.3 231.1 237.7 233.9 223.8 219.6 209.3 196 186.5 164.4 149 137 122.7 115.3 128.2 132.5 137.7 143.4 150.9 164.1
161.2 162.2 159.2 154.1 151.1 147 144.6 142.5 139.7 135.6 130.4 127.7 121.8 117.2 112.5 107.1 102 98.2 91.8 86.6 84.5 85.9 87.2 88.1 88 91 98.6 105.9 114.7 125.2 137.4 144.1 148.7 152.8 164.2 175.6 191.4 210.4 221.1 227.5 236.1 246.7 249.1 252 254.5 265.6 274.6 278.3 273.3 270.4 271.5 281.9 279.7 278.3 271.9 269.3 271.1 274.8 270.2 264.8 257.9 249.1 234 230 231.3 233.4 223.1 215.4 205.9 190.7 169.8 153.4 140.4 127.2 111.6 117.7 126.3 132.2 138.9 147 158.8 171.6
157.1 156.7 156 151.2 147.6 143 137.9 134.1 129.8 126 121.6 115.6 110.7 107.3 103.5 101.1 94.7 87.3 84.7 82.9 83.7 84.7 86.2 87.3 88.8 93.2 101.2 112.3 121.6 133.7 146.2 151.8 155.7 160.1 170 184 195.5 210.4 220 226.9 241.3 246 248.5 255.5 257.8 264.7 274.8 281.2 272.3 270.9 274.3 283.2 284.7 275.6 274.1 267.5 268.5 270.4 273.2 269.3 256.3 252 235.4 223.4 225.7 225.1 222.7 213.3 192.3 170.4 155.5 143.7 131.5 120.7 109.2 115.4 121.9 131.7 138.5 152.8 168.9 174.6
151 150 147.9 144.6 143.3 136.8 130.8 126.4 121.8 117.5 110.9 106.1 102.4 99.9 98 91.5 87 81.2 81.5 82.1 83.2 83.8 84 90.3 96.6 99.5 105.6 114.9 129.1 142 152.7 157.9 170.4 176.9 187.1 194.7 203.8 213.8 223.3 230.7 242 247.6 251.7 256.7 259.9 258.6 263.3 268.7 267.9 272.8 273.4 277.5 282.5 278.2 272.5 268.1 267.2 268.4 271 267.1 262.6 256.1 240.4 220.3 219.5 216.8 211.2 196.6 174.3 153.1 146.4 133.6 123.2 109.1 106.1 114.8 126.2 129.4 140.8 156.1 164.4 165.4
150.2 141.4 139.3 138 133.6 130.6 121.2 117.3 113.1 108 104.1 98.4 97.1 93.2 88 84.6 79.3 79.5 80.5 81.3 82.4 84.3 88.3 95 100 104.7 112.1 123 136 148.2 159.8 178.6 184.9 191.7 199.4 208.7 212.6 217.8 224.1 236.1 241.3 247.1 260.2 262.4 263.8 257.9 257.4 257.1 263.3 264.7 270.1 280.4 279.4 273 277.5 276.4 272.9 267.7 262.3 262.1 267.9 259.9 240.1 220.2 208.6 203.3 186.3 174.2 148.8 146.3 136.7 121.5 115.2 101 105.5 114.3 123.1 125.2 135 148.5 148.8 142.7
139.9 134.3 132 128.1 123.4 117.8 112.5 110.1 107.3 101.9 98.5 90.3 83.8 80.5 78.6 77.1 76.1 77.9 79.1 82.7 86 88.8 90.9 98.1 104.6 109.6 120.2 134.4 148.3 159.5 174.3 192.1 194.2 199.4 206.6 216.5 222.6 223.7 225.4 237.6 245.2 254.1 255.1 259.1 256.6 251 253.2 252.4 257.5 255.2 259.7 269.8 273.2 274.9 284.8 286.6 273 266 262.4 269.9 267.3 245.8 226.7 214.8 190.4 178.7 163.8 149.6 136 131.6 124.5 112.2 104.3 96.7 99.3 108.4 113.3 117.6 124.6 128.8 126.1 124.8
131.6 125.5 121.6 117 112.2 110.2 107.8 105.5 100.9 93.5 89.4 79.9 76.4 74.8 75.4 75.5 76.6 78 81.3 84.8 88 92.7 97 103.5 113 121.7 132.8 144 159.4 173 187.1 194.9 196.4 201.1 209.8 222.4 225.1 222 225.4 236.6 244.7 248.3 250.6 245.4 250.1 251 251.5 249.3 241 239.1 250.6 263 263.1 274.1 281.2 280.8 276.2 267.2 267.6 267.6 255.1 233.6 213.7 197.4 180.3 154.5 138.1 122.4 115.2 113.1 108.5 97 91.5 87.6 92.4 98.8 103.9 105.6 112 114.6 110 115
125.3 118.1 114.5 109.8 110.7 105 103.2 99.6 93.3 83.7 79.3 75.1 73 73.9 74 74.4 77.6 81.7 84.5 91.8 97.7 102.1 106.9 112.6 126.4 140 149.9 159.1 172.4 184.9 196.8 200.5 200 203.9 207.6 217.1 216.8 218.2 220.1 222.3 225.1 231.1 235.3 237.1 239.8 246.8 247.1 242.8 233.6 227.6 230.6 245.7 244.7 270.2 279.5 277.6 271.5 269.4 260 256.3 236.6 210.8 192.9 172.7 148.9 131.9 117.5 103.3 97.8 96.5 90.5 86.2 80.6 82.3 88.1 95.3 98.2 100.9 104.7 102.2 95.7 97.6
121.5 114.6 108.3 105.7 102.5 99.8 97.7 91.3 84.6 78.4 73.1 71.6 70.6 72.9 76 78.1 82.9 88.7 97 105.2 110 113.7 118.8 123.4 136.6 150.7 161 172.4 186.3 192.2 204 203.9 204.5 208.1 208 211 215.4 222.9 221.5 221.6 221.9 222.4 228.4 228.6 233.6 238 236.9 233.7 230.2 224 224.4 226.2 244.9 277.4 279 271.9 274.9 271.3 264.6 240 213.3 184.4 164.5 149.8 129.9 114.4 102.4 86.8 81.8 78.5 77 75.5 76.8 80.7 85.2 90.3 92.5 95.5 101.5 91.1 85.7 88.7
113.2 104.3 103.5 101.7 99.2 96.3 94.1 85.6 76.8 69.7 68.6 70.5 72.7 77.9 82.3 90 97.4 105.1 112.4 119 123.1 126.8 130.4 135 144.1 158 169.4 185.2 196.4 201.9 207.2 215 217.1 210.1 209.5 213.9 215.4 218.4 221.7 222.1 222 222 221.9 222.1 226.3 230.4 229.1 228.5 227.5 220.8 218.3 225.8 256.1 270.4 258.3 267.8 267.7 261.6 250.2 225.1 190.1 162.7 141.6 122.9 107.9 100.4 93.8 76.7 70.2 66.7 66.1 63.3 69.2 71.2 75.4 80.8 80 82.3 82.4 76 73 73.3
104.4 98.6 98 94.7 92.2 90.3 82.9 75.6 67.5 67.9 68.5 72.9 82.1 97.4 103.6 108.4 116 123.7 129.8 133.4 136.7 140.3 142.6 146.6 154.1 166.8 180.4 195.9 204.3 208.3 213.9 213.7 214 210.7 212.7 217.7 213.2 217.4 224.1 227.4 222.1 221.9 221.9 222.5 225.7 230 231.5 226.7 224.8 213.9 213.9 220 235.9 246.4 256.8 259.4 260 244.2 226.5 195.8 167.3 140.6 122.1 106.7 89.6 81.5 77.1 66.4 61 57.9 57 60 60.1 61 62.4 63.9 65.2 67.8 67.9 61.4 60 60.4
97.4 91.6 86.4 83.9 81.4 77.2 72.2 65.7 66.9 70.7 76.7 85.6 97 110.8 117.7 122.2 128.7 137.2 142.9 146.9 148.6 154.3 156.8 157.9 164.3 172.4 184.8 196.2 205.1 210.5 212.6 210.7 209.8 209.6 214.2 209.4 211.9 221.6 223.8 227.6 224.4 221.9 222.9 231.2 237.5 231.1 225.9 220.6 213.9 213.9 213.9 213.9 225.8 230.3 241.3 240.1 233.3 224.1 200 168 142.8 122.7 105.9 86.9 78.3 66.2 61.1 58.8 55.3 56.2 58 58.7 58.2 57.8 57.5 58.7 59.1 59.8 58.6 58.2 58.7 59
88.6 84 78.2 72.2 69.7 69.7 67.8 67.9 73.8 79.7 89.2 96.7 111 120.7 128.5 134.1 138.2 145.8 151.4 156.6 160.2 164.5 171.2 174.5 174.6 183.6 193.4 204.6 208.3 216.6 220.2 210.8 210.6 212 205.3 206.9 213 224 225 225.4 225 223.1 223.2 225.2 228 230.6 224.6 217.7 213.9 213.9 213.9 217.5 229.7 237.2 231.3 229.7 216.2 193.9 158.9 141.4 122.8 101.6 84.7 74.9 64 56.9 54 53.4 55.1 55.6 57.3 57.5 57.2 57.4 56.2 56.3 57 57.7 58 58.6 60.1 61
