GeneralExemplars/GeoExemplars/data/LakeDistrict/terrain-50-dtm_3563996/ny/NY10.asc
ncols 200
nrows 200
xllcorner 310000
yllcorner 500000
cellsize 50
[rows 108 to 143 of 200, columns 82 to 163 of 200]
92.2 95.6 96.3 98.7 102.9 102.9 92.5 82.7 74.8 70.5 71.3 62.7 62.7 62.7 62.7 62.7 62.7 62.7 62.7 62.7 62.7 62.7 69.4 93.7 115.8 135.7 154.3 178.5 197.8 222.4 248.7 273.8 297.4 323.5 375.7 429.5 470.5 505.2 505.3 523.4 560.5 566.2 572.9 574.9 572.3 572.5 574.4 576.9 579.1 584.9 585.4 583.8 580.1 573.4 568.4 561.9 553.1 545.8 535.8 522.7 509.6 496 478.7 465.7 451.9 441.3 430.6 419 410.6 399.7 388.8 377.7 363.4 346.2 330.3 316.6 303.7 294.8 282.6 275.2 267.1 262.8
97 101.1 100.7 100.2 102.1 99.3 87 77.2 68 65.3 62.7 62.7 62.7 62.7 62.7 62.7 62.7 62.7 62.7 62.7 62.7 62.7 86.3 114.4 140.8 163.4 183.6 204.9 229.4 253.2 277.8 303.4 326.2 354.5 376.8 446.7 500.5 513.4 544.2 555.2 561 564.4 566.1 564.1 562.7 565.3 566.7 569.2 572.5 577.3 579.8 580.7 575.6 569.1 561.1 553.4 541.9 532.6 520.7 509.4 494.8 480.1 465.6 451.7 441.8 431.8 421.3 413.2 406.4 396 386 373.3 361.1 345.1 328.2 315.8 301.8 291.5 280.8 273 265.8 259.7
100.2 106.3 107.7 106.3 100.2 94.4 81 68.9 64.4 62.7 62.7 62.7 62.7 62.7 62.7 62.7 62.7 62.7 62.7 62.7 62.7 71.3 103 135.4 162.8 189.2 213.4 232.3 257.2 283.1 327.7 332.6 356.4 384.5 418.8 459.1 505.2 519.9 535.1 544.6 550.5 554.8 554.8 553.5 553.7 554.9 557.1 559.8 560.5 569.5 573.5 576.1 569.3 563.1 554.5 540.3 529.2 514.6 504.5 491.4 479.6 464.4 449.5 437.7 428.3 419.8 411.8 405.5 400.2 392 383.1 371.9 360 342.3 326.9 311.1 299.1 288.2 278.2 269.1 260.5 257
103.2 106.1 105.6 99.9 93.2 87.3 78.4 67.4 62.7 62.7 62.7 62.7 62.7 62.7 62.7 62.7 62.7 62.7 62.7 62.7 76.8 85.6 114.2 149.8 185.2 213.9 239.4 265.2 303.3 316.2 359.8 402.3 391.4 412.4 440.5 475.8 506.6 515.6 523.9 532.5 536.3 539.7 540.3 540.9 540.3 542 546.3 548 552.1 559 564.3 567.7 563.3 557.3 546.3 531.9 514.7 499.4 482.4 474.2 461.9 447.9 434 424.5 414.4 405.7 400.4 397.2 392.5 385.5 380.6 368.5 355.8 335.9 321.3 306.4 294.7 283.3 274.3 263.9 257.9 255.9
115 112.9 98.9 91.6 85.3 78.3 72.9 65.7 62.7 62.7 62.7 62.7 62.7 62.7 62.7 62.7 62.7 62.7 65.8 83.5 95.8 112.1 136.7 169.6 224.4 248.5 265.7 291.3 320 363.5 397.2 429.5 460.4 446.4 475.5 506 509.6 512.4 514.5 520.2 522.6 522.7 524.2 527 525.7 528.1 533.3 536.8 540.7 544 552.4 555.2 553.2 544.7 530.8 514.1 496.7 481.1 468.2 455.3 444.6 431.2 420 409.4 400.1 393.3 387.7 385.7 381.2 379.5 373 362 347.3 330.3 313.9 298.6 288.1 274.8 270 260.6 255.8 255.9
120.4 110.8 94.7 83.1 76.9 70.8 68.5 64.2 62.7 62.7 62.7 62.7 62.7 62.7 62.7 62.7 62.7 65.8 79.2 98.2 121.8 137.3 158 194.6 273.1 328.1 293.4 318 351.2 376.8 416.6 466.8 487.4 495.8 500.2 504.7 507.4 508.2 509.7 512.3 513.6 513.1 512.7 511.6 512 513.6 518.9 523.6 526.6 528.9 531.2 532.1 529.7 521.1 509.3 492.9 477.1 462 446.2 437.5 426.5 415.9 404.5 395.5 387.5 379.7 372.5 369.5 370.6 365.7 366.2 350.9 336.1 322.9 307 291.9 284.7 272.4 265.3 258.9 255.9 255.9
106.6 101.5 85.4 75.5 70.9 68.8 77.2 68 62.7 62.7 62.7 62.7 62.7 62.7 62.7 62.7 62.7 83 99.3 113 142.2 165.2 188.6 236.3 303 341.9 347.1 370.8 379.4 414.6 454.6 480.3 489.1 492.7 497.6 500.7 504.1 505.4 505.1 507.1 507.2 503.9 501.6 499.7 496.8 498.9 503.9 507.4 509.5 509.4 506.9 507.3 502.3 492.9 483.3 470.4 456.9 443.6 429.4 419.5 410.1 399.8 390.4 381.4 373.6 363.4 357.2 354 352.3 355.9 350.1 336 326.8 314.3 301.4 287.8 280.6 267.6 259.7 256.5 255.9 255.9
88.1 85.1 75 69.7 68.6 69.4 73.4 74.3 66.8 62.7 62.7 62.7 62.7 62.7 62.7 62.7 70.5 94.8 120.1 139 160.2 188.7 206.5 279.8 317.7 376.5 423.3 427.3 428.7 480.6 482.9 482 488.6 492 495.5 497.4 499.3 500 501.6 502 500.7 497.1 492.7 487.4 479.2 483.1 487.1 489.3 490.6 488.3 483.5 479.4 473.6 465.7 456.9 445.8 434.3 421.9 409.9 402.1 394.1 386.2 378.3 369.5 361 350.6 344 341 337.8 340.3 328.8 320.9 315.5 303.1 293 281.6 271.7 264.4 259.6 256.1 255.9 255.9
75.3 71.8 71.3 67.5 67 68.6 70.3 70.2 72.1 66.4 63 62.7 62.7 62.7 62.7 62.7 73.4 103.7 136.6 165.7 192.8 233.3 265.4 257.9 310 369 402.9 437.8 468.2 479.3 480 481.5 484.9 489.1 492.3 493.5 494.8 494.6 495 494.6 492.2 488.7 483.5 475.7 459.8 465.4 468 469.1 467.3 466.5 460.3 453.3 446.8 438.4 430.5 420.1 410.3 400.9 393.8 387.6 382.5 377 369.5 361.6 352.1 343 335.7 329.3 328.4 322 315.7 310.8 304 295.2 286.4 276.7 266.5 263.2 260.3 255.2 255.9 255.9
63.7 66.9 66.2 66.9 68.3 69.5 70.6 72.6 70.4 71.2 68.8 62.7 62.7 62.7 62.7 62.6 85.8 122.3 155 193.1 207.8 255.6 299.6 328.1 359.2 375.3 368.9 403.7 463 476.2 477.4 479.4 481.4 485.3 486.8 488.5 487.9 487.1 486.2 485.7 481.3 477.6 473.1 461.6 440.8 446.4 448.3 449.5 447.5 443 435.7 426.3 419.1 410.1 403.7 396.6 390.9 386.2 380.6 376.9 373.7 371 364.4 356.6 347.9 339.3 331.5 323.7 315.2 309.9 305.4 300.8 295.1 286.3 280.5 272.6 261.5 260.3 258.9 255.9 255.9 255.9
59.8 61.6 65.6 69.3 69.9 70.5 71.1 75.7 69.1 69.2 68.1 62.7 62.7 62.7 62.7 69 101.7 144.5 177.4 229.3 247.1 253.9 321.9 393.8 427.3 438.8 436.7 455.7 474.5 475.5 476.5 477.8 480 481.6 482.9 482.4 481.2 479 476.8 473.7 470.3 465.8 459.3 446.9 429.4 421.6 430.1 429.9 426.7 419.2 409.8 403.3 394.7 386.8 382.7 378.8 375.8 373.6 372.6 373 369.8 365.8 362.1 353.8 345.8 337.9 328.9 319.6 309.2 301.2 298.5 292.5 284.9 281.1 274.2 269.7 258.8 257.4 257.4 255 255.9 255.9
59.2 62.9 66.6 69.6 70.2 69.3 69.5 73.6 66.3 65.5 62.5 62.7 62.7 62.7 71.2 88.7 120.1 167.4 210.2 255.3 286.4 326.9 309.5 370.6 423.9 468.1 481.4 483 484.9 479.8 478.9 479.3 478.4 478.5 477.7 476.9 474.5 470.5 458.2 458.3 456.4 451.8 443 432.3 415.1 401 411.1 409.5 405.5 399.2 392 383.9 376 370 368.4 366.8 364.5 364.8 368.4 370.8 369.9 366.2 361.4 353.4 344.7 338.4 329.5 316.4 305.3 296.9 286 281.8 276.3 272.9 268.3 262 259.3 257.9 257.9 258.4 257.7 258.5
59.3 59.8 67.3 69.7 68.7 70.9 74.3 68 62.3 62.7 62.7 62.7 62.7 79.7 97.2 113.3 141.8 185.5 255.5 296.6 329.5 350.5 358.1 373.2 400.6 466.7 485.4 482.1 482.2 481.8 479.8 479.8 479.9 478 475.6 473 468.9 459.8 449.2 430.2 435.2 429.8 422.8 414.8 398.5 380.5 395 392.4 387.8 382.8 374.8 369.3 361.4 356.8 356 355.4 357.4 362.8 369.4 371.2 369.8 365.7 360.5 353.7 345.7 338.5 328.2 318.5 305.2 289.7 283.4 273.2 268.6 262.2 260 259.3 259.9 258.4 260 261.6 266 270.9
59 59.2 64.4 68.8 69 68.9 67.3 62.2 62.7 62.7 62.7 62.7 69.9 92.3 117.8 137.3 164.5 208.6 294.7 339.3 363.6 391.4 412.9 416.1 423.2 455.7 480.4 480.5 479.7 480.1 484 480.4 479.9 478.5 475.4 471.5 463.3 456.3 445.4 421.5 408.8 397.5 396.5 393.2 382.1 368.3 380.4 378.3 373.8 367.7 361.8 356.6 350.9 347.6 345.6 345.7 352.2 362.2 368.4 370.2 368.4 364.8 358.7 351.7 344.5 336.7 326.3 315.7 301.3 284.4 269.3 263.4 239.8 254.1 257.1 260.1 260.8 260.2 264.1 269.8 275.2 281
59.9 59.6 62.2 66.5 68.3 69 64.3 60.8 62.7 62.8 64 74.6 87.2 107.8 130.4 157.4 185.4 226.9 321.3 368.6 393.1 436.9 452 467.5 469.9 478.4 481.3 481.5 479.7 479.8 480.6 478.6 478.2 477.6 475.5 471.2 468 459.6 447.8 435.2 416.1 395.2 368.8 370.7 363.9 357.7 367.6 367 362.7 355.4 349.6 344.9 341.1 338 337.1 343.6 354.7 363.3 368 368.5 366.4 362.9 356.4 350.8 344.4 336 322.2 306.4 292 274 258.1 237.3 227.3 251 254.5 260.5 262.4 263.9 272.6 278.4 283.5 290.7
62.2 62.3 61.1 63.1 66.2 65.7 62.1 63 70.1 72.8 78.9 97.3 112.8 128.2 151.7 178.7 216.7 263.2 329 390.1 423.6 456.3 484.2 511.1 497 489.8 487.5 483.6 480.2 477.8 477.2 476.2 475.1 473.9 472 470 467.3 461.3 451.3 438.1 422.6 399 373.8 344.1 337.5 353.8 355.9 354.2 349.8 343.7 337.7 333.9 330.8 328 334.1 345.1 354.9 362.5 366.6 365.1 363.5 360.8 353.5 348.5 341.6 332.3 318.3 298.7 279.7 263.1 241.9 225.2 234.1 245.1 254.3 263.7 268.3 277.9 288.2 297.9 298.4 297.1
66.1 65.7 65.2 62.3 61.9 61.6 64.8 71.8 83.2 91.8 103.4 120.8 141.9 157.7 177.9 212.4 262.1 296.8 305.8 389.3 429.4 485.5 509.2 517.3 509.6 499.3 487.4 482.6 478.4 474.9 472.4 470.9 469 467.6 467.1 465.3 462.7 455.9 447.1 434.7 418 398.2 371.1 342.8 332 343.1 345.5 343.5 337.9 331.3 327.2 323 320.5 326.5 338.6 347 352.9 358.8 362.9 361.9 360.4 357.4 353.4 347.1 339.4 323.2 304.7 284.5 264.1 247.4 224.5 228.8 242.1 250.6 258.4 267.8 286.1 296.3 301.9 305.9 304.4 301.1
70.1 71.4 70.9 70 67.9 65.2 74.4 84.2 98.3 115.3 127.2 146.2 170 188.9 212.7 256.3 307.9 357.9 376.9 367.9 430.5 482.4 513.7 520.4 513.7 502.4 490.8 480.1 475.8 471 466.7 463.5 460.6 460.2 458.6 457.1 453 446.5 437.7 424 408.2 390.7 365.1 336.8 317.3 333 334 330.9 325.4 321.9 318.4 311.9 319.2 331.9 339.3 346 349.7 352.7 355.6 357.3 357.9 354.1 350.4 344.7 332.5 312.3 291 267.5 244.6 224.9 227.9 244.6 257.4 264.4 273.1 282.2 288.9 299.3 307 307.3 306.4 303.2
76.3 77.7 78.7 76.1 73 71.3 79 98.6 114.2 132.5 149.6 172.8 194.7 220.1 246.7 317.8 337.9 385 421 446.9 461.4 473.6 512.8 518.1 511.9 503.3 491.3 480.6 473.6 466.9 455.8 450.4 448.1 448.3 448.8 447.8 442.9 435 424 412.1 397.2 378.4 354.3 327 307.4 323.8 323.7 318.8 312.7 309.4 304.5 311.6 322.6 333 339.1 343.8 347.2 348.6 350.8 351.5 351.8 348.7 345.8 335.4 316.7 294.4 273.2 247.7 226.9 225.1 244.2 257.8 271.4 285 294.6 301.6 306.2 310 310.5 309.4 307.2 304.5
82.8 85.8 85.9 82.6 84.4 84 94.5 117.6 139.1 154.2 184 193.8 221.9 247 285 331.3 392.4 410.3 447.8 484.9 514.8 510.4 515.6 516.7 509.9 502.1 488.5 478.5 470.1 460.9 441.9 430.9 432.9 434.7 434.8 433.1 428.9 420.9 411.8 399.7 385.7 365.9 343.4 314.7 299.1 314.1 312.2 306.6 303.1 295.4 301.5 318.2 324.7 329.9 337.3 339.7 342.5 344.7 345.5 346.2 344.2 340.8 336 320.8 298.7 276.3 251.1 228.2 219 240.1 260.4 273.7 287.9 307.1 312.8 313.3 313.3 313.4 311.8 309.8 307.3 304.2
88.1 94.1 93.1 91.1 99.8 101.7 115.9 139.5 163.1 182.6 208.5 224.1 249.7 280.3 328.2 376.4 409.5 446.7 476.4 514.8 529.9 524.6 522.6 515.2 509.2 499.9 487.8 476.4 465.1 453.4 439 416.7 411.1 419.2 419.7 419.2 415.6 408.2 399.9 387.5 373.6 353.8 331.9 300.1 295.2 303.5 301.3 295.2 289.3 292.1 309.8 317.3 322.3 327.4 332.3 334.6 336.7 338.8 339.9 340.1 337.8 331.8 320.6 301.7 278.1 255.3 227.5 216.2 242.5 262.2 279 293.8 308 318 320.5 319.8 316 315.2 313.5 310.2 307.1 303
93.2 101.6 104.4 101.7 114.2 122.6 141.4 161.3 185.2 208.6 236 246.6 272.5 300.7 348.7 400.6 439.4 476.9 501.7 525.7 532.6 528.6 525.1 518.6 511.2 502.5 490 475.6 462.9 450.1 435.2 413.4 387.5 401.7 404.8 404.2 403.2 397 386.1 374.2 359.8 342.6 321.2 292.7 283.8 291.3 285 276.5 286.9 306.6 313.2 316.7 320 324.1 326.4 327.6 329.1 331.3 331.8 331.1 327.2 315.6 300.9 279.9 256.5 233.6 214.7 237.8 264.8 283.1 297.7 313.8 319.6 324.3 324.7 321.7 318.1 316.3 313.9 309.5 305.8 302.3
99.8 110.9 115 122.2 137.5 146.7 165.5 187.8 213.9 238.9 271.5 269.5 293.4 331.2 371.5 413.5 465.1 489.6 511.9 521.6 529.1 532.3 528.2 518.8 512.6 504.7 490.3 474.2 462 448.4 434.3 416.2 391.4 378.2 391 391.2 390.3 383.5 375.1 360 346.6 330.6 309 284 270.3 275 264.8 278.8 297.5 307.4 310.9 312.6 315.7 318.9 320.3 320.7 322.6 321.3 319.6 314 305.5 294.3 276.8 256.1 234 213.6 233 259.1 279.9 294.3 313.5 325.1 328.8 329.4 326.7 322.9 318.7 316.3 313.3 309.2 304.7 299.9
113.7 124.2 130 149.4 164.5 169.6 185.1 213.8 241.5 269.1 299.8 304.6 318.8 358.7 385.9 429.6 468.8 491.2 509 520 529.2 531.2 529.4 518.2 513 506.9 490.2 476.6 460.8 445.8 429.9 414.1 393.2 367.5 374.2 377.3 375.9 370.4 360.5 347.1 332.7 317.3 296.2 273.5 259.7 255.2 269.5 289.9 302.3 305.6 306.8 308.3 310.5 311.3 312.6 313 312.5 308.8 301.7 292.7 282.4 270 254.6 230.5 210.7 218.5 243.9 266.7 286.9 296.2 317.5 326.7 332.1 330.8 325.9 322.3 318.8 315.5 312.1 307.6 302.2 298.4
137.3 150.3 162.2 166.6 193.1 200.5 209.7 231.6 260.1 290.5 318.7 330.7 347.8 374.9 405.8 437.4 469.9 489.5 505.5 515.7 528.5 527.2 528.1 518 511.8 504.3 490.2 475 463.7 447.3 432.3 413.5 386.5 356.4 347.7 350.1 352.9 350.8 344.5 333.8 318.6 303.9 282.2 261.4 245.9 259.8 280.7 297.9 302.6 301.6 302.1 303.5 303.9 303.5 303.3 302.2 298.7 290.5 282.7 269.8 258.9 247.2 231.3 206.7 207.8 234.8 258.8 278.5 292.3 302.7 314.2 319.9 329 326.8 323.1 320.2 317.2 313.7 310.2 305.5 299.9 295.2
168 180.8 189.4 185.7 209.3 224.3 237.8 248.2 271.4 307.9 329.4 347.8 366 390.4 416.4 443.1 469.4 488.6 501.8 516.9 524.4 524.6 522.2 514.9 506.8 499 486.4 474 463.6 448.7 433.6 413 389.9 364.4 336.9 317.4 321.6 320.2 320.1 316.7 303.9 287.7 266.3 246.5 242.8 267.9 289.6 297.1 298.3 296.7 296.4 296.5 296.1 293.6 291.3 287.1 281.7 270.5 260.4 249.9 236.8 225.4 211.3 198.5 222.8 240.8 262.4 282.6 302.6 309.3 313.7 318.8 323 322.6 320.1 317.8 314.4 310.4 306.8 301.6 296.7 292
202.4 211.2 217.4 208.5 224.9 245.1 257.5 275.8 280.6 310.7 337.4 359.5 380.9 398.7 421.3 447.7 468.5 487.3 500.3 510.2 518.3 520.5 516 509.6 500.2 492.2 483.8 472.2 458.1 443 430.1 411.3 393.7 372.6 351.8 327.6 302.8 282.3 290 296.9 286.5 269.8 250.6 234 254.8 279 293 293.3 293.6 292.2 290.2 289 287.7 282.4 275.7 268.3 261.8 251 238.4 229.3 215.3 205.4 195.6 213.2 233.1 252.3 271.7 293.3 304.9 313.7 319.4 319.2 320.1 320.2 318.6 315.6 310.9 306.2 301.2 295.2 291.2 287.1
240.8 242.6 249 231 211 256.9 279.6 295 312.3 308.2 345.6 371.7 389.1 404.6 422.2 444.7 467.3 483.8 494.8 503.6 508.5 511 507 500.5 491 483.7 475.9 462.3 450.1 436.2 421.4 406 392.4 372.3 355.4 336.5 320.5 298.9 268.1 270.9 270.9 254.9 232.1 239.7 264.8 285.8 288.5 288.7 285.8 284.6 282.6 280.6 277 267.2 257.9 248.7 237.6 230 217.9 204.5 190.8 193.4 208.6 226.9 248.5 268.7 288.4 301 306.9 312.6 318.3 318.5 317.7 317 313.4 309.2 304.4 299.5 292.8 288 284.3 280.5
276.3 274.8 274.7 261.5 228 243.3 294.4 312.5 327.7 342.5 359.1 377.5 393 408.2 426.2 445.9 465.6 483.2 493.9 496.7 501.5 500.4 494.4 487.7 482 471.5 463.7 452.9 440.1 426.3 413.7 399.8 387.1 368.5 351.8 334.8 319.5 298.5 275.7 246 254.7 237 222 247.8 271.1 280.5 282.9 283.2 277.9 274.9 272.7 269.3 259.4 247.7 235 228.9 219.3 208.4 195.4 189.6 201.4 212.1 224.2 241.7 265.1 283 297.4 303.7 307.3 311.7 314.7 315.2 316.1 311.8 307.5 304.1 295.8 289.2 285.6 280.7 276.2 270.9
290.2 292.7 291.1 288.2 252.9 248 305.5 326.3 338.8 354.6 368.9 384.4 399.9 412.7 428.6 446.5 464.2 479.3 488.9 493 489.9 485.9 482 475.7 467.9 462.2 451.5 440.5 426.3 414.9 402.9 391.1 375.9 362.4 347.6 331.1 312.6 290.3 271.2 250.2 232.1 220 228.3 251.7 265.1 273.3 274.3 272.4 268.9 266.7 260.6 255.6 242.3 230.4 220.4 209.6 199.9 190.7 186.8 198.3 210.3 223.9 240.4 256.4 275.8 289.7 296.9 302.7 309.7 315.8 314.2 312.2 314.3 309.3 299.2 289.6 282.8 277.2 277.1 274.7 269.3 262.9
302.3 306.4 307 309.1 292.4 256.2 301.3 336.2 350.1 363.3 377.7 390.9 404.5 416.8 433.3 449.3 462 473.8 483.4 484.9 479.7 472.6 468 463.1 456.1 449.1 438.4 423.6 410.9 399.9 390.9 377.7 364 351.9 337.6 321.3 302.7 280.9 263.8 245.5 225.6 209.6 233.7 251.2 257.9 261.1 262.3 262 261.3 255.6 249.9 235.8 224.7 213.6 202.2 191.5 183.4 187.4 198.5 208.7 221.1 234.9 255.8 272.4 283.1 292 297.1 303.9 311.1 314.9 312.5 308.3 301.7 291.9 282.3 276.5 270.5 265.3 267.9 267 261.6 255.1
314.1 319.2 321.6 324.3 317.7 279.1 291 342.1 358.2 371.6 385.9 395.8 408.5 421.8 438.7 451.6 460.6 469.6 473.3 469.9 462.9 459.9 456.8 449.9 441.2 434 419.6 405.2 395.9 386.9 375 360.5 348.9 334.9 322.9 308.8 289.5 268.6 250.9 233.2 217.4 206.4 233.8 243.8 248.2 252.2 253.4 255.6 253.8 244.8 231.2 219.6 207.7 195.7 181.8 178.6 185.6 198.3 207.3 221 237.9 252.4 268.4 277.2 287.2 293.9 295.7 298.1 306 314.6 307.5 299.3 287.6 279.9 272.9 267 260.1 254.6 257.4 257 250.7 247.4
325.1 327.7 332.5 336.7 335.7 303.1 297.9 343 366.7 379.6 392.1 401.6 412.6 427.1 443.2 454.8 461 463.9 464.1 459.7 453.1 449.8 442.8 437 428.5 416.6 398.8 385.6 377.4 366.6 356.6 344.6 331 318.9 309.7 293.8 273.2 255.4 236.7 222.5 203.2 214.5 231.9 236.7 239.8 245.4 247.5 246.8 239.9 227.8 212.5 201.4 191.2 179.4 175.6 183.5 197.7 209.4 220.1 234.8 251.4 267.1 278.1 282.9 288.4 291.4 292.7 295.6 299 299.8 295.7 286.5 276.7 270.4 264.1 259.9 253.3 244.3 245 243.1 240.5 240.1
333.7 339 341.7 346.8 349.7 343.8 314.7 351.1 373.9 384.9 394.9 405 416.8 429.9 446.8 455.3 458.1 456.7 453 448.2 444.8 436.8 428.7 422 412.2 396 379.5 367.9 358.6 347.8 338 323.9 311.6 302.2 291.1 276 258.2 238.5 225.3 209.5 193.1 215.8 226.3 231.5 236.6 240 239.4 234.8 222.1 210.7 198 185.1 176 173.2 177.8 192.4 207.4 222.9 234.6 249.9 267 278.9 283.2 286.7 289.7 289.9 290.2 292.5 295 289.6 282.4 273.4 266.6 262.3 259.2 254.8 247.4 240.3 235.6 232.3 232.4 233.6
339.8 345.8 352.6 357.3 361.1 362.7 335.6 340.6 375.4 387.5 397.1 407.9 417.2 428.5 442.8 452.4 450.8 448.7 445.1 441.1 434.2 422.7 415 401.9 388.5 376.7 362.5 350.1 342.7 330.3 322.5 308 296.1 283.1 272.4 255.8 239.1 225.3 211 193.8 194 212.7 220.3 226.7 230.3 232.2 230.5 220.5 205.7 190.5 177.3 169.2 166.3 170.8 188.5 204.3 221.2 236.9 251.9 264.6 274.5 280.8 285.2 289.7 290.8 290.1 289.3 288 287.7 282.4 274 266.7 261.7 257 253.3 246.5 240.4 235.3 230.5 226.2 226.9 229.2
345.3 353.8 360.6 366.1 370.5 371.6 356 338.7 361.1 388.9 396.8 406.7 414.3 424.2 436.7 444.2 443.5 439.3 437.8 430.9 419.9 409.3 396.4 382 372.6 359.5 347.2 338.1 322.6 314.8 302.7 291.5 277.8 262.3 251.7 238.1 224 210.9 197.3 175 200.2 211.2 218.7 220.9 221.3 220.5 215.4 202.4 186.7 173 163.3 162.1 167.8 179 195.4 217.1 234.9 253.5 262.3 271.7 277 283.2 287.5 288.8 289.1 288.8 287.8 284.7 282.7 276.6 270.4 263.7 258 253.1 250.6 244.2 238.4 233.3 226.6 222.9 224.3 224.7
