GeneralExemplars/GeoExemplars/data/LakeDistrict/terrain-50-dtm_3563996/ny/NY10.asc
ncols 200
nrows 200
xllcorner 310000
yllcorner 500000
cellsize 50
[rows 108 to 143 of 200, columns 0 to 81 of 200]
93.1 89.1 86.7 87.2 88.9 89.6 89.2 84.9 79.4 73.4 67.2 62.5 53.3 50.3 50.5 47.9 45.9 46.5 45.8 45.8 46.5 46.6 47.8 46.6 46.5 48.2 49.3 49.3 48.8 48 60.4 71.9 91.6 101.2 103.2 105.4 98.5 92.8 89.8 89.2 93.4 98.9 99.8 96.3 92.1 88.1 85 81.6 81.6 82.7 81.7 81.8 84.7 86.6 87.3 89.3 91.9 88.8 87 87.1 89.3 85.1 86.7 82.3 68.3 62.2 63.1 63 63 61.8 62.6 62.3 63.3 67.9 76.5 82.6 84.3 91.1 88.3 89.1 96 94.1
86.1 84 82.6 84.5 83.9 81.8 80.6 78.3 73.2 65.7 57.4 54.5 46.6 45.5 46 44.7 41.5 42 43.5 44.2 44.8 44.9 45.2 45.5 43.8 44.3 46 46.4 45.7 46.2 47.7 57.3 72.8 105 108.1 109.1 97.8 90.1 83.8 85 91.2 96.3 97.5 92.2 90.1 87.4 79.6 76.2 78.3 78.8 79.2 81.8 85.9 86.8 89 88.2 88.4 92.2 87.3 86.7 87.8 88.5 89.4 78.9 69.8 63 61.3 62.2 61.3 61.4 61.6 61.7 67.9 78.9 86.4 99.6 99.7 99.8 101.2 99.1 96.1 95.8
79.8 79.9 77.7 77.8 76.7 74.3 72.5 68.5 65.8 57.8 47.9 44.1 41.6 41.2 45.1 44.6 41.9 39.9 42.6 43.5 43.7 44.4 45.1 44.9 43.5 41.2 42.5 43.8 44.8 44.8 45.6 48.7 60.5 83.6 93.4 98.4 89.4 79.2 72.2 76.4 85.3 93.1 88.5 85.3 84.4 79.8 75.4 67.7 72.4 76.4 77.8 81.2 83.1 82.9 87.9 88.9 88.6 94.5 94.7 87.3 89.3 85.6 88.6 76.9 71.5 65.8 61.9 61.4 60.6 61.5 60.8 62.9 71 71 82.6 94.5 94.6 91.8 96.9 104.2 101.1 98.1
75.6 73.4 69.9 69.5 69.2 66.3 65.2 63.7 58.9 51.9 43.3 41.3 39.4 40.9 43.7 43.4 42.5 37.9 41.2 42.6 42.6 42.2 43.4 43 41.3 40.2 41.6 43 43.5 43.2 44.9 45.7 48 59.4 64 68.7 64.4 61.1 62.6 65.9 74.2 80.4 79.6 81.3 80.9 76 71.4 66.8 70.1 72.6 75.9 78.2 74.2 73.6 81 86.5 87.3 89.3 93.7 89.5 88.7 81.2 80.3 69.5 68.3 62.6 60.8 61 60.8 61 61.2 61.7 62.6 66.3 69.3 73.6 84.3 86.5 91.7 109.3 111.8 102.8
67.2 65.7 62.1 61.9 61.2 61.5 61.8 57.1 52.6 44.9 39.6 39.9 37.8 38.4 40.6 41.5 40.9 36.9 38.6 41.5 41.1 39.1 39.6 39 38.9 40.6 41.7 43.2 42.6 42 42.8 43.5 43.6 45.2 46.7 48.2 50.1 50.7 52 57.4 65.5 71.9 75.7 78.9 78.5 73.1 64.9 63.3 66.1 68.1 70.8 69.3 64 66 73.5 78.8 85.5 88 88.3 91.8 93.6 81.6 73.8 64.9 61.2 60.9 60.3 61 60.5 60.6 62.1 62.3 62.3 62.7 64.2 69.4 73.3 75.1 83.3 87.5 97.4 107.5
58.5 58 54.6 53.6 53.3 55 56.3 55.5 48.9 45 38 37 36.3 35.8 35.2 36.3 37.7 35.7 35.4 35.5 36.2 36.6 37.4 37.7 38.6 40.5 41.8 41.2 41.7 40.8 40.6 40.8 40 40.6 41 43.6 45.5 46.8 48.4 51.9 60.1 69.6 76.4 77 76.2 73.3 64.3 60.3 60 60.4 62.8 62.4 59.9 61.3 70.2 78.2 83.7 86 87.7 88.9 91.2 79.3 67.7 60.9 60.5 60.9 59.5 59.3 59.7 61.7 62.5 62.8 63.1 63 63.9 68.4 74.1 72.6 73.9 79.5 89.6 106.2
50.3 49.5 46.6 45.5 47.3 49 48.4 48.4 45.3 42.3 36 35.6 35.1 35 34.8 34.8 34.9 35.1 35.5 35.8 35.9 35.5 36 36.5 37.2 37.6 38.3 38.9 39.8 39.8 39.5 39.4 39.8 40.1 40.8 41 41.2 41.8 43 50 57.6 69.9 76.4 80.7 80.1 74.1 65.5 58.6 59.5 59.5 59.3 59 59.4 60.4 66.9 77.8 81.7 81.3 84.1 86.5 79.6 72.6 61.8 59.9 60.2 59.7 59 60.3 60.5 62.2 63 63 63 63.2 64.8 66.7 68.7 71.8 72.1 80.8 88.9 98.5
44.1 44.2 41.6 40.1 44.3 47.1 46.2 43.3 38.7 34.5 34.4 34.1 34 34.2 34.6 34.6 34.7 35.1 35.8 35 35.5 36.2 37 36.7 37.1 37.5 37.9 38.5 38.8 38.6 39.4 40.5 40.9 40.7 40.8 41 41.2 42.2 42.9 49.1 53 65.8 77 77.7 81.1 74.6 65.2 57.4 58.2 58.4 58.6 57.9 57.2 58.1 63.9 75 74.1 76.3 77.7 77.9 69.8 59.6 59.5 59.5 60 58.4 59 60.3 61.2 62.6 62.1 63 62.8 64.8 65.5 66.6 67.2 69.1 75.1 75.8 83.8 90.2
38.1 39.5 38.8 37.1 41.2 45.2 45.3 39 33.7 33.9 33.7 34.3 33.8 34.2 34.2 34.4 34.8 35.2 35 35.4 36.4 36.5 37 36.7 37.3 37.8 38.2 38.2 38.2 38.9 39.4 40.1 40.6 40.8 41.4 41.3 42.1 42.6 42.8 48.1 51.4 60.4 73.5 75.1 72.8 70.3 60 56.5 57.8 59.7 60.5 58.7 57.8 57 58.8 64.1 68.6 72.2 71.4 67.7 58.4 58.8 59.1 59.8 59.1 59.3 59.7 60.3 64.7 63.6 64.4 63.7 64.1 65.1 65.6 67.9 73.2 78.4 80.5 78.2 74.1 73.9
35.3 35.2 36.5 36 34.9 40.7 39.3 33.3 33.3 33.2 33.3 33.4 33.4 34.1 33.9 34.3 34.6 35 35.4 35.6 36 36.3 40.6 39.6 38.7 37.3 38.3 38.6 38.9 38.4 38.8 39.6 40.3 41.2 41.5 43.2 43.2 42.5 43.6 48 51.3 54.3 66.6 73.2 71.8 65.1 56.8 55.2 56.9 58.8 61.2 57.1 56.8 57.3 56.8 57.5 64.4 61.8 58.3 56.5 56.7 57.7 57.4 57.9 58.5 58.3 60.2 60.3 63.2 63.6 64.3 64.4 62.8 65.3 68 70.3 74.5 76.3 73.6 72.1 70.3 63.7
34.3 33.6 33.5 33.7 33.6 33.2 32.8 33.1 33.4 33.1 33.1 33.2 33.4 33.9 33.7 34.1 34.4 34.8 35.2 37.6 43.4 48.6 49.9 46.7 46.3 39.1 38.1 38.4 38.9 39.3 39.5 39.4 40 40.6 41.3 44.1 45.4 44.1 43.1 46.3 51.2 51.8 57.9 65 64.6 62.6 56 55.5 55.7 56.8 57.3 56.6 55.8 57.3 56.9 57.4 56.4 57 55.9 56.3 57.9 63.3 64.2 59.8 60.3 59.6 58.4 59.3 61.9 63.8 64.2 61.3 62.1 67.6 70.4 70.7 71.1 70.3 67.8 68 61 57.5
33.9 33.1 32.7 32.6 32.9 32.7 32.3 32.7 32.9 33 32.9 33.2 33.7 33.3 33.7 34 34.1 34.6 35 41.5 47 51.4 52.3 49.8 45.6 42.2 39.1 38.3 39.2 39.4 39.6 39.8 40.3 40.7 41.1 43.7 47.2 46.2 45.7 45.4 50.2 52.3 52.9 58.6 58.1 58.8 55.8 54.7 54.3 55.6 56.1 54.1 55.1 54.6 55 56 56.1 56.8 54.5 57.2 57.6 58.7 63.1 65.3 60.6 60.1 57.4 57.9 59.1 60.5 61.1 59.3 59.1 65.3 71.3 69.9 68.9 68 64.2 57.5 57.6 58.1
33.7 32.8 32.3 32.2 32.1 32.8 32.4 32.6 32.8 33 33.6 36.7 35 33.3 33.8 34 34 34.8 39.6 44.1 48.8 53.5 47.5 45.2 43.9 42.4 40.7 40.8 40.4 39.6 40 40.5 40.4 40.8 40.6 42.4 44.6 44.7 43.7 45.6 48.9 51.7 52.3 53.1 54.7 53.9 54.1 53.1 52 53 53.1 52.7 52.6 53.2 53.9 55.1 55.3 54.5 54.3 56.4 58.3 57.4 59.7 65.2 61.1 61.9 59.3 57.5 58.2 61.4 59 56.7 55.6 57.4 63.5 65.2 66.2 64 56.4 57.7 58.1 58.1
36 32.7 32 31.8 31.7 32 32.2 32.2 32.3 32.7 33.5 37.6 32.5 33.2 34.1 35.8 37.6 38.1 41 42.9 43.2 43.8 43.8 43.5 43.1 42.7 43 43.2 42.9 43 41.9 44.1 40.5 40.8 41.1 41.2 42.7 43 43.4 43.8 46.1 49.9 51.5 51.6 52.9 50 49.8 49.4 47 47.1 47.7 48.1 49.3 51.6 52.6 53.4 53.5 52.4 54.6 56.1 57.3 59.7 59.9 63 64.3 61.3 58.5 56.2 57.9 59.9 56.8 55.1 55.2 55.6 55.7 56.2 59.4 56.6 57.2 57.8 57.9 58.2
36.9 32.8 31.7 31.6 31.7 31.8 32 32 31.9 32 32.8 33.7 34.4 37.1 36.5 36.1 38.3 40.5 41.5 42.8 43.5 44 44 44.4 44.7 44.8 45.3 46 46.1 46.5 47.2 47.2 46.3 44.3 41.6 41.2 42 41.7 43.7 44.1 44.4 46.3 48.8 50.1 49 45.6 48.8 46.8 46.4 47.1 47.7 47.8 48.4 48.8 48.9 50.5 52.5 53.3 55.7 55.5 56.9 56.7 59 63.6 66.4 62.3 56.4 55.5 56.4 61.4 55.4 54.8 55.1 55.6 55.4 56 56 56.4 57.7 58 59.3 60.4
37.3 33.5 31.3 31.4 31.4 31.7 31.9 32 31.8 31.5 32.3 38.5 37.9 37.7 36.8 37.4 39.5 41 43.6 46.4 46.6 46.5 45.8 45.2 45.6 46.3 47 47.6 47.5 48.2 48.5 48.1 47.5 47.1 44.9 41.5 41.2 42.4 42.6 44.1 44.5 44.8 44.2 45.2 46.1 46.5 49.1 47.9 47.9 48.4 48.5 48.4 48.7 49.2 49.8 49.5 51.5 52.2 54.5 51.6 52.5 53.6 57.7 61.9 64.5 56.2 54.9 57.6 55.7 54.9 55.3 54.9 55 55.5 55.3 55.9 56.5 57.3 64.5 61.1 61.2 62.5
37.3 32.3 31.3 31.2 31.6 31.3 31.6 31.6 31.4 31.1 34 37.8 39.1 37.6 37.5 39.5 41.9 49.5 49.5 50.5 53.3 52.6 49 47.4 47.2 46.9 46.8 47.5 48 48.6 48.3 47.9 47.6 47.1 45.7 42.1 42.4 43.1 42.8 43.6 43.7 43.7 44.8 47.1 47.8 48.5 50.2 50.2 50.7 51.1 50.4 49.8 49.7 48.5 49.7 49.8 50.6 51.7 52 52.4 53.2 55.3 53.8 55.6 56.9 54.4 57.8 61.2 58.1 55.4 55.1 55.3 54.9 55.1 55.2 55.5 56.7 57.8 60 62 63.6 65.1
35.7 30.8 30.9 31.1 31.1 31.6 30.3 30.6 31.9 32.9 35.6 36.2 36.7 37.5 40.2 48.6 59.6 63.5 63.1 62.3 63.1 60 56.4 52.4 50.6 48.8 48.4 47.8 47.8 47.9 47.8 48 47.2 46.8 46.1 43.6 43 46.2 47 46.8 45.2 43.9 50.5 50 50.1 50.3 50.3 50.6 51.1 52.4 52 51.1 50.4 52.2 52.2 50.5 51.7 53.7 53.9 55.6 57.6 60.6 61 58.3 54.1 55.7 63.5 63.6 59.6 56.2 55.3 55.4 55.1 55.2 55.6 55.9 57 58.7 61.2 63.8 66.5 68.7
31.5 30.9 30.5 31 30.3 31.2 31.3 31 33.5 36.3 36.9 36.6 37.4 38.9 42.7 60.8 72.1 74.2 76.7 72.2 68.3 66.2 60.9 57.7 55.1 52.5 51.7 49.6 49.5 49.8 49.4 48.5 48.1 48.2 48 48.2 47.9 51.4 53 53.1 53.3 53 52.8 52.8 52.8 52.7 52 52 52.1 53.2 53.3 52.5 52.4 53.4 52.6 52.2 53.3 55.3 55.7 56.6 59.8 64.1 66.1 67 66.1 62.8 64 62.3 63.2 59.4 55.6 55.4 55.4 55.9 55.9 56 57.4 59.7 62.3 65 69.4 72.3
32.1 30.5 30.5 30.4 30.7 30.9 30.9 31.2 34.4 37 38.1 38.5 39.2 41.6 42.9 57.6 72.9 78.9 87.8 83.4 75.3 70.7 65.4 61.4 59.1 56 54.4 51.9 50.2 50 50.3 48.9 49.5 49.2 48.9 50.1 54.2 58.5 61.8 62 60.5 60.2 55.6 54.8 54.4 54.2 54.2 53.8 52.3 53.3 53.6 53 53.3 53.6 53.9 54.3 53.5 55.1 56.4 56.7 58.5 60.6 64.1 72.2 66.5 63.4 63 63.9 64.4 64.1 63.1 56.4 55.6 55.8 55.3 56.4 57.7 60.3 63.2 66.8 70.6 76.5
35.7 30.8 30.5 29.8 30.5 31.1 31.2 31.2 35.3 38.2 40.6 40.5 41.3 42.8 42.1 52 66.6 86.5 92.5 89.2 82.6 75.2 68.8 64.4 61.9 57.7 55.3 52.8 51.3 50.4 49.6 48.7 49.5 50.1 49.8 51.6 59.6 68.8 75 72 71.2 70.2 67.2 62.9 58.8 55.7 55.3 56.2 52.9 53.8 54.6 54 54.4 53.7 52.4 53 55.4 57.8 58.4 56.2 60.7 64.6 63.3 70.1 71.7 65.2 63.1 63.2 63.9 64.8 61.5 58 57 55.8 57.2 58.2 58.8 61.1 64.4 68.1 73.2 80.8
37.2 31.6 30.5 29.8 30.7 31.1 30.8 30.7 34.7 40.5 42 41.8 41.3 42.7 42.9 45.1 69 86.4 91.9 86.2 79.7 73.1 71.1 68.6 63.6 59.1 56 52.7 50.5 49.7 49.7 49.7 49.7 49.9 50 53.6 62 70.8 80 78.7 78.9 79 75.9 70.6 65.1 58.4 56.2 56.7 56 54 53.2 53.1 54 53.4 54.4 56.5 57.9 57.5 59.4 59.2 61.1 67.4 72 64.6 72.7 69.2 66.2 63 61.6 60.9 60.5 61.3 62.7 65.8 65.6 64.8 65.2 67.4 67 71.1 76.1 84
37.3 34.5 29.6 30.2 30.7 30.6 30.5 30.5 33 36.8 40.8 41.4 41.1 42.4 43.4 46.3 53.8 72.8 83.3 82.4 73.3 68.6 74.6 70.9 64.9 59.9 55.8 51.7 50.4 49.4 49.3 49.9 49.7 49.9 50.8 55.2 63.2 71.5 79.6 78.5 82.2 85.8 81.6 75.2 68.9 62.6 56.7 56.9 56.5 54.4 55.1 54.5 53.3 55.9 56.6 57.4 57.6 60.5 60.8 61.2 63.6 66.8 72.9 67.6 70.4 75.7 66.4 67.5 64.3 66.2 68 66.8 65.9 68.1 69.3 70.2 70.8 71.2 71.9 76.6 84.1 89.4
37.8 38 31.4 29.9 30.2 30.5 30.2 30.3 30.8 35.1 38.3 39.9 40 40.9 42.5 53.3 50 50.9 67.3 65.4 59.1 64.5 68.4 69.2 63.7 60.2 56.2 53.1 51.2 50.6 50.4 50.5 50.4 51.3 51.8 55.4 64.2 72.6 79 81.2 87.7 89.6 83.1 76.6 70.9 64.2 56.5 56.7 56.7 55.2 55.5 55.2 56.3 57.5 57.6 59.2 62.2 61.7 61.8 62.7 64.4 66.1 65.6 67.4 65.9 66.2 69.2 67.8 71.6 74.8 72.9 77 76.2 73.7 75.2 77 78.5 83.3 86.3 90.1 99.3 101.7
37.8 37.4 36.2 30.4 30.2 30 29.9 30.1 30.4 34.3 38.7 39.7 40.1 40.2 41 41.4 41.7 43.9 47.5 53 59 64.8 70.6 69.4 64 61.5 60.7 57.4 52.3 51.2 51.1 51.3 52.8 54.4 55.2 56.7 62.2 72.2 80.4 86.7 94.8 90.1 84.1 77.2 73.2 64.3 57.5 57.2 55.9 56.4 55.8 55.5 57.5 58.6 59.2 61.1 61.6 63.2 64.2 64.5 66 67 69.3 69.9 69.4 69.2 71.9 73.1 75 76.2 76.2 78.3 80.2 80.7 81.9 85 90.4 98.4 105.7 110.7 116.2 125.1
37.4 37 36.3 31.2 29.6 29.7 29.5 29.8 30 31.5 38.3 39.5 39.2 38.1 37.5 38.4 39.1 41.2 45.7 51.3 56.8 65.5 73.7 70.5 66.4 60.9 61.4 62 56.5 53.8 53.1 54.2 58 60.7 62.1 63.5 65.2 73 80.3 85.2 89.8 88.3 82.9 77.1 68.8 63.5 57.9 57.1 57.1 57.5 57 57.5 58.3 60.2 61.7 62.9 63.9 65 66.6 67.7 68.7 69.3 70.1 70.5 71 71.6 72.9 75.9 80.4 81.9 84.3 85.4 84.2 87.8 91.6 98.1 109.8 121.2 125.7 133.4 145.3 156.9
36.7 31.9 33.6 31.4 29.1 29.8 29.4 29.6 29.7 31.3 35.3 37.7 37.1 35.9 35.9 36.2 37.8 40.6 44.4 49.4 57 64.6 72.5 68.8 64.4 60.8 62.1 62 60.6 58.9 60.5 62.1 65.6 70.7 70.3 71.6 71.4 74.9 80.2 82.9 81.9 80.1 77.8 76.1 70.9 66.2 57.5 57.4 58.3 58.3 58.1 59.3 61 61.6 62.7 64.6 66.1 67 68.1 69.9 73 76.3 85.2 86.4 92.5 91.8 86 83.8 85.9 88.3 91.6 94.1 95.9 102 109.2 122.7 142.7 139.2 147.6 158.9 178.7 192.5
35 30 29.9 29.5 29.2 29.9 29.3 29.7 29.8 29.8 30.5 33.6 33.3 34.5 36.5 38.1 39.9 42.1 45.5 48.9 55.7 63.5 72.4 69 63.1 61.9 63.5 63.4 65.1 66.7 68.2 70.3 75 79.9 77.8 74.4 73 77.9 81.2 80.2 79.2 78 77.2 76.1 72.2 67.7 58.2 58.5 58.6 59 59.6 60.9 62.5 64.9 69.3 72.6 76.5 79.5 81 83.3 86.1 88.2 88.8 92.2 99.3 100.9 101.5 101.1 99.3 94.5 101.2 106.2 109.4 119.3 143.1 142.4 144.3 152.3 163.9 180.9 208.3 236.4
30.5 29.5 29.1 30 29.4 30.4 29.5 29.2 29.7 29.6 30.2 30.4 31.8 33.7 34.8 37.2 40 45 51.8 52.3 55.9 63.3 73.6 70.7 64.7 63.1 63.9 65 71.2 75.4 76.5 78.4 83 85.1 84.1 80.6 76.3 80.9 82.4 78.7 76.6 75 73.8 73.2 70 68.6 63.1 61.6 63.6 62.9 63.7 66.2 73.6 78.1 81.9 86.8 86.6 87.2 88.6 95 96.9 101.6 99 101.9 102.9 112.5 111.7 110.2 105.9 102.1 100.3 108.4 126.4 137.4 151.2 149.4 157.5 172.3 192 210.9 237.1 257.8
30.5 30 29.6 29.5 29.9 29 29.6 29.3 29.3 29.7 29.7 30.2 30.8 32.4 34.8 38.2 43.6 50.2 62.7 68.6 64.7 62.3 67.5 69.1 66.1 64.8 65.3 66.8 75.6 79.3 85.8 85.9 88 89.1 88.6 84.4 79.2 81 78.3 73.8 70.8 68.1 69.5 70.9 67.9 67.1 68.4 69.7 70.4 73.5 76.7 83.9 87.7 92.6 98.4 102.7 104.1 101.3 103.8 103.3 107.2 110.4 110.6 111.4 109.2 114 120.6 120.7 115.7 108.8 108.1 120.2 139.7 153 151.9 159.9 177.4 194 211.1 230.5 250.6 281.4
30.6 30.4 30.2 29.9 29.8 29.8 29.4 29.2 29.3 29 29.3 29.6 29.8 32.1 34.9 38.3 38.9 45.2 58.5 75.9 72.4 72.2 68.8 68 68.9 70.6 69.9 69.6 76.8 82.5 91 97.4 94.2 92.5 89.8 86.6 79.9 76.5 73.2 73 68.5 65.1 65.4 66.2 69.2 70.3 69.5 70 75.2 82.8 93.4 104.2 110.7 109.5 118.5 120 119.3 120.4 120.3 122.1 122.2 121.1 121.6 119.3 112.6 113.3 117.4 119.3 117.8 116.9 115.4 132.4 152.1 150.4 159.1 175.5 193 212 233.1 254.7 273.2 294.1
30.6 30.2 29.8 29.9 29.6 29.6 29.6 29.6 29.2 28.8 29.4 29.5 30 30.1 32.8 34.4 35.8 49.3 64 68 76.3 73.2 70.6 76.6 78.5 78.6 76.6 75.2 79.4 87.1 91.8 96.3 99.9 98.3 94 87 79.1 74.8 73.3 71.1 64.9 64.3 66.5 72.5 72.3 72.8 72.3 79.8 94.2 106.5 112.4 122.4 126.6 130.8 133.3 133.6 135.3 134.2 136.4 134.5 132.8 127.6 126 119.5 115.8 116.2 115.7 116.8 114 118.1 123.1 136.6 145.7 156.7 170.2 187.5 213.2 236.5 261.4 274.7 292.7 303.6
33.3 30.3 29.6 29.7 29.4 29.5 29.4 29.3 29 28.8 28.6 29.3 29.1 29.2 30.3 31.6 35.2 48.6 68.3 69.6 67.8 68.1 79.9 81.4 83.7 84 84.3 84.1 83 86.6 91.4 95.2 96.8 96.4 94.1 86.9 78.7 74.9 77.1 69.9 63.7 65.3 70.2 71.3 73.7 76.5 80.3 98.5 115.7 132.6 134.8 143.9 141.3 145.1 152.7 151.3 149.4 151.5 154.5 141.1 136.2 128.9 123.3 118.1 117.5 118.3 113.2 113.2 115.6 124.7 138.7 140.9 147.2 163.7 181.9 200.6 226.5 265.7 284.8 295.2 307.2 318.5
34.5 32.7 32 29.1 29.3 29.5 29.6 29.5 29.3 29.2 28.6 28.1 28.3 29.5 32.4 34.3 35.4 43 53.8 64.6 63.1 69.7 76 88.6 101.6 98 94.3 89.6 85.6 86 89.1 91 91.1 90.7 89.5 85.8 81.9 78.5 73.8 69.7 62.8 66.9 67.7 71.6 76.5 81.3 88.4 111.6 130.7 149.4 150.1 159.7 164.2 161.9 167.3 164.5 157.3 156 152.2 143.5 130.7 123.4 116.9 113.4 113 113.4 111.4 113.3 121.1 130.1 139.3 146 155.7 172.9 192.8 212.9 240.7 280.3 303.7 310.6 321.2 327.6
35 34 33 29.2 29.2 29.3 27.5 29.2 28.7 28.5 29.1 29.4 29.1 30.9 34.2 38.2 41.8 44.9 50.7 57.9 61.9 67.1 71.6 88.7 98.7 100.4 96.6 92.6 87.9 88.7 90 91.4 90.9 88.3 86.2 84.3 84.3 80.5 73.2 64 63.8 66.6 67 72.5 80.3 90 104 122.4 138.4 152.8 156.4 170.4 176.4 171.5 172.5 174.1 164.7 150.7 137 127.1 122.5 121.5 115.3 111.9 111.7 111.2 113.8 120.5 127.7 133.1 142.1 153.6 164.8 182.2 203.6 228.1 256.3 289.7 312.1 322.1 328.6 334.8
35.9 34.6 32.3 29.4 29.9 30.5 30.5 29.2 29.4 29.2 29 28.9 29.4 33.9 38.8 44.6 49.9 53.8 55.8 59.4 63.6 64.5 67.1 75 90.7 95.3 94.9 94.4 93.9 92.4 93.3 95.4 93.2 88.7 87.6 89.5 83.9 78.1 70.9 60.9 65 65.7 66.7 71.3 93.6 113.5 117 120.3 132.6 147.4 152.2 164.4 176.2 187 179.3 173.7 157 143.6 129.2 117.1 116.4 115.1 112.6 112.4 111.2 113.9 120.7 124.9 130.1 136.6 147 161.7 175.7 191.2 214.6 242.8 269.6 304.1 317.4 330.1 334.7 339
