GeneralExemplars/GeoExemplars/data/LakeDistrict/terrain-50-dtm_3563996/ny/NY11.asc
ncols 200
nrows 200
xllcorner 310000
yllcorner 510000
cellsize 50
[rows 0 to 34 of 200, columns 0 to 77 of 200]
283 298.6 315.9 336.9 360.6 378.7 395.1 401.6 398.9 394.9 394.3 397.1 417.2 430.2 455.3 469.6 480.6 490.5 499.8 508.1 515.8 520.3 522.3 517.4 508.4 498.8 484.7 460.3 445.2 437.4 430.1 428.8 429.8 427.3 421.1 412.4 401.4 388.4 359.9 323.4 293.7 267.8 243.9 225.2 219.2 215.5 216.2 215.3 213.7 214 219.9 224.8 234.6 247.1 260.5 267.3 266.5 259.1 245.4 221 195 175.5 185.7 207.3 224.3 234.5 239.4 244.1 244.9 234.1 227.7 216.3 202 182.7 167.2 178.4 191.2 202.5
281.8 297.7 313 330.6 354.4 376.6 394.3 400.7 387.6 375.8 369.5 389.2 424 444.3 458.8 471.7 484.8 497 505.8 515.5 524.6 528.7 532.5 531.7 519.2 507.9 495 478.2 459.3 441.9 422.4 404 405.7 406.4 400.5 389.5 378.7 356.8 324.5 295.8 269.7 244.8 230.4 223.8 218.9 222 219.6 217.7 213.3 213.3 223.2 232.2 242.1 252.2 263.2 269.7 269.1 260.2 242.5 218.7 195.4 174.4 192.2 216.8 232.9 241.5 245.9 248.8 254.8 244.5 239.2 223.7 205.8 182.9 170.7 180.9 195.7 212.1
280.1 296.1 308 321.1 340.6 361.5 377.8 374.2 364.3 352.5 369.6 394.7 426.2 447.2 462.2 474.5 489 502.9 513.1 525.4 532.3 534.3 539.9 537.9 532.5 513.7 503 489.8 471.9 453.7 435.1 407.7 381 382.6 377.9 369 357 332.5 302.3 270.5 253.8 246.2 233 226.1 226.5 224.9 221.8 215.9 213.3 213.3 227.3 242.3 252.1 263.4 270.3 273.7 271.7 260.7 235.8 215.8 189.7 178.9 198.3 223.3 239.3 247.1 251.3 253.6 258.6 249.8 242.9 228.8 205.2 185.8 173.7 182.6 202.1 226.6
273.7 288.6 299.4 309.4 322.9 339.2 347.7 344.7 334.3 344.1 372.4 402.3 427.7 447.4 463.5 476 490.2 509 521.9 534.7 542.2 544.2 543.3 544.6 538.9 520 506 490.6 473.3 454.6 441.2 422.9 389.7 366.7 357.5 349.5 332.5 311.2 295.4 284.6 276.9 264.6 242.2 231 229 229.2 229.1 220.5 219.5 223.5 240.1 257.9 265.6 274.4 277.3 279.2 274.3 259.7 232.5 211.7 183.3 183.3 205.4 230.9 243.9 253 257.3 258.9 257.9 251.2 242.2 229.5 206.1 187.1 174.2 187.7 207.5 228
262 275.7 287.9 297.5 305.5 313.6 317.4 313.4 325 350.5 376.6 403.7 422.4 441.9 459.9 473.9 485 506.6 526.2 544.7 552.9 555.9 548.4 545.3 537.7 523.3 506.7 487.9 469.6 450.2 433.4 418.7 396 374.2 366.1 356.1 348.3 335.4 320.9 307.8 295.2 275.8 248.9 245.6 243 245.9 242 237.1 236.7 243.4 257.9 275.6 282.8 292.6 293.6 290.1 276.9 257 230.6 206.3 181.7 191.6 211.9 236.7 251.3 259.5 262.7 262.4 260 252.9 244.5 231.5 210.7 187.9 174.1 188.9 208.6 228.5
251.2 262.2 274.4 285 291.2 295.1 296.8 306.6 327.4 347.3 370.4 391.7 410 429.7 452.1 467 472.4 493.4 521.4 551 563.3 565.3 555.7 546.4 538.4 525 506.9 487.9 464.3 442.3 423.8 408.9 394.8 388.6 381.3 372 366.8 351.7 333.6 319.9 304 282.1 257.8 268.1 269.6 267.6 263.5 261.2 261.4 266.5 279.2 289 302.7 316.5 314.1 298.2 276.7 254.1 225.8 200.6 183.8 200.7 220.4 243.8 254.7 263.9 266.2 264.7 260.9 256 249.4 231.9 209.2 187.8 174.6 190.2 207.6 229.1
241.1 251.3 262.2 271.8 278.2 282.6 286.5 297.5 311.9 331.3 353.1 371.8 392.4 413.4 432.3 444.7 456 481 517.9 542.8 568.5 569.6 561 550.2 541.3 528.7 509.9 490.1 469.1 449.8 435 422 412.5 403.9 396.9 388.1 379.8 365.2 345.4 325.2 307.5 286.2 293.4 298.1 301.7 294 290 289.1 287.2 287.6 296.9 308.8 330.3 335.4 329.9 300 274.3 249.9 221 196.4 189.7 207.6 226.8 246.5 259 271.8 272.3 267.2 263.6 259.2 246 230.5 210.6 189.2 175.6 187.9 207.4 228.5
236.4 244.5 253.6 261.3 266.4 270.9 276.8 285.2 296.7 310.8 330.3 349.1 370 388.2 404.6 419.4 438.7 466.1 495.5 526.4 548.2 563.8 561.1 552.6 543 533.1 515.4 498.7 479.3 461.7 448.4 437.4 427.9 419.2 410.2 401.5 390.4 379.4 358.4 336.6 312.3 316.1 327.7 334.4 335.1 323.1 314.4 310.1 308.8 310.1 317.7 341.6 360.2 353.1 337.3 300.9 273.3 243.5 218.4 197.1 191 213.1 233.3 254 264.3 276.2 278.1 269.9 263.4 255.2 243.4 228.1 210 190 177.6 188.6 206.1 227.6
235.1 240.4 247.3 253.1 256.3 260.5 265.3 272.5 282.6 294.1 308.6 326.6 345.3 362.3 379.7 399 421.7 446.1 473.2 497 519.8 546.8 558 555 547.3 534.9 522.6 508 491.5 474.9 460.9 450 438.9 430.6 421 411 400.8 389 370.6 350.5 323.7 346.6 364.1 372.9 371.4 358.8 347.1 339.5 339 342.6 345.3 371.4 374 360 337.5 300.6 269.1 240.7 218.1 195.3 194.9 220.7 245.3 265.7 273.9 285.5 288.7 273.5 264.6 254.2 242.5 223.3 206.6 188.6 177.7 188.4 205.1 223.5
233 236.8 241.6 244.9 247.6 251.1 254.5 261 270.3 281.6 294 306.8 323.4 340.6 358.7 380 402.4 425.6 449.2 472.6 497.8 527.3 551.6 549.3 544.7 536.6 525.1 515 501.1 487.5 471.4 458.3 446.9 438.5 427.9 416.2 405.7 393.3 375.5 356.1 334 364.7 389.9 404.9 413.5 398.6 388.3 374.7 376.7 383.4 380.1 385.9 376.5 359.8 335.2 299.5 265.9 240.5 217.6 195.2 210.5 228.1 255.2 274.7 282.4 292.5 295.8 279.4 268.3 254.6 241 220.6 204.2 188.8 178.5 190.1 203.8 219
231.3 233.9 236.7 239.5 241 243.5 247.2 252.5 258.9 267 276.9 290.4 304.7 320.2 338.9 359 381 404.9 426.9 451.4 478.7 506.3 524.7 532.7 538.3 535.5 526.1 518.8 511.1 497.5 481.4 466.2 452.7 442.7 431.4 419.2 406.5 392.1 375 357.5 346.4 379.4 402.6 419.3 435.3 437.2 431.9 417.8 419.2 411 399.1 390.1 375.8 356.5 330.8 299.4 268.1 239.5 216.3 196.9 217.5 236.7 263.1 279.9 291 302.6 298.7 288 272.2 256.6 239.5 219.9 203 185.3 180.8 189.7 201.4 216.8
229.2 231.9 234.5 236.9 239.2 241.4 243.5 246.4 250.2 255.8 262.9 275.1 287.9 300.7 318.2 338.9 362.3 386 408.1 432.6 457.6 480.6 497.6 513.7 528.3 532.5 524.8 519.6 514.6 500 489.1 474 455.1 444.6 432.1 417.7 403 387.9 370.8 357 373.7 399.1 416 433.6 447.6 453.7 449.9 447.4 436.8 422.4 406.2 389 371.8 351.3 325.1 297.6 269 239.7 213.7 199.8 226.6 246.2 272.4 287.6 302.3 318.3 308.2 293 274.1 256.1 237.7 220.7 201.4 182.3 181.3 188.6 199.1 213.4
229.4 232 235.1 238.8 241.7 244.5 249.1 253.8 254.4 253.8 255.7 263.2 273.2 287.4 302.2 319.9 342 366.3 389.8 413.1 436.1 456.5 474.8 495.6 515.9 522.7 519.5 515 509 496.3 488.6 475.4 458.7 442.9 429.8 414.1 397.6 374.7 386 390.5 401.2 417.9 432.4 444.9 455.7 458.9 456.4 453 441.4 423.7 404.6 387.6 367.3 344.1 320.2 295.6 268.6 239.6 210.6 208.6 235.2 258.6 279.7 302.1 321 327.5 318.4 294.8 275.3 254.8 236.1 217.3 198.7 182.2 183.6 187.4 198.9 210.4
229.5 231.2 233.7 237.7 243 250.5 261.4 267.2 269.2 266.5 263.8 263.1 266.4 276.8 291 305.9 321.7 345.3 368.5 391.2 413.2 434.2 455.3 479.3 500.7 509.3 511 508 500.1 491.1 481 468.8 456.8 439.4 425.3 408.1 384.5 394.9 403.1 412.8 423.8 433.1 445.5 455.1 460.6 462.5 458.7 452.7 439.5 421.1 401.3 383.2 363.9 339.8 316.6 290.9 266.7 237.7 209.5 223.1 245.7 268.9 298.3 328.3 349.4 337.7 323.3 298.4 276.1 256.8 234.1 214.8 195.6 183.6 184.2 189.4 198.1 207.8
229.5 230.8 233.1 238.4 250.6 264.2 278.5 287.3 288.2 285.9 280.2 278.3 277.2 277 282.8 293.7 308.2 325.2 347 369.1 391.7 415 439.1 463.6 489.4 500.3 503.6 502.2 494.1 485.3 474.1 461.9 449.7 435.5 422.6 397.9 394.7 413 420.4 428.2 436.5 443.4 455 461.4 464.2 461.8 456.8 447.7 435.2 416.2 397.8 378.4 358 335.8 312 288.7 260.3 230.6 210.1 233.5 256.2 283.6 320.7 352.6 355.3 344 325.6 301.5 278.7 256.3 233.7 212.1 194.4 183.6 184.7 190.4 197.2 208.1
229.1 231.5 237.9 249.4 266.9 284.5 299.8 308.6 310.7 308 302.1 297.3 293.2 291.6 293.1 296.5 304.8 314.1 332.3 351.5 375.3 399.1 423.9 450 473.8 490.9 496.8 496.6 488.4 479.8 468.8 456.5 445.5 433.3 414.8 395.6 413.2 424.6 430 437.7 447.4 453.9 462.1 467.2 465.3 461.4 452.5 439.7 425.8 410 392.4 373.2 352.3 327.9 306.1 283.1 253.3 226.3 217.8 246.2 272 307 333.8 356.1 354.7 345.2 327.4 303.7 281.8 256.9 232.8 211.6 194.8 186.3 185.2 190.7 196.4 207.1
230.7 239.1 250.3 267.4 288.2 307.7 324.3 334.5 337.8 338.3 331.9 323.7 315.4 308.7 308 309 312.8 321.7 333.3 348.1 366.8 387.5 413.1 440.6 463.4 482.5 490.5 490.5 482.8 473.8 463.1 452.7 442.2 431.1 411 412.7 427.5 433.8 439.9 447.8 455 461.7 466.4 469.6 465.5 459.7 445.7 430.2 416.8 402.6 385.8 367.7 347.1 322.8 301.9 274.2 249 224.2 229.2 255 285.3 319.7 342 356.6 356.1 347.6 331.7 306.3 283.4 259.1 233.6 212.3 194.6 188 185.9 188.8 195.3 205.9
236.6 248.9 266.7 289.1 311 334.3 353.1 363.6 367.1 367.5 361.8 354.1 345.1 335.6 330 328.9 333.9 342 351.6 361.4 368 385.3 409.1 436.4 462.9 482.1 487.3 484.3 476.5 467.8 458.5 449.5 441.9 425.9 428.8 430 437.7 444.1 449.9 453.4 459.3 462 466.3 468.6 461.7 452.8 437.9 421.9 408.4 394.1 379.3 361.7 341 319 298.3 272.8 248.1 224.9 238.4 267 300.4 332.8 345.8 357.7 356.9 349.4 330.7 306.6 284 258.2 234.5 212.1 196.3 189.5 187.8 187.2 192.3 203.4
244.9 263.8 285.8 309.9 335.6 362.9 383.9 394 398 396.7 391.5 382 373.7 363.4 356.7 353.9 358.2 365.3 374.8 382.8 388.6 396.7 414.5 437.5 463.1 478.7 481.4 477.5 469 461 455.2 449 443.6 433.2 441.3 443 447.4 451.4 455 461.7 465.6 466.3 467.1 464.9 455.7 443 429.3 414.6 400 386.4 372.2 355.8 335.6 315.8 296.3 272.8 246.2 222.1 250.6 281.6 315.5 339.7 351.8 358.8 358.4 350.5 329.3 306.5 286 259.9 235.3 213.7 198.5 190.3 189.3 188.5 191.8 201.8
255 276.7 301.4 328.5 357.8 386.2 406.8 417.8 426.1 424.7 419.4 411.2 403.8 393.4 387.7 386.2 389.8 395.9 403.8 410.9 416.9 424 432.8 444.9 461.2 472.3 472.3 467.1 460.1 455.9 451.7 449.1 445.2 446.6 448.4 450.3 453.5 457.6 460.4 464.3 469.2 471.4 471.7 462.9 450.1 436.5 421.6 407.9 393.3 379.4 364 349.9 330.6 311.5 292.8 270.1 240.1 232.9 258.6 291.3 326.8 344.3 357.1 359.2 356.8 349.4 330.3 308.1 288.1 263.8 238.3 216.4 200 192.9 190.5 188.5 195.2 200.9
260.6 282.9 308.9 337.9 366.9 391.5 411.4 423 433.3 435.7 433.8 432.1 429.2 424.9 420.3 418.1 419.8 424.6 432.9 440.7 444.9 447.5 452.6 457.1 460.6 459.8 458.3 453.4 449.1 450.5 451.3 450.5 449.9 450.9 453.8 456.6 458.8 461.7 465.3 469.4 473.4 473.8 470.3 459.5 446 430.7 415.9 401.7 387.7 373.6 359.1 342.9 325.3 309.7 288.2 260.3 237.4 253.2 275 304.1 334.7 348.4 357.8 359.6 355.4 347.2 330.7 311.8 291.2 267 241.6 220.3 204 196.3 192.7 190.6 193.8 201.1
271.8 293.3 316.3 344.2 371.4 390 406.6 424.6 436.7 434.1 432.6 435.1 440.3 441.1 442.8 446 448.1 452.8 457.3 463.7 466.4 464 461.6 456.5 453.3 444.6 435 436.3 446.9 451.8 453.4 454 454.3 454.9 457.4 459.5 460.7 464 467 475.4 484.4 476.6 466 453.9 441.1 426.2 411 397.3 383.7 370.9 354.3 338.8 323.5 305.2 279.1 254.1 257.5 275.9 288.6 315.2 340.9 351.2 358 361.3 356.3 347.5 330.6 314.7 296.7 272.7 246.5 227.4 213.9 198.6 195.3 192.6 193.6 200.4
293.1 307.1 328.7 352 371.5 386.8 400 415.6 423.3 423.8 426.3 430.8 436.1 439.6 446.2 451 459.3 466.8 469.4 472.9 471.5 465.3 452.6 444.5 436.9 428.6 441.2 448.2 452.7 456.1 456.6 457.2 457.1 458.4 461.4 464.7 467.8 466 466.9 472.8 484.2 480.6 461.8 448.2 435.3 422 408.7 395 382.5 368.5 352.9 336.3 320.2 299.5 273.7 249 266.4 286.2 300.9 325.6 344.7 354.8 360.7 363.3 359.2 349.3 333.8 318.2 301.4 279.8 255.6 236.5 223.8 206.1 198.2 194.3 193.8 199.5
319.4 325 338.8 358.7 370.4 379 387.7 396.9 405.4 411.2 416.6 422.5 429.2 434.2 442.6 450.1 461.3 469.3 465.9 469 462.4 452.5 439.7 423.5 422.1 438.7 449.1 454.4 458.7 462.4 462 460.6 460.8 464.2 468.2 473.9 475.2 470.7 466.1 465 477.6 469.2 455.8 443.1 431.7 419.3 406 394.3 381.5 366.7 351.7 336.1 318.5 298.6 270 256.7 279.9 295.4 311 332.2 349 359.7 362.4 362.1 359.7 352.1 336.5 321.4 304.6 285.6 263.1 243.5 228.5 213.8 203.3 195.7 195.4 200.5
337.7 345 351.1 356.9 364.5 369.4 377.1 385.1 392.5 399.1 406 413.3 421.5 427.5 434.9 443.2 454.1 460.5 459.8 458 449.3 437 421.6 410.6 426.8 443.7 454 461.9 467.4 469.7 469.2 467.5 466.6 469 476.8 480 479.4 473 466 460.4 457.2 456 447.8 438.3 428.4 415.6 403.6 392.3 379 363.6 349.9 334.2 317 295.1 269.4 267.5 289.4 303.6 318.7 337.1 351.9 361.1 363 366.4 365.1 355.1 339.9 325.1 309.2 290.5 269.4 251.1 234.8 221.7 210.3 194.5 198.2 201.1
334.1 342.4 349.5 354 357.3 362.6 368.3 375.8 383.6 390.3 397.4 404.3 412.4 419.2 425.7 435.5 446.9 453.9 453.9 446.9 433.3 417.9 397 415.7 433 448 459 468.9 476 477.3 477.7 476.6 473.7 476.5 482.1 485.2 480.4 473.6 464.5 455.7 447.5 443.4 438.4 431.9 423.4 410.4 399.4 389.3 374.8 359.7 345.6 331 312.3 292.8 270.9 282.6 300.7 312.3 326.4 341.7 355 364.1 366.1 369.4 366.1 356 342.8 330.3 314.9 294.7 275.5 257.4 243.1 231.4 219 200.5 195.6 202.9
329 335.6 340.5 344.5 350.8 356.3 362.5 370.1 377.1 384.4 391.5 398.1 403.8 411.1 418.3 429.2 442.6 447.7 442.9 431.3 413.6 397.2 397.5 419.7 435.7 449.7 462.5 477.1 484.3 488.1 487.6 486.6 485.3 484.8 485.2 486.5 482.4 473.8 462.7 452.6 439.5 432.6 427.4 422.6 414.4 403.7 395.3 383.9 369.7 353.7 340.7 326.5 309.4 290.2 283.7 299.4 308.8 319 332.7 347.3 359.4 366.1 368.5 370.4 367.5 358.2 347.8 335.7 320.3 301 282.8 261.8 246.3 237.5 222.2 202.6 198.6 204
325 331.2 336 343.2 349.5 355.5 361.8 368.4 376 383 389.8 395.7 400.1 404.1 409.5 418.9 430.6 436.2 432.6 420.6 402.6 383.9 399.8 416.7 432.7 446.8 463.6 477.5 487.8 493.8 497.7 497.5 495.6 492.7 491.5 490.5 483.8 473.5 461.7 450.2 435.6 424.9 417.9 413.3 408.1 399.3 390.3 377.5 365 351.9 336.3 323 307.1 286.5 297.7 306 315.6 326.2 340.8 351.6 362.4 368.8 371.5 373.8 370.1 362.4 351.6 339.9 324 304.4 285.5 266.1 253 236.4 222.3 203.4 203.8 208.2
328.2 331.8 337.4 343.6 350.6 357.1 363.4 369.8 376.2 382.7 388.3 392.5 395.9 398.9 401.5 409 419 424.8 421.9 409.6 392.9 379.4 395.6 410.5 425.4 441.8 460 475.8 487.9 494.7 501.4 506.8 510.9 506.8 499.9 495.8 487.5 474.6 461 446.9 434.2 422 411.9 404.1 399.5 391.5 381.8 371.8 360 346.3 332.4 319.8 306.4 291.8 306.8 315.4 323.2 334.5 346.5 354.5 365.7 372.9 379.8 380.2 377 367.8 356.5 344.6 328.3 309.7 290.9 266.8 255.2 244.6 228.6 202.6 206.6 210.8
332.4 334.9 339.1 344 350.1 356.2 364.2 371.7 379.6 383.8 385.7 388.1 391 393.4 395.2 398.5 404.6 409 405.7 395.6 381 382.6 390.7 401.8 415.2 437.4 455.4 471.8 484.3 492.3 499.3 511.4 519.8 521.4 514.5 501.8 490.1 476 462.1 447.1 432.9 421 412.1 402 388.1 377.1 367.9 358.7 347.4 336.4 326.6 315.6 305.9 301.4 315.6 325.3 331.9 341.5 349.7 360.2 372.4 381.3 389.4 393.3 384.7 375 362 349.9 330.1 313.1 293.8 275.8 264.1 249.8 233.8 210.9 205.2 212.9
336 337.4 341.1 344.6 349.3 353.8 362.5 372.2 378.5 380 382.2 383.3 385.2 386 386 386.7 389.7 392.3 390.3 382.6 366.4 379.8 384.7 394.9 409.6 431.8 448.9 466.2 478.9 489.4 497.1 510.5 522.7 523.7 520 510.6 494.5 476.6 463.8 447.1 431.6 419.8 410.6 402.4 394.1 382.5 371.8 360.8 348.5 334.2 323.5 315.2 307.3 308.6 325.9 334.3 339.1 348.7 358 370.3 384.4 393.2 398 400.1 396.2 385.8 370.1 356.1 337.4 323.5 301.5 283.1 264.1 252.3 234.4 212.4 206.8 215.4
340.1 341.4 342.7 345.2 348.2 352.7 356.8 363 368.7 372.6 375.5 376.9 377.7 377.5 374.1 375.1 377.1 378.9 377.5 370.4 367.7 373.5 376.9 388.1 405.2 427.4 444.6 456.3 471.4 486.2 497.1 510.2 519.9 522 521.2 516 503.1 484.4 462.8 445.1 432.7 420.7 411.4 402.6 393.7 383.8 373.4 362.3 348.8 335.4 324.4 317.6 322.9 324.2 333.7 340.4 347.9 357.9 366.5 379.2 392 399.8 405.7 404.7 403.7 389.8 375.4 365.7 345 325.3 307.8 288.4 268.6 253.6 234.6 215.1 209.3 216.4
345.6 347.1 346.6 346 347.3 349.9 353.5 357.7 362.2 365.5 368.3 369.8 370.5 369.2 364 361.6 364.4 366.5 365.7 360.4 360.2 360.9 370.6 381.8 401.6 420 433.7 447.3 459 475.9 490 504.7 515.6 521.1 521.3 518.6 510 494.7 478.2 457.7 438.9 425 413.5 403.4 394.2 386 375 362.5 348.6 333.9 325.5 323.1 329.5 332.1 336.9 342.8 354.3 363.9 374.4 386.4 398.2 406.5 414.1 418.5 413.5 397.6 383.2 366 348.9 327.6 308.9 292.2 271.6 253.1 236.7 217.3 212.6 216.7
357 361.2 355.9 350.8 347.1 345.9 348.7 352.1 356.5 360.2 363.1 364.3 363.6 361.5 358.2 346.8 351 353.9 353.5 337.7 347.6 355.9 364.9 374.1 390.5 412.5 432.9 445.1 454.9 472.4 488.2 501 504.7 511.3 519 518.5 513.8 501.7 485.1 468.9 448.2 432.7 418.5 405.7 393.8 384.1 373.6 360.5 347.8 333.6 325.7 327 332.7 337 341.3 347.3 356.8 368 379.3 391.6 405 422.5 436.3 439.9 433 417.5 391.3 375.5 358.6 337.4 312.7 296 275.6 255.6 238.8 218.6 213.1 218.5
357 360.6 357.3 353.7 344 339.9 341.9 346.7 351.9 355.9 358.5 358.2 355 353.8 352.4 341.8 331.9 340.2 334.7 329.7 333.7 339.1 362.6 374 387.9 405.4 423.4 436.5 447.3 462.6 473.2 479.8 491.2 503.4 510.9 514.8 516.5 508.7 496 480.8 462.2 441 424.8 410.6 397 383.5 371.8 359.1 349.1 336.2 328 332.5 333.9 339.4 344.2 349.7 359.4 371.1 383.3 396.5 414 436.9 458.7 465.9 462.6 448.3 426.8 397.4 374.3 348.7 318.7 296.4 273.7 252.8 237.4 217.1 211.3 219.1
