GeneralExemplars/GeoExemplars/data/LakeDistrict/terrain-50-dtm_3563996/ny/NY11.asc
ncols 200
nrows 200
xllcorner 310000
yllcorner 510000
cellsize 50
[rows 70 to 104 of 200, columns 0 to 77 of 200]
150.4 152.6 157.7 166.8 169.5 164.1 162.1 169.9 168.9 168.6 172.6 176.3 173.2 180.2 193.2 198 209.3 223.1 238 252.6 269.9 291.1 318.2 348.5 379.6 409.8 436.3 457.5 484.4 510.4 526.4 540.5 554.2 557.9 558.9 559.1 558.5 557.6 556.9 555.4 555.4 559.2 563.1 574.8 592.7 603.2 605.4 610.3 612.8 607.9 591.6 574.9 563.8 553.7 542.6 532.4 522.8 513.6 505.4 498.6 493.6 490.3 492.8 496.8 502.2 506.3 511.5 513.5 513.3 509.1 504.1 497.9 495.3 493.3 492.7 492 490.7 488.3
141.7 143.1 146.5 154 156.6 152.1 156.2 162.3 156.7 158 163.9 165 162.3 173.5 181.7 189.1 200.8 212.9 227.5 242.5 258.1 280.4 302.4 329.5 356.6 381.7 401.7 426.5 463.7 476.3 495.3 521.2 541.3 557.3 559.8 559.6 557.3 554.8 551.5 550.1 551.5 554.2 562.2 581.5 596 606.2 610.3 610.3 610.2 605.7 592.3 577.4 566.7 556.9 547.2 537.9 528.7 519.4 511 504.8 500.3 497.8 498 500.3 504.9 508.6 512.3 515.5 515.1 511.1 506.5 502.3 500.8 499.9 499.4 498.5 495.8 492.1
133.9 134.4 136.5 139.4 141 141.5 142.6 143.8 144.5 148.5 154.1 153.2 155.7 166.3 174.2 181.6 190.9 202.5 215.5 227.8 245.5 263.8 283.6 307.2 328.6 349.4 371.8 395.4 419.1 435.6 467.1 498.6 509.8 546.6 560.3 558.5 554.3 549.2 545.2 543.9 545.3 548.6 565.5 580.6 594.6 604.1 609.5 614.8 612.7 604.2 590.3 578.2 567.4 558.8 549.8 541.3 532.6 523.9 515.1 508.7 506 504 503 503.2 506 509.4 512.4 515.9 514.5 511.6 508.7 506.1 505.3 504.5 504.6 503.9 500.7 497.2
127.6 128.1 129.6 132 134.5 135 134.2 134.3 137.6 140.4 142.4 146.1 149.5 156.1 163.3 170.4 180.8 190.4 200.2 213 227.9 241.6 261.8 283 300.1 319.4 337.9 357.3 381.5 404.7 432.9 456.7 486.7 518.5 545.9 558.9 551.1 542.4 537.9 537.3 539.2 546.7 563.5 578.5 588.6 601.1 607.3 613.9 612.4 602.9 587 575.6 566.4 558.6 551.2 543.5 535.4 527.7 519.1 512.1 509 507.3 505.2 503.3 506.3 509.2 511.8 514.1 514 511.9 509.2 509 508.5 508.6 508.8 507.9 506.4 503.2
121.7 121.8 122.4 126.6 129.1 129 128.5 128.8 132.2 134.6 137.6 141.5 143.7 147.5 155.2 160.3 167.4 177.4 186.5 196.3 207.5 220.8 236 253.4 271.6 286.8 304.4 323.6 345.8 374.4 397.9 425.7 458.1 486.1 520.3 549 545.5 532.5 529.1 529.6 535.1 542.6 557.1 569.6 584.6 596.8 604.6 609.9 608.8 597.2 579.5 569 562 556.8 550.2 544.1 537.2 529.9 522.6 515.7 512 508 505.1 500.9 504.3 507.4 510.1 511 510.7 510.2 507.6 510.3 511.2 511.6 512 512.6 511.5 509.5
115 115.4 117.2 119 122.7 124 125.1 126.8 129.4 131.2 134.7 136.4 137.6 139.4 146.3 151.4 157.1 164.9 175.2 181.1 189.4 201.6 214.5 227.1 242.8 255.9 273.3 296.1 317 344.7 371.2 399.8 429.6 458.4 494.1 521.3 525.4 517.1 516.1 521.4 529 534.2 548.5 562.8 575.6 588.3 597 599.9 593.6 582.5 570.4 562.5 557.3 553.1 548.9 542.7 537.2 531 524.5 518.4 513.3 508.4 502.4 498.1 500 502.8 506.1 506.9 501.5 505.4 508.2 510.9 512.4 514.1 515.3 516 515.8 514.7
112.5 112.5 114 117 119.5 121.3 123.5 125 126.1 129.4 132.4 132.5 133.7 134.4 137.4 143.1 148.1 153 161 169.3 177.7 185.5 196.9 206.8 215.5 226.5 249.2 270.1 296.1 321.5 350.4 379.1 405.2 428.4 457.6 483 493 496.5 494.7 512.9 523.3 527.6 534.9 547.6 556.9 568.5 576.6 577.3 572 567 559.1 552.8 550.8 549.9 545.9 540.6 535.6 530.5 524.5 518.5 512.2 507.2 500.8 494.6 494.3 497.6 501.1 502.5 497.2 502.5 506.2 510.9 514 516.5 518.1 519.3 520.2 519.4
112.5 112.5 112.5 115.1 117.7 119.8 121.2 122.7 124.7 127.2 128.3 128.3 128.9 129.6 130.1 133.4 137.9 144.2 151.3 159.2 166 171.9 179.7 193.4 202.5 212.8 226 248.4 272.6 301.7 331.3 356.1 379.2 404.7 429.6 444.2 452.3 470.1 480.5 501.2 513 519.3 523.4 527.5 537.2 545.3 552 553.4 551.7 548.3 544.9 541.4 541.4 541.9 540.4 536.4 532.6 528.1 522.7 516.2 510 504.2 498.3 490.7 487.2 491.9 494.3 496 493.1 501.5 506.4 511 514.9 518.5 520.4 522.4 523.4 523.5
112.5 112.5 112.5 114.5 116.7 118.6 119.7 120.5 121.8 123.7 124.9 124.8 125.4 125.4 125 126.1 129.4 136.2 142.3 148.2 152.9 159.5 167 178.4 197 202.3 213.1 228.2 254.9 283.3 310.7 333.1 355.1 385.1 402.2 411.2 413.3 434 459.1 473.3 490.2 500.6 509 514.9 516.4 523.1 526.7 526.9 529.3 530.4 529.6 528.1 529.7 531.9 532.3 529.7 527 523.3 518.5 512.9 507 500.8 494.6 486.8 476 482.6 486.4 481.6 491.6 500.4 506.5 511.8 516.1 519.7 522.8 525.1 526.3 526.9
112.5 112.5 112.5 113.5 115.7 117.1 118.1 118.7 120 120.3 120.8 121.5 121.9 122 120.7 122 123.3 126.6 131.1 136.5 141.8 147.4 162.1 172.8 179.2 189 204.5 223.3 245.2 266.7 290.4 310.5 333.8 368.8 376.8 381.1 387 406 422.3 438.4 458.4 470.7 484.1 495.3 500 497.5 505 506.9 507 508 510.6 512.3 514.2 517.1 519.6 519.9 519.7 518.4 514.1 508.2 502 495.5 489.2 472.2 462.3 471.5 468 479.9 492 498.6 506.2 512.4 517.2 521.3 525 528.1 529.8 531.4
112.5 112.5 112.5 112.5 113.7 114.9 115.9 116.9 117.4 117.4 117.7 118.2 117.5 118 118 118.5 119.4 121.6 125.1 129.4 134.2 153.4 171 177 186.3 195.6 208.6 230.4 250.8 273 289.1 294.9 309.7 334.2 346.1 352.8 372.2 378.9 390.8 404.4 425.1 439.1 455.8 468.6 477.1 477.9 478.4 483.8 485.3 487.2 492.4 495.6 497.8 502.2 508.1 509.2 510.9 511.5 508.7 503.1 496.5 489.5 483.5 472.9 448.9 457.7 456.6 477.6 489 497.8 507 513.6 518.6 522.8 527.4 531.4 534.6 539.3
112.5 112.5 112.5 112.5 112.5 113.3 114 113.8 115.1 115.5 115.3 115.4 115 115.4 115.3 116.4 118.3 120.4 123.1 126.4 138.5 155.8 172.3 185.4 200.5 211.7 218.8 234.4 259.2 280.7 297.8 301.6 303.6 311.9 325.2 335.5 343.8 353.3 362.4 374.5 390.5 401.9 420.5 432.5 446.5 454.7 457.8 461.6 464.8 467.9 472.1 475.3 480 486 491.6 495.2 498.1 501 500.6 496.9 489.8 483.1 476.9 472 451.3 441.2 455.2 470.4 484 495.7 506.7 514.4 519.3 523.5 528.5 533.8 538.2 545
112.5 112.5 112.5 112.5 112.5 112.5 112.5 112.5 113 114.1 114.1 113.9 114.3 114.7 115.1 115.7 117 119 121.1 124.9 136.5 154.6 176.2 199.1 218.9 241.6 242.8 244.3 271.6 297.6 310.6 317.9 321.5 314.1 316 319.7 325.6 329.8 334.6 341 352.9 365 382.5 395.5 414.3 425.4 432.9 438.3 443.7 447.2 450.4 453.3 456.8 462.2 469.7 477.5 483 488 491.4 489.3 481.5 473.2 463.3 464.2 455.2 435.5 445.8 459.7 476.1 489.4 501.4 510.3 515.3 519.6 523.9 529.6 534.9 543.3
112.5 112.5 112.5 112.5 112.5 112.5 112.5 112.5 112.5 112.5 112.9 113.4 113.8 114.2 114.4 114.8 115.8 118.5 121.5 126.2 135.1 155.9 179.3 206.9 230.9 251.9 269 263.3 271.8 301.7 322.3 325.5 328 322.6 310.9 306.2 308.5 309.5 309.8 313.9 321.1 332.1 344.6 356.9 372 387.1 402.4 413 418.1 424.7 429.1 432.6 436.2 442.7 449.7 458.4 462.7 470.4 476.7 478.2 471.2 458.1 451.6 455.4 449 438.8 432.3 446.6 464.1 481.1 492.5 500.7 506.6 510.7 514.4 519.7 526.8 535.6
112.5 112.5 112.5 112.5 112.5 112.5 112.5 112.5 112.5 112.5 112.5 113.2 113.5 113.5 113.8 116.9 119.9 123.4 125.4 128.5 145.6 164.4 186.7 214.4 234.1 262 284.4 279.5 272.5 291.9 305.4 315.7 320.3 318.6 313 304.2 298.1 294 291.8 292.4 297.2 305 314 324.9 338.8 352.2 367.9 379.8 390.3 398 405.2 410.7 415.1 418.4 426.7 437.1 441.8 452.1 460 462.3 457.9 438.3 440.8 445.9 440.1 439 424.3 432.9 450.3 469.4 481.3 489.4 494.6 498.4 502.2 507 515.1 526.5
112.5 112.5 112.5 112.5 112.5 112.5 112.5 112.5 112.5 112.5 112.5 112.5 113.1 113.2 115.5 118.3 121.3 125.2 128 131.8 159.4 186.1 208.8 229 249.8 276.9 292 293.9 285.3 281 292.5 302.6 307.2 308 307.2 301.5 294.6 283.2 279 276.8 279.2 285.8 293.2 302 313 325.6 337.9 348.4 356 367.4 377 384.3 391.5 398 400.8 410.8 417.2 426.9 435.7 440.4 440.2 423.7 432.8 434.1 430.7 429.4 423.5 420.8 437.7 456.3 468.8 475.3 479.7 482.7 486.3 495.3 505.9 518.5
112.5 112.5 112.5 112.5 112.5 112.5 112.5 112.5 112.5 112.5 112.5 112.5 112.5 114.6 117.7 121.2 123.2 125.6 129.4 139.2 192.2 237.1 245.2 255.5 276.9 313.6 316.3 304.9 298.4 292.5 291.6 294.4 295.4 298.1 298.9 293.3 285.6 278 270.8 268.5 269.2 271.2 276.7 284.8 293.8 301.4 310.5 319.3 327 335.4 346.7 355.3 362 369.8 376.7 382.8 391.4 401.3 410.6 416.9 418.8 413.8 419.5 420.2 420.4 411.3 414.9 410.2 425.5 442.1 453.7 460.9 465 469.2 475.9 486.6 497.8 510.7
112.5 112.5 112.5 112.5 112.5 112.5 112.5 112.5 112.5 112.5 112.5 112.5 112.5 115.3 121 122.8 123.8 126.2 132.3 168.7 214.2 249 289.5 301.6 307.2 320.1 326.4 311.8 305.7 298.5 294.4 293.8 293.4 290.3 287.4 284.6 277.3 270.9 265.9 267 266.7 266.7 267.6 273.7 281.2 285.9 291.4 298.5 306.1 314 321.8 329.4 334.6 341.3 348.3 356 362.4 370.4 381.5 391.6 396.1 396.5 401.2 402.3 403.2 401.6 403.5 402.1 416.5 425.9 437.6 444.6 447.8 453.6 464.7 477.1 489.3 501.8
112.5 112.5 112.5 112.5 112.5 112.5 112.5 112.5 112.5 112.5 112.5 112.5 112.5 115.6 122.9 123.9 124.9 126.5 130.5 169.1 220 254.7 283.6 318 326 324.9 325.6 318.9 308 301 295.3 292.8 289.3 285.3 280.3 274.7 269.1 264.7 264.3 265.3 263.5 262.3 262.2 265.2 270.6 275.5 279.8 284.1 288.9 294 300.3 305.8 311.9 318 324.6 330.2 337.3 347.2 356.3 367.5 374 377.5 383.7 384.7 382 386.3 391.3 390.7 403.7 409.9 420.2 426.4 427.6 440.1 453 465.5 478.9 493
112.5 112.5 112.5 112.5 112.5 112.5 112.5 112.5 112.5 112.5 112.5 112.5 112.5 117.7 123.2 125.1 125.9 127.3 128.9 156 194.4 226.1 268.4 307.3 326.8 323.3 317.8 316.8 306.2 297.4 292.1 287.6 284.2 279.4 274.5 269.1 264.3 261.9 262 259.4 257.7 256.8 257.3 261.2 262.6 264.7 268.6 271.6 274.9 278.7 283.1 287.2 291.5 296.6 303 308.9 317.2 327.3 337.9 342.2 348.4 358 364.5 361 361.5 372.4 375.3 380.8 387.5 393.3 402 407.1 412.5 424.6 436.8 450.1 464.7 479.9
112.5 112.5 112.5 112.5 112.5 112.5 112.5 112.5 112.5 112.5 112.5 112.5 112.5 115.8 124.7 128.2 126.4 128.1 130.6 145.3 179.5 224.6 257.3 289.9 307.2 308.8 306.4 306.1 293.1 292.2 286.4 281.6 278.4 274.1 268.9 263.8 259.9 259.5 257.1 252.8 250.3 251.1 253 250.3 250.9 253.9 256.4 258.1 260.8 264.5 269.2 274.3 278 282.5 287.2 292.1 299 308.8 316.9 320.6 324.9 331.9 336.7 334.7 348.8 353.4 354.5 363.8 370.4 376.4 382.4 385 394 403.8 414.8 428.5 444.3 460.1
112.5 112.5 112.5 112.5 112.5 112.5 112.5 112.5 112.5 112.5 112.5 112.5 112.5 112.5 129.4 141.7 131.3 128.6 130.4 134.8 161.3 196.9 242.4 269 288.3 292.1 295.2 284.1 281.1 286.3 285.3 276.5 272.6 268.2 263.2 257.2 255.3 255.4 251.7 246.9 241.8 244.5 241.1 235.1 238.4 241.1 243.1 244.6 246.9 250.6 256.4 262.4 266.7 269.5 273.1 278.9 285.6 293 299.3 305.4 312.5 316.3 316.9 329.8 334.7 337.2 340.7 346.3 351.6 357.6 363.8 365.1 375.2 384.8 394.1 406.4 422.2 438
112.5 112.5 112.5 112.5 112.5 112.5 112.5 112.5 112.5 112.5 112.5 112.5 112.5 112.5 131.5 139.6 140.8 143 135.4 133.7 148.8 176.4 206.7 235.8 258.4 265.1 263 266.7 272.2 273.1 269.3 271.4 263.8 260 256.9 253 249.8 248.1 245 241.2 236.1 230.5 225.9 224.8 226.4 228.9 230.7 233.2 235.3 238.3 243.5 248.6 252 254.8 258.3 264.2 271.1 276.8 281.5 288.1 293.8 295 301.8 311.9 318.3 320.8 323.7 327.8 331 335.3 340.6 344.3 352.8 361.8 370.1 381.4 394.1 408.8
112.5 112.5 112.5 112.5 112.5 112.5 112.5 112.5 112.5 112.5 112.5 112.5 112.5 112.5 116 138.6 142.8 145.4 140.8 135.5 139.8 154.9 177.9 201.3 227.2 252.6 231.7 254.7 260.9 261.1 264.4 261.2 260.1 253.2 252.9 249.1 243.7 240.2 237.7 234.4 229.2 224 218.4 216.8 216.6 218.5 220.2 221.9 223.8 225.1 228.2 231.4 235.6 240.3 244.4 250.1 256.5 262.4 267.4 272.6 277.1 283.2 288.5 297.1 301.8 303 304.6 307.4 311.9 315.1 318.7 325.6 332.2 339.2 346.2 355.1 366.3 379.1
112.5 112.5 112.5 112.5 112.5 112.5 112.5 112.5 112.5 112.5 112.5 112.5 112.5 112.5 112.5 114 126.5 131.9 136.2 135.4 136.4 143.6 154.7 170.5 190.2 208.6 229.6 235.8 234.2 246.6 246.5 248.9 250.5 245.3 244.7 243.7 238.4 230.4 227.8 226.8 222.6 217.9 212.6 209.1 207.8 208.5 210.1 211.4 212.7 213.4 215.6 216.9 221.5 226.7 232.8 238.1 243.8 248.6 253.9 258.7 263.4 270 275.2 282.7 286.1 288.6 291.1 295.3 299.1 300.8 303.3 309.7 315.1 320 325.8 331.7 341.2 351.3
112.5 112.5 112.5 112.5 112.5 112.5 112.5 112.5 112.5 112.5 112.5 112.5 112.5 112.5 112.5 112.5 112.5 118.7 123.2 126.2 130.6 134.7 142.4 151 162.1 176.2 196.5 214.9 218.4 222.5 227.5 231.8 235.4 236.1 235.3 234 229.5 221.2 216 215.5 215.5 211.1 206.4 202.2 199.8 197.7 199.1 201.3 203.4 204.9 206.9 206.3 209.2 214.6 220.4 225.6 229.8 235.1 241 246.6 252.1 258.7 263 267.2 271 275.1 278.8 282.4 285.8 288.5 291.3 295.4 299.9 304.9 309.3 314.6 322.2 330
112.5 112.5 112.5 112.5 112.5 112.5 112.5 112.5 112.5 112.5 112.5 112.5 112.5 112.5 112.5 112.5 112.5 112.5 112.5 114.4 118.3 124.4 129 137.1 142.4 150.7 165 177.9 193 196.8 204.4 213.5 221.2 223.2 222.8 221.8 219.8 212.5 202.1 203 206.3 203.6 198.5 194.4 192.1 189.6 189.5 190.6 192.8 195.6 197.4 193.5 195.3 201.6 207.4 212.3 216.3 221.9 228.5 234.5 240.5 247.6 251.2 254.7 258.9 263.1 266.7 270.1 273.1 277.2 280.9 283.4 286 289.6 295.6 300.4 306.3 314.5
135.5 119.4 112.5 112.5 112.5 112.5 112.5 112.5 112.5 112.5 112.5 112.5 112.5 112.5 112.5 112.5 112.5 112.5 112.5 112.5 112.5 112.9 119.5 121.3 126.5 131.3 140.9 152.3 163.1 171 181.7 190.9 198.7 203.6 206.1 207.3 205.4 198.5 189.3 185.5 192.9 194.9 189.9 186.4 184 181.4 179.6 179.6 182.3 186.4 187.5 183.4 185.6 190.1 195 199.6 204.2 209.5 215.8 222.2 228.3 235.3 238.9 243.1 247.6 251.6 255.8 259.5 263.2 266.4 269.9 272.1 274.5 277.9 283.5 288.2 293.9 301.2
195.5 159.1 124.2 112.5 112.5 112.5 112.5 112.5 112.5 112.5 112.5 112.5 112.5 112.5 112.5 112.5 112.5 112.5 112.5 112.5 112.5 112.5 112.5 114.4 115.5 119.1 123.6 134.1 143.1 150.5 158.1 165.3 170.7 177.1 183.5 188.8 187.1 181.4 175 169.9 177.8 184.4 180.5 177.3 175.6 173.6 172.4 171.6 173.5 175.4 175.2 175.6 177.8 180.8 183.7 188.6 193.4 198.5 205.2 210.4 216.6 223.3 227.9 232.5 237.1 241.7 246.4 250.6 254.3 256.9 259.5 261.7 264 267.5 272.6 278.3 282.6 288.6
231.1 184.9 149.5 112.5 112.5 112.5 112.5 112.5 112.5 112.5 112.5 112.5 112.5 112.5 112.5 112.5 112.5 112.5 112.5 112.5 112.5 112.5 112.5 112.5 112.5 112.5 112.7 117.5 125.7 132.4 135.7 141.4 146.2 151.2 157.2 162.5 165.1 164.2 159.8 156.6 163.8 170.8 169.2 167.9 166.5 164.2 162.8 162.7 165.5 167.2 169.1 169.7 172.3 174.8 177.7 181.7 185.5 190.8 196.6 201.8 208 215.3 218.4 222.9 228.2 232.7 237.5 242.3 246.3 248.8 251.6 253.4 256.1 259.5 264.2 269.3 274.6 279.2
237.8 205.2 165.9 128.1 112.5 112.5 112.5 112.5 112.5 112.5 112.5 112.5 112.5 112.5 112.5 112.5 112.5 112.5 112.5 112.5 112.5 112.5 112.5 112.5 112.5 112.5 112.5 112.5 112.5 117 119.7 121.7 124 128.8 133 136.3 142.5 147.4 146.2 150.2 152.4 154.6 153.8 154.7 156.6 161.1 162.2 162.8 163.3 166.2 169.5 172 175.1 176.6 178.2 179.9 181.8 184.4 187.1 192.7 199 206.1 209.2 214.6 219.5 224.4 230 235.8 239.1 242.3 245.8 248.1 251 254.6 259 262.8 269.8 275
229 207.5 175.8 142 116.4 112.5 112.5 112.5 112.5 112.5 112.5 112.5 112.5 112.5 112.5 112.5 112.5 112.5 112.5 112.5 112.5 112.5 112.5 112.5 112.5 112.5 112.5 112.5 112.5 112.5 114.2 116.2 117.9 120.3 122.7 124.5 127.7 132.9 134.4 136.3 138.4 139.6 139.6 140.6 147.5 158.2 159.8 161.2 161.7 166.2 170 173.4 177.7 181.3 186 190.7 191.5 194.9 194.8 192.2 193 197.9 203.1 208.1 213.4 218.3 224 229.4 233.1 236.3 240.1 243.6 246.8 250.3 254.9 259.2 264.8 270.8
218.9 195.2 170.7 146.6 130.3 115.5 112.5 112.5 112.5 112.5 112.5 112.5 112.5 112.5 112.5 112.5 112.5 112.5 112.5 112.5 112.5 112.5 112.5 112.5 112.5 112.5 112.5 112.5 112.5 112.5 112.5 112.5 112.5 114.7 117 120.3 122.9 123.8 125.4 128.9 132.8 131.2 129.7 134.5 140 151.7 159.1 158.6 161.1 165.5 169.3 173.9 180.9 189.7 199.3 203.9 205.7 209 209 206.6 204.3 204 202.1 210.2 215.2 216.9 218.8 223.7 227.1 230.1 235 238.8 243.1 247 251.4 256.2 261.8 265.8
219.2 195.8 175.5 155.9 141.6 129.6 115.4 112.5 112.5 112.5 112.5 112.5 112.5 112.5 112.5 112.5 112.5 112.5 112.5 112.5 112.5 112.5 112.5 112.5 112.5 112.5 112.5 112.5 112.5 112.5 112.5 112.5 112.5 112.5 116 116.7 118.9 119.1 121.6 124.5 126.9 124.3 125.3 130.6 136.4 144.1 154.4 155.6 159.8 165.1 170 175.1 185.2 198.3 212.5 217.1 220 222.9 223.3 220.9 218.9 218.2 217.5 223 223.7 225.2 226.5 227.5 229 230.7 234.7 238.9 243.5 255.7 253.3 253.4 256.8 259.7
223.6 202.8 185.2 173.6 156.5 139.9 123.1 112.5 112.5 112.5 112.5 112.5 112.5 112.5 112.5 112.5 112.5 112.5 112.5 112.5 112.5 112.5 112.5 112.5 112.5 112.5 112.5 112.5 112.5 112.5 112.5 112.5 112.5 112.5 112.5 113.9 113.9 114.6 117.7 119.9 120.2 121 121.9 126.1 131.9 136.8 148.3 154.7 156 163.6 170.5 179.8 196.2 210.3 221.6 230.4 234.6 237.1 237.3 235.3 233.9 233.4 233 232.4 231.9 233.8 236.1 234.3 233.8 234.6 237.9 240.7 247.1 254.6 254.1 252.4 255.5 257.3
