GeneralExemplars/GeoExemplars/data/LakeDistrict/terrain-50-dtm_3563996/ny/NY11.asc
ncols 200
nrows 200
xllcorner 310000
yllcorner 510000
cellsize 50
[rows 140 to 174 of 200, columns 0 to 77 of 200]
503.9 501.4 498.9 495.7 491.9 487.4 483.2 485.3 489.2 493.7 498.8 503.2 506.8 512.9 519.4 525.2 531.9 537.3 543.6 549 552.3 553.7 554 552.1 547.6 545.5 540.7 535 525.4 516.7 505.5 497.2 487.1 473.8 468.4 463.3 457.7 447.7 442.5 442.9 436.4 431.1 431.4 432.3 435.2 435.3 433.8 435.2 448.1 442.5 431.8 420.6 404.2 384.9 364.8 336.9 308.1 282.7 255.3 237.6 216.6 227.1 250.8 257.7 252.8 234.1 217.9 203.3 228.5 251.1 273.3 299.9 323.4 341.8 360.7 378.7 388.2 398.8
508.5 504.3 499.6 494.3 488.2 482.4 477.7 480 485.7 490.8 495.3 499.9 504 509.2 515.6 522.6 530.6 539 544.2 548.4 552.5 555.2 556.5 555.9 554.2 550.3 546.6 542.9 537.3 529.6 519.3 512.6 506.2 494.4 482.2 476.3 470.1 461.4 455.4 450.7 446.1 444.3 448.3 452.3 455.9 449.5 446 444.1 449.6 448.6 440.2 425.7 407.7 393.1 369.6 342.6 315 290.3 266.8 244.6 221.5 227.6 250.6 268.4 270 256.7 238.3 212.6 219 241 265 290.2 313.2 334.1 349.6 367.7 382 390.8
510 505.5 497.9 490.1 483.2 475.5 469.4 473.1 480.6 486.5 491.1 496.5 500.4 505.8 512.2 520.8 529.8 538.9 545 548.9 552.2 555.5 558.5 559.7 558.6 555.6 552 548 545.5 539.7 532.4 525.8 517.9 511.5 501.6 494.6 487.6 476.6 470.7 462.9 460.5 459.2 461.3 466.8 468.9 467.2 460.2 455 451 448.2 444.8 430.5 413.8 398.8 377.7 352.8 323.5 297 271.8 250.3 227.9 230.6 250.1 271.9 284.6 277.5 259.9 240.5 227.8 231.5 255.8 278.8 301.3 319.8 336.8 350.3 371.2 384.1
509.8 502.1 491.9 484.3 476.9 468 462.4 466.7 474.1 479.8 486.4 492.3 497 501.6 509.2 518.3 527.8 536.3 543.9 547.7 551.5 554.6 558.9 563.3 562.6 559.3 555.8 553.4 550.9 547.5 540.7 535.6 531 525.7 519.8 514.8 508.6 498.1 487.3 478.7 476.4 475.7 476.4 481.3 484.6 485.7 481.2 467.2 458.9 452.2 448.5 436.3 417.5 403.2 383.7 363.4 332 305.9 281.1 258.6 238.8 232.3 251.6 275.2 291.5 292.8 281.5 267.5 254 248.7 245.4 265.9 286.1 306.1 320.6 337.9 358.7 378.9
505 497.9 486.5 477.5 470.7 461.7 455.4 458.8 464.9 473.1 480.8 486.9 492.5 497.5 503.8 510 521.2 529.9 537.8 542.7 547.7 554.6 556.7 560.9 562.2 561.2 559.3 557.6 556.9 555 551.5 546.7 542.8 540 538 533.8 532.7 526.3 516.9 506.8 498.4 497.1 495.4 498.4 501.9 499 496.7 485.3 474.6 461 449 437.5 420.7 406.9 389.8 368.4 344.5 318.3 292.5 268.7 250.9 236 256.9 277.3 297.2 301.6 297.9 286.6 273.7 263.3 252.5 251.9 273 292.7 307.9 327.5 346.4 367.8
498.5 490.4 478.8 471.3 462.5 453 447.6 450.5 456.6 466 473.4 478.6 486.1 491.6 497.4 502.7 509.2 517.5 527.5 533.7 540.8 550 553.6 555.3 559.5 559.9 560.1 560.6 561.8 561.7 560.8 559.4 556.3 553.7 552.4 553.6 554.7 555.7 554.4 546.5 536.9 532.1 526.8 523.3 521.6 514.6 508.4 500.4 486.9 469.4 455 439 420.1 407.9 392.8 374.2 353.2 329 306.6 281.2 262.8 244.4 258.7 284.2 302.4 312 310.6 302 292.2 281.1 270.1 254.9 259.6 279.5 299.1 316 334.5 354.7
489.9 482.4 472.5 463.8 454.6 445.4 436.5 441 448.3 455.7 461.4 469.7 476.7 483 488.9 494.8 501.2 508 515.2 521.2 528.4 539 545.1 549.2 551.1 553 558 562.8 565.7 567.9 569.1 569.1 568.2 567.7 566.9 567.2 571.1 574.2 575.7 577.9 580.2 574.9 572.5 568 557.8 539.2 524.9 516.4 499.9 483.7 464.1 446.7 427.5 410.3 397.1 380.9 363.2 341.1 321.1 297.3 275.8 252.6 264.8 285.3 305.8 322.9 323.1 312.5 305.5 296.9 286.8 272.2 259.8 266.7 288.7 307.8 324 341
480.5 473.6 467 457.8 447.2 437.2 427.9 432.9 439.9 445.3 452.1 460.2 468.2 475.3 481.1 487.4 493.6 498.5 505.4 511.7 519 526.5 533.5 540.8 545.1 547.6 557.1 563.7 568.4 572.2 575 576.9 577.9 579.4 580.7 580 584.7 588.5 591.7 595.1 596.9 597.4 597.5 596 589 576.7 556.3 537.1 513.5 493.7 478.3 457 438.4 420.3 401.1 390.1 370.9 349 328.1 306.3 286.7 264.2 269.6 285.7 312.6 332.8 337.2 327.4 316.4 309.5 301.4 287.1 272.2 264.2 281.2 298.9 315.7 330.8
472.1 466.3 459.1 451.4 441.5 430.9 419.9 425.8 430.9 436 443.3 451.9 459.6 466.3 473.3 479.6 485.4 490.6 496.4 503 510.6 517.4 524 530.4 535.8 545.9 555 562.9 569.6 574.9 579.6 583.6 586.8 588.1 590.4 592.7 595.2 598.2 601.8 605.5 608.6 608.1 607.1 606.7 602.9 593.8 582.7 563.3 534.4 506.2 487.5 467.8 445.8 427.5 409.8 394.1 376.2 355.8 335.9 315.9 302.2 277.7 279.4 295.8 312.4 335.1 346.2 343.5 330.6 319 312 299 286 271.6 275.3 291.1 304.8 326.5
463.2 458.2 453.3 445.3 435.3 423.9 414.4 417.6 423.3 427.9 434.4 441.6 450.2 456.2 463.4 469.4 475.3 482 487.2 493.4 500.5 508.5 515.7 523.9 533.7 543.9 553.6 563.1 570.5 576.8 583.1 589.1 592.8 594.9 597.1 599.8 602.9 606.2 610.7 614.8 617.6 618.6 616.3 613.4 607.9 601.6 591.8 579.8 556.1 523.9 498 475.2 457.7 435.9 420 402.7 380.4 359.8 341.8 322.3 305.2 284.3 292.7 293.4 313.3 335.8 356.4 357.8 348.7 332.9 324.2 311.2 299.8 285.5 274.4 283.5 306.2 324.2
455.3 450.2 445.2 438.9 429.3 417.6 403.8 409.5 415.7 421.4 426.2 432.2 440.4 446.9 452.4 458.9 465.3 472.4 478.2 485.2 491.3 498.6 507.1 520.5 530.3 541.6 551.8 561.9 570.2 577.6 584.5 590.2 594.7 598.7 601.4 604.5 608.2 611.4 616.3 620.9 624.9 625.3 623.7 621.2 615.8 607.1 598.9 588.4 569.5 540.4 509.8 485.3 466.5 446.6 423.7 409 387.6 367.9 345.4 327.5 308.1 293 293.5 297.3 314.2 340 366.1 371.4 364.2 350.3 336.1 326.4 313 301.8 286.5 279.9 300.6 321.9
445.6 442 437 430.4 422.6 411.7 395.5 404 409.5 414.4 420.2 424.6 431.3 437.5 443.1 449.9 456.7 461.9 467.6 473.2 477.6 491.8 504.3 515.1 526.9 539.2 550.3 559.6 568.9 577.1 583.2 588.1 594.4 599.1 602.9 606.6 610.7 615.4 620.1 624.7 628.5 630.4 627.9 625.7 623.6 614.1 604.3 594.5 580.3 560.7 524.3 497.3 472.8 457.3 436.7 417 398.5 373.3 351.8 331.5 311.3 297.1 297.4 302.7 317.7 341.3 366.3 383.1 381.8 371.2 356 342.8 330 315.9 300.5 285.2 295.4 319.2
437.1 433.7 428.3 422.1 414.9 404.6 388.4 397.9 403.1 407 411.8 416.7 423.1 428.2 433.8 440.8 447.1 452.6 456 463.1 475.5 487.2 498.9 510.4 522.1 535.9 547.4 558 567.3 574.4 580.9 586.2 591.2 597.1 601.9 606.2 611.1 616.4 622.4 627.6 631.3 633.2 631.6 630.5 625.6 619.1 610.3 600 586.1 568.1 536.5 504.4 483.3 465.4 447.9 429.3 409.1 382.9 359.1 336.4 313.5 300.3 295.8 307.7 322.3 342.4 368.5 390.3 396.3 395.1 377.9 360.8 347.4 332.3 317.3 301.5 292 314
427.1 422.9 418.7 413 405.6 397.1 383.3 388 396.1 400.7 405.1 409.5 414.7 419.5 426.2 431.7 436.5 441.3 450.4 459.3 471.2 483 493.8 506 517.7 531.2 542.9 553.5 562.7 569.8 576.5 582 586.2 592 598.4 604 608.5 614.4 621.7 626.2 630.6 633.1 633.8 633.3 627.4 620.2 612.8 604.4 593.2 575.6 539.7 506.3 488.7 473.1 458.1 440.5 419.3 390.8 363.5 341.7 317.6 303.6 298.2 310.4 322.5 346 370.5 394.5 409.9 412.3 400.7 383.4 369.2 352.9 334.2 317.4 299 307.7
417.2 413.4 410.4 405 397.8 389.5 373.5 384 389.5 393.5 397.5 401.7 406.7 410.6 416.4 421.3 424.6 436.8 445.1 456.2 467.1 478.4 489.2 500.6 511.5 525.8 536.7 546.7 555.6 563.9 570.4 576.2 580.9 587.4 592.3 599 605.2 610.6 617.7 624.8 629.7 633.6 634.2 633.9 630.6 621.9 614.6 607.5 598.3 585.2 559.4 513.5 488.2 476.9 463 446.8 426.6 396.1 370.5 345.8 324.2 308.7 301.2 315.9 328.7 349.6 373.2 399.3 422.2 424.9 419.3 408.3 393.3 372.7 353.7 333.6 316.4 306.8
409.3 405.5 402.1 396.7 389.9 382.4 370.7 376.1 381.5 385.3 388.5 391.8 396.6 400.9 405.7 409.9 422 430.5 442.7 453.3 463.6 474.6 484.6 496.5 505.7 517.4 530.9 539.9 547.7 555.3 563.8 569.1 574 579.6 585.5 590.2 598.2 605.3 612.3 618.6 627.2 632.8 634.2 635.6 631.7 625.5 620 611.6 601.9 591.3 571.3 525.6 495.6 477.3 464.1 452.5 431.2 402.1 375.6 351.9 332 319.3 307.3 322.9 334.3 354.4 378 404.8 432.9 437.2 435.8 429.6 415.1 392.9 371.2 353.1 334.4 313.8
399.7 397 394.4 389 383.2 375.4 363.4 368.1 372.4 376.4 380.4 384.9 388.8 388.2 400.5 410.2 418.1 427.7 439.8 449.5 459.1 471 479.9 490.4 500.2 511 520.4 530.7 539.6 547 554.3 561.5 566.6 571.5 577.9 583.6 590.3 597.6 605.5 614.2 622 628.3 633.3 634.5 633.2 629.2 623.5 616.3 608.6 599 576.3 536.2 505.6 483.3 468.2 455.7 436.4 409.4 380.9 358.2 338.8 326.3 316.6 328.6 340.3 358.1 382 410.7 440.8 447.5 449.3 445 435.9 414.2 390.1 371.9 352.4 333.3
388.2 388 385.7 381.9 376.2 368 349.7 362.1 366.4 369.7 373.8 376.5 382.6 390.7 399 406.9 415.7 424.3 434.7 444.3 455.1 465.7 474.9 483.9 494.6 504.1 513.7 524.2 529.8 537.6 545.8 552.7 559 565 569.9 576.4 583.7 590.7 598.9 607.6 616.9 624.9 630 633.7 635.4 632.3 627.2 621.2 614.7 607 593.2 558.2 519.8 493.8 472.8 458.7 442.1 414.5 386.6 365.4 339.4 324.7 322.4 331.3 346.9 364 390.7 421.1 453.7 458.9 457.8 453.8 447.2 434 410.5 383.8 367.4 349.1
376.9 376.7 374.9 373.3 366.9 359.3 343.3 355.4 359.7 361.4 366.9 374.7 381.6 388.4 396.4 403.8 412.6 421.4 431.4 440.6 450.3 458.8 468.7 477.7 486.4 496.3 505.5 515.1 521.7 527.3 535.6 542.4 549.1 556.2 563 568.6 575.5 584.3 591.2 600.7 611.7 621.5 628.5 634.1 636.1 635.4 631.8 627.2 621.2 613.7 603.4 581.1 536.1 507 482.9 465.5 451.4 422.2 391.6 368.3 343.6 329.4 327.7 339.6 352.3 370.4 398.1 430.7 461.7 471.1 468.5 463.2 453.2 443.3 427.3 403.4 381.5 364
358.1 363.1 364.6 361.8 355.8 347.8 330.5 347.6 345.3 349.1 364.4 372.5 379.3 386.7 393.6 400.6 408.9 416.4 429.4 437.6 444.4 452.2 460.8 470 477 485.4 496.3 504.5 512.4 519.6 525.8 532.1 539.3 547.1 554.1 561.3 568.3 577.8 588.6 598.9 609.4 618.7 626.9 633.5 637.2 638.1 636.8 631.7 626 618.5 608.8 591.8 549.7 516.8 492.6 473.5 457 429.6 396.1 371.5 348.1 333.3 333.4 345.6 358.2 378 405.2 436.1 473.2 483.1 480.2 472.8 463.9 454.9 438.8 418.4 396.6 380.9
365 356.7 351.9 353.3 346.6 337.5 323.7 329.9 349.5 358.8 365.4 371.5 377.2 383.7 390.9 397.1 404.2 411.6 425.1 431.5 439.3 445.6 452.8 461.3 469.5 476 484.9 493.9 503.1 510.7 517.5 521.7 530.5 537.4 545.4 553.4 563.2 573.8 586.3 597.8 608.1 616.6 624.3 632.6 637.9 641.3 640.3 635.8 628.5 620.3 611.9 597.5 561.3 527.1 502 479.2 461.5 437.3 401.3 378 354.5 336.9 339.7 351.2 365.3 383.6 411.6 442 480.3 496.2 493.2 483.6 474.3 464.2 451.5 433.3 412.5 396.2
362.5 352.4 336.5 343.4 340.4 324.9 315.1 338 351.4 358.9 365 370.2 375.4 381.1 387.2 393.3 399.5 406.6 416.6 423 432.3 438.3 446 453.4 459.7 468.6 477.6 485.7 492.4 501.1 507 513.6 519.1 529.1 541.6 552.7 563 574.1 586 597.3 606.6 614.6 622.3 630.1 636 639.3 641.9 636.5 630.2 621.9 611.9 600.5 570.2 534 507.5 485.8 464 440.3 409.1 386.1 362.4 344.7 351.6 359.3 371 391.1 418.2 450.6 483 501.1 502.5 494.5 483.2 478.2 462.8 450.5 427.2 413.5
361.4 349.5 340 321.7 317.2 309.4 325.7 341.1 350.7 357 362.7 368.1 372.5 376.6 381.4 387.1 393.6 399.7 408 415.5 422.2 429.7 436.2 445.8 453.2 461.9 470 479 486.5 492.6 497.8 506.2 516.1 526.1 537.6 550.5 561.3 572.8 584.8 595.6 605.3 612.1 618.5 626.3 632 636.4 638.3 635.5 630.7 622.6 613.1 600.4 576.8 542.8 516 494.5 469.1 443.1 414.2 390.5 369.8 349.5 357.5 369 381.8 400.2 425.2 457.2 485.8 506.1 510.7 505.5 491.7 486 475.9 463 446.8 428
359.8 348.2 334.9 329.5 308.1 312.2 329.8 341.6 348 353.2 359 364.3 367.7 371.2 375.3 380.2 386.1 393 400.5 407 414 421.5 428.6 438.1 445.6 454.8 463.7 471 479 486.8 495.9 503.5 511.8 523.5 534.8 548 558.8 569.4 580.4 591.8 602.9 610.5 617.1 622.3 628.4 633.1 634.5 633.3 629.2 622.4 613.2 600.6 579 545.6 520.2 499.9 476 450 419.6 394.2 373.3 363.1 370.4 379.8 395 413.6 438.9 460.1 492.4 510.1 518.5 511.3 504.2 496.5 489.6 476.9 462.5 445.1
357.8 344.5 331.3 314 294.3 313.9 331.8 339.4 344.4 348.5 354 358 361.4 364.6 368.7 373.2 378.9 383.4 390.3 396.8 401.8 413.1 424.9 435.6 443.3 453.3 464.6 472.7 479.8 486.4 493.5 501 509.2 519.5 530.3 542.2 552.7 561.6 574.9 584.3 597.2 608.1 614.5 619.4 624.5 628.9 631 630.7 626.9 621.6 613.7 602 584.1 557.6 532.7 510.8 485.7 457.9 425.9 400.6 378.8 376.6 385.3 391.5 407.3 428.1 454.5 469.2 498.9 518.9 523.9 519 514.2 507.8 496.8 490.9 478.1 465.7
353.2 340 326.9 307.9 294.7 318.3 330 335.8 338.8 342.2 346.4 351.1 354.3 357.5 361.2 365.5 367.3 369.6 375.4 393.8 404.4 415.9 425.9 433.6 441.8 454.4 466.2 472.7 478.6 484.1 490.3 497.2 505.4 515.7 525.8 534.7 545 554.7 564.3 578.3 590.5 601.3 610.6 616.7 621.8 625.9 627.4 627.6 625.5 621.9 615.2 604.6 588.9 564.3 541.7 519.6 498.5 468.8 433.4 406.6 385.8 395.9 401.2 408.3 422 445.8 465.5 479.7 500 525.3 530 527.5 523.5 518.1 511.6 501.7 490.2 477.5
346.1 332.8 317.9 295.8 298.5 317.1 326.5 330.4 333.1 335.3 339.5 343.4 345.9 349.2 347.1 351.6 365.1 374.6 384.9 395.1 405.5 415.5 423.9 431.3 438.4 451.9 464.4 471.2 476.1 481.1 487 492.8 500.2 509 520.7 528.9 536.3 544.5 554.1 564.1 579.8 591.7 600.8 610.9 617.7 622.4 625 625.3 625.7 622.1 616.7 606.8 591.3 569.4 542.4 523.4 502.7 476.2 442.7 414.1 397.6 411.2 417.9 427.9 437.5 464.1 472.5 496.1 506.6 527.8 538.1 537 531.3 524.1 516.1 511.2 504.1 493.8
337.1 324.9 308.8 280.3 298.5 316.8 322.4 324.2 326.2 328.1 331.3 334.4 336.7 340.5 350 358 366.3 374.7 384.2 394.8 404.4 413.3 421.9 429.5 436.1 445.6 454.2 466.8 471.6 476 480.8 486.4 493.4 501.1 512.2 522 528.6 537.4 545.7 554.4 567.6 579 590.5 600.2 610.8 617.5 621 621.7 623.8 622 617.5 608.8 594.7 571.8 547.6 530.4 513.2 487.2 450.3 422.9 414.9 427.9 435.8 447.3 461.5 479.1 490.6 507.1 518 538.3 554.1 547.7 542.4 534 525.4 519.2 514.4 509.5
327.8 315.4 297 277.7 301.4 310.9 314.3 317.4 318.8 320.4 323.3 324.1 330.7 343.3 350.5 356.9 365 373.5 383.2 393.3 403.1 411.2 420.6 428.1 435.3 442.1 449 458.6 465.7 469 473.6 478.8 486.1 493.9 503 512.3 521.4 528.9 537.6 546.9 557.5 568.8 578.5 587.9 599.8 610.4 616.6 618.5 621.8 621 617.3 609.5 596.9 577.3 554.5 536.3 518.6 492.5 459.5 432.6 434.6 447.7 457.5 472.8 485.7 492 500.5 511.7 529.7 552.8 563.9 559.4 550.5 547 538.6 530.9 525.1 519.3
315.3 305.6 285.6 276 297.7 304.1 307.8 308.7 310.6 309.2 315.8 328.4 336.4 343.4 349.9 356.1 364.3 373.3 382.6 391.9 402 409.5 418.4 426.2 432.3 437.5 442.2 449.4 455.4 460 464.5 470.8 477.5 485.1 493.4 502.9 511.8 519.9 528.2 538.9 548.2 557.5 566.7 575.7 584.7 597.8 608.7 614.9 618.4 619.3 616.7 609.4 598.6 581 558.3 542.4 523.9 497.6 467.2 446 459.2 475.4 490.3 501.9 504.1 505.9 511.8 516.8 544.5 562.3 574.9 571 566.5 556.3 545.9 539.3 535.8 528.3
308 285 275.3 277.5 292.2 297.1 298.2 300.1 302.2 308.2 321.8 330.5 339.8 347.7 349.9 357.1 364.9 374.2 382.9 391.6 400 407.2 413 419.5 425.2 430.2 433.7 436.5 439.2 448.6 454.8 460.5 466.9 475 484.4 493.8 502.6 510.5 517.9 526.2 534.4 546.3 556.9 566.4 574.7 585.1 600.2 610.2 612.9 614.8 614.3 609.7 600.6 584.4 561.4 543 523.2 501.2 475.7 466.6 484.4 499.9 511.7 520.8 518.4 518.7 523.9 529 549.6 577.4 581.8 574.9 570.6 564.1 557.2 548.6 544.7 541.6
309.2 286.9 267 278.8 286.1 288.2 290 290.1 297.5 315.4 323.5 330.3 343.3 351.1 355.2 360.9 365.5 372.3 379.4 385.2 389.2 394.6 396.6 401.9 406.6 412.3 415.6 419 425.2 433.9 441.8 449 455.9 461.8 470 482.8 492.7 501.4 509.3 517.1 524.9 533.4 544.8 554.8 566 574.8 584.2 598.3 604.1 606.8 607.1 605.1 600.4 584.1 565.7 543.8 524.9 503.5 482.4 488 506.5 520.7 525.9 532.1 531 532.8 535.6 545.6 551 585.6 597.3 588.9 584.6 574.7 567.9 560.5 559.6 552.2
303.8 281.6 262 274.5 278.1 280.1 278.4 289.7 307.4 317.1 323.2 329.7 339.9 349.2 354.8 350.9 353.6 354.2 356.6 361.4 365.3 370.4 374.5 380.2 383.2 389.3 393 399.4 406.6 417.1 425.3 433.4 439.5 447.2 458.9 470.2 480 490.5 497.8 504.8 511.9 520.8 529.9 541.7 552 561.4 572.6 583.5 591.4 597.1 600.3 599 593 580.9 563.9 547 528.8 508.6 495.6 507 525.1 535.3 538.1 541.3 545.7 549.4 557 560.1 565.8 599.4 612 603.2 594.7 587.8 582.5 577.4 569.1 561.9
296.1 275.5 260.3 267.9 269.1 274.5 286.1 300.8 313.9 320.9 323 324.1 325.3 329.2 335.4 347.3 356.3 364 377.3 385.4 390.5 394 398.2 398.2 403.3 401.8 405.7 404.9 404.2 410 415.4 414.8 426.3 437.1 444.1 450.7 465.3 472.1 480.4 486.2 493.8 503.9 511.8 523.6 537 548.4 559 569 577.8 585.7 593.2 593.6 588.6 582.3 567.5 554.1 536.6 515.8 512.6 523.8 534.2 542.5 549.3 549.7 555.6 569.1 581.6 578.3 583.1 619.1 622.7 622.1 610 598.7 600.3 592.8 585.4 577
286.4 266.5 256 257.4 261.7 273.3 280.7 289.5 301.5 307.7 314.1 314.4 332.1 339.1 348.9 358.8 365.6 373.8 382.2 392.2 403 411.9 416.9 420 423.9 422.5 420.2 418.2 418 422.3 427.5 428.4 428.9 437.2 440.3 443.8 449.6 463.4 465.8 476 487.6 496 503.5 513.6 520.6 531.4 543.9 554 562.7 575.3 584.1 588.1 589.7 582.1 570.6 561 547.3 533.6 532 537.6 545.9 553.8 569.2 576.2 583.1 594.7 608.4 598.9 601.3 631.1 639.5 639.6 630.4 617.8 614.9 608.1 599.5 594.4
