GeneralExemplars/GeoExemplars/data/LakeDistrict/terrain-50-dtm_3563996/ny/NY11.asc
ncols 200
nrows 200
xllcorner 310000
yllcorner 510000
cellsize 50
[rows 140 to 174 of 200, columns 78 to 155 of 200]
404.4 411.2 421.1 426.6 428.1 435.2 432.4 430.2 431.8 428.2 423.6 416.3 411 406.1 398.4 391.5 385.4 376.4 369.1 371.2 366.8 362.9 358.6 353.2 345.6 337.3 332.1 328.4 327.1 327.6 330.7 334 338.4 342.5 349.2 352.3 356.3 359.5 355.9 361.4 370.9 376 380 380.7 382.2 379.5 371.7 370.6 369.2 366.7 365.9 366.5 367.8 364.7 366.4 364.6 358 353.6 359.4 358.4 354.8 349.4 339.4 327.4 323.4 311.6 314 312.6 303 301.2 298.2 295.6 282.4 273.1 261.6 252.6 240.8 224.8
396.9 409 419.8 427.3 429.1 431.7 431.9 432.4 433.2 430.2 426.1 422.2 415.1 411 403.3 396.1 389 375.7 378.4 377.8 376.5 372.6 368.7 363.9 356.9 348.8 343.3 338.8 337.5 339.2 341.8 345 348.9 354.7 361.1 364.6 368.5 369.5 370.8 366.4 382.1 389.9 397.5 401.9 405.8 405.2 400.2 400.1 399.5 398.8 405.8 400.8 399.3 399.9 399.3 395.3 392.2 396.5 390 388.9 389.5 383.2 374.2 366.4 362.2 349.7 351.7 339.1 327.8 330.5 322.5 316.6 302.9 291.8 280 268.9 253 236.6
397.4 406.8 415.8 423.6 430.7 433.5 433.9 433.7 435.1 433 431 427.1 421.5 417.4 408.5 399.8 390.8 379.5 384.9 386.7 387.2 384.6 380.9 375.9 369.5 361.1 355.6 352 351 351.1 353.5 357.6 363.4 368.5 375 378.6 381.3 381.9 383.1 371.4 388.6 401 411.5 421.1 426.6 430.1 430.6 430.5 436 434 440.8 440.4 438.2 437.3 440.6 430.8 425.4 439.4 427.2 429.4 422.2 418.5 410.5 405.9 412.6 399.5 382.5 361.1 363.3 357.2 364.4 343.2 328.2 316 305.1 289.4 274.1 258.6
391 402.7 411.4 420.4 431.1 433.4 435.4 434.6 435.7 436.2 435.6 430.8 427.5 422.5 413.8 403.8 393.9 383.6 391.9 392.2 397.3 398.9 396.6 392.1 383.3 376.7 372.9 369.6 368 368.3 368.7 372.3 378.4 384.2 390.7 393.7 396 397 395.3 381 393.6 407.1 419.7 432.5 443.9 452.1 457.8 465.8 466.9 474 483.9 490.6 485.4 479.7 487.1 472.2 467.1 469.3 467 479.6 480.3 464 444.3 459.9 452.1 445.4 409.1 401 412.9 419 396.7 380.1 370.9 348.5 333.5 320.9 301.4 285.7
385.1 399.5 408 419.8 428.1 434.4 435.5 436.5 438.2 440.2 441.5 437.4 434.6 429.3 420.7 411.2 400.4 390.4 395.8 402.2 406.4 411.6 415.7 411.3 402.9 395.9 393 390.9 390.1 389 388.2 390.8 394.5 399.8 403.4 405.8 410 410.3 408.6 398 401.6 413.2 422 435.5 453.2 467.6 480 498.4 508.8 514.5 530.1 523.4 524.2 521.3 516.5 505.1 503.9 502.3 503.5 514.8 524 508.5 488.2 480.6 478.9 460 436.7 441.8 449.1 457.2 424.9 411.2 417 392 368.3 345.5 328.7 310.6
377 393.1 404.9 418.3 425.4 433.6 436.3 438.7 442.2 445 447 445.7 443.9 436.6 429.4 418.5 406.2 397.8 394.1 407 415.2 420.3 427.4 432.5 428.5 421.5 417.1 416 414.5 412.7 412.8 411.3 414.5 416.4 420.6 423.6 425.4 424.1 420.9 415.1 410.5 420.9 429.7 439.7 453.5 474.7 493.5 514.3 536 544.6 552.1 561.9 570.9 553.7 550.1 543.4 541.8 540.1 537 550.2 571.8 544.7 530.6 513.1 498.9 474.8 457.7 457.5 485.4 488.2 461.5 463.3 442 426.3 398.7 377.1 353.8 335.5
363.7 388.3 402.5 415.3 425.1 430.7 434.9 440.4 447.1 450.7 452.3 452.7 454.7 448.5 439 426.5 415.4 404.2 399.1 407.8 422.2 430.3 438.1 449.6 457 451.2 445.2 444.7 443.5 440.5 441.5 437.8 436.8 436.6 437.1 441.8 438.5 437.9 433.7 428.3 415.8 428.9 436.6 443.2 455.9 474.1 495.8 515.4 536.7 551.4 566.8 580.6 588.1 593.6 587.7 591.7 583.3 576.8 582.4 596.1 595.8 591.6 563 548 522.3 488.8 475.1 470.6 491.6 505.9 492.5 490.8 477.5 459 429.7 403.4 382.8 362
352.8 379.6 399.2 412.4 422.1 431.6 438.4 443.9 450.9 454.8 459.8 461.5 462.7 457 449.2 436.9 426.4 415.6 408.7 414.9 422.7 436.8 445.4 457.6 473.1 483.9 483.3 480.7 475.9 466.4 465 459 457 456.4 458.9 464.2 452.4 450.4 444.2 437.2 429 435 442 447.8 458.6 472.7 498.1 518.2 536.4 551.5 567.8 585.3 597.5 611 622.9 621.3 620.5 621.7 624.4 617.2 629.2 623.1 598.6 572.6 534.9 507.1 496.5 489.2 501.7 523.3 524.3 524.9 512.7 502.7 476.3 450.1 419.5 395
349.4 375.9 396.9 412.1 423.4 432.9 442.1 449.3 455.7 461.8 469.4 469.9 470.7 464.5 459 448.8 436.9 425.9 420.3 422.1 425.2 442.3 452.5 467.2 484.4 504 518 521 507.6 493 483.6 478.4 477.4 485.2 482.7 480 471.1 469.8 457.3 448.3 439.8 441.4 446.1 450.8 463.4 474.5 500.1 520.1 537.9 551.7 568.3 584.3 602.7 620 634.8 647.5 659 668.5 665.1 656.7 657.3 649.3 628.3 594.6 551.6 529.6 514.1 507.5 514.7 531.5 543.5 541.6 548.1 545 527.6 499.7 465.3 438.2
345.6 371.9 398.1 411.6 423.8 435.8 446.4 455.7 463.2 468.8 475.2 480.3 480.5 470.3 466.1 460.9 447.2 435.7 428.2 426.9 432.4 444.2 455.9 471.9 490.1 513.5 532.3 544.5 542.6 525.8 510.4 503 498.3 509.7 506 499.8 497.5 478.9 467.5 456 449.4 442.6 451.1 454.9 466 480.8 502.5 523.6 536.4 552.4 567 589 608.1 623.8 640.6 668.4 694.8 709.5 713 702.9 692.7 680.6 665.8 640.7 598 567.2 547 535.2 531.8 537.2 543.4 559.7 575.6 584 586.4 556.7 520.2 479
341.3 368.6 395.6 412.5 425 437.6 449.4 461.2 469.8 476.9 486.4 490.2 489.6 479.7 476.7 468 457.7 445.9 439.2 426.3 439 449.5 460 476.1 491.9 517.7 537.3 553.5 561.2 559.3 542.6 527.9 526.8 531.1 512.3 509.3 498 488.1 474.3 462 453.5 453.8 454.9 458.9 467.9 485.3 503.8 521.3 536.1 550.7 574.1 606.7 618 627 645.6 672.7 705.2 731.5 753.9 762.2 726.3 716.4 716 668.9 628.9 637.6 593.3 565.9 558.2 568 559.2 570.6 586.9 606.2 609.7 591.1 553.2 523.3
341.4 368.1 394.6 411.1 425.5 441.9 455.9 468.8 479.4 487.9 496.7 499.9 497.4 492.8 485.2 473.3 464.7 456.7 449.8 439.1 442.4 449.3 464.3 477.5 494.6 515.6 541.6 557.7 570.1 577.3 576.1 564.9 555.1 544.7 522.2 522.3 503.3 493.2 479.6 466 456.2 455.2 456 459.2 468.1 483.4 505.6 521 534.2 550.7 573.5 596.5 614.5 626.6 643 676.7 710.9 737.5 763.4 775.8 775.7 761.6 739.1 693.5 678 725.9 626.6 590.7 586.3 588.5 590.1 596.5 600.5 606.4 626.7 622.9 587.2 556
338.4 364.5 393 411.7 425.8 442.6 460.5 474.8 488.6 497.9 506 508.3 509.4 505 494.7 482 471.3 464 461.3 446.5 443.4 448.9 465 476.2 492.7 516.8 540.7 559.7 575.4 590.2 602.4 602.5 586.2 553 531.1 522.1 506.1 496.7 484.7 469.9 457.9 455.8 457.9 459.6 466.8 481.7 503 517.7 535.3 556.7 573.7 589.2 605.3 623.2 642.8 676.2 710.2 741.4 764.1 787.7 803.3 790.2 767.4 713.9 727.1 752.5 727.6 644.2 615.2 623.2 634.2 623.6 608.4 626.5 639.6 640.9 602.4 568.5
332.6 361 387.3 410.3 427.8 446.2 464 483 496.7 506.4 515.1 517.8 520.4 515.1 507.4 489.1 480.5 471.8 470 460 452.7 452.7 463.8 477 490.1 516.3 540.2 561.8 581 595.9 616.8 627.6 600.4 562.5 539.6 524.2 511.3 500.4 490.3 471.7 462.7 458 458 461 465.6 478.1 497 515.5 534.9 553.1 569.6 583.9 599.8 617.4 642.9 672.2 707.4 739.7 766.1 796.2 817.2 812.7 800.8 773.1 766.1 766 757.4 724 663.4 650 646.8 628.9 630.2 653.9 663.3 649.3 614.9 575.2
330.4 357.8 379.7 406.3 426.8 446 464.1 487.3 503.8 515.7 527.8 530.4 534.9 530.5 517.3 500.6 488.3 479.3 478.1 472 459.7 455.2 461 476 489.2 511.6 537.4 561.2 582.1 601.2 627.2 638.5 607.2 578.3 550.3 531.1 517.9 508 494.8 480.2 471.1 463.8 467.9 466.6 467.1 476.5 492.6 511.2 530.4 547.8 565 579 595.6 614.7 637 664.5 697.8 730.5 761.5 791 819.7 838.7 834.6 826.8 792.4 811.9 787.2 743.1 681.1 665.6 676 659.6 671.3 684.7 700.1 661.7 637.2 615.5
323.8 350.6 373.9 399.2 425.2 448.7 471.6 494.6 512.2 524.1 538.7 542.7 542.1 542.1 526.2 510.4 497 489.1 487.5 481.1 471.1 460.1 462.8 473.1 487.8 506.9 536.6 558.8 581.6 609.9 645.5 645.7 626.2 595.4 567.8 546.3 531.1 521.8 511.8 499.2 509.2 488.7 482.2 473.1 473.7 480.2 490.5 509.8 529.6 544.8 560.6 576.2 591.5 613.4 632.9 661.9 693.1 725.7 755.6 785.8 812.6 839.5 860.3 850.6 835.2 840.7 817.9 777.3 722.4 687.3 698.7 712.9 710.3 722.8 727.8 662.5 627.4 615
316.3 342.1 368.8 394.4 422.1 448.5 475.3 498.6 517.3 531.9 546.7 554.4 550.5 550.5 535.9 519.4 510.4 496.2 494.8 490.1 481.3 471.6 464.5 470.8 486.9 505.9 533.7 557.8 583.8 614.2 640.8 653.2 655.9 635.6 604.4 566.9 547.4 536 529 543 529.3 510.1 491.6 484.7 483 484.4 494 509.8 527.6 544.5 558.5 572 589.1 607.8 628.3 656 683.7 715.9 749.7 781.9 813.1 842.4 868 882.8 885.1 871.5 828.6 783.2 734.2 717.9 724 753.8 766.8 772.6 722 676.8 637.8 618.2
334 334.8 363.3 388.3 416.6 444.5 473.1 498.9 522.2 539.1 559.9 566.9 565.8 561.9 546.9 535.5 516.7 507.1 503.4 496.7 488.5 479.6 470.9 470.7 486.6 508.6 536.4 561.8 586.3 618.3 645.3 657.1 674.1 652.7 618.4 589.8 561.2 545.6 539.2 550.8 533.8 514.9 501.8 500 492.4 491.4 499.9 513.8 530.9 547 555 568.7 584.7 601.1 625.6 650.1 675.5 707.9 743 777.3 813.4 844.6 871.8 887.7 892.7 883.3 814.6 777.1 750.2 749.8 760.6 789.2 807.7 767.8 731 698.7 659.7 639.6
351 336.2 356.9 385.7 410.9 438.7 468.3 495.7 522.6 543.6 562.7 576.4 581 571.6 570.6 553.8 528.8 515.6 506 501.3 495.5 485.3 478.2 473.3 488.9 511.3 538.5 562.8 587.6 620.3 643.7 661.2 687 672.7 638.5 606.4 578.9 558.4 546.8 551.8 539.9 529.6 519.5 519.8 505.9 505.5 509.7 518.7 536 551.4 563.4 573.1 586.1 601.4 625.7 649.9 671.9 704.5 740.2 777.7 811.9 846.3 875.1 888.3 891.2 887.9 851.4 811.7 784.8 788.1 828.7 832.4 833.1 783.9 751.6 708.6 687.7 674.9
370.2 353.6 353.4 380.1 405.7 434.3 464.6 493 521.3 544.3 569.3 583.6 594.7 584.9 586.1 580.8 549.9 526.8 510.6 506 500 494.9 485.3 480.9 491.9 511.4 537.8 562.6 588.7 621.1 641.7 671.5 694.9 692.5 667.5 627.7 599.6 572.7 559.4 559.1 552.3 548.9 558.1 545.5 523.6 525 527.7 536 550.3 565.7 576.6 586.6 592.9 607.5 629.8 651.3 671.8 709.6 747.1 783.2 819.9 854.4 877.1 886 887.7 881.6 869.3 844.5 837.4 841.8 850.4 843.7 835.1 807.2 782.9 758.4 729.6 740.6
382 372.9 361.6 373.7 401.2 429.3 459.4 489.3 517.9 543.3 571.3 589.9 602.9 599.2 597.2 596 572 539.4 523.1 512 512.3 503.7 496.2 492.9 497 512.7 536.9 564.4 587.2 621.1 640.6 673.3 695.9 722.8 698.7 658.5 622.6 599 579.4 571.5 574.4 587.8 574.5 552.4 551.6 552.2 553.8 562.2 575.6 580.6 594.2 603.6 611.4 618.6 636.9 657.4 680.3 717.2 758.1 801.1 830.5 854.6 870.2 873.9 874.8 869.7 854.1 838.1 833 834.7 836.4 834.9 828.3 818.6 804.6 789.4 772.2 759.9
399.9 389 382.2 375.1 402.7 428.2 455.8 483.9 510.2 537.1 562.4 587.7 606 610.5 603.6 608.2 584.8 562.1 541.3 523.2 523.2 519.6 513.9 505.5 506.2 519.1 538.1 560.8 589.7 617.2 635.9 664.9 692.1 725 726.7 694.7 648.8 622.6 595.5 584.7 591.2 608.7 588.3 569.2 576.9 584 595.9 602.4 605.1 609.2 612 622.8 630.7 636.8 645.7 664.4 693.6 725.2 764.8 819.2 835.9 844.5 851.9 850.4 847.9 841.2 832.1 812.9 806 814.8 819.9 820.2 813.5 809.4 796 782.3 765 758
418.3 408.5 397.8 393.1 402.5 427.8 452.7 481.5 509.5 539.1 561.4 582.5 600 611.6 609.2 612 610 597.5 561.5 545.4 536.1 546.7 534.6 523.6 520.7 526.8 543.5 560.7 581.4 606.7 627.1 654.5 683.9 717.9 751.1 733.5 677.1 651.8 622.5 603.6 609.7 624.5 607.1 586.6 605.5 631.3 635.1 640 641.2 643.5 636.5 644.5 651.5 655.8 658.5 674.1 692.6 723.7 780.6 822.9 827.9 826.8 824.3 818.6 816.3 807.8 796.8 775.1 773.5 788.9 799.2 797 794.4 796.8 780.4 769.4 756.6 749.2
432.6 426.6 418.9 415.5 404 432.7 453.2 476.5 510.2 536.3 561.4 594.7 600.6 610.5 610.2 609.5 612.7 609.1 583.2 569.5 563.5 560.1 557.6 543.2 539.3 540.9 549.4 563.2 580.8 600.3 619.8 645.1 676.2 711 744.1 765.3 734.6 690.7 650.7 623.1 620.7 637.5 613.8 603.5 626.4 661.5 688.9 676.6 678.9 675 666.9 674.4 685.3 690 685.5 686.4 694.2 723 771.3 802.8 803.8 795.1 790.8 785.1 780.1 769.1 759.5 732.3 745 763.2 771.5 771.9 756.4 758.9 758.3 752 744.6 734
447.9 442.5 434.8 432.9 416.4 429.3 454.1 477.3 505.9 530.8 557.8 583.8 601.3 610.3 615.2 611 610.3 611.4 595.5 591 596.1 581.3 571.4 565.1 552.4 550.7 555.6 567.5 580.6 602.9 618.7 648.4 675.4 703.1 746.4 772 764.5 712.2 675.5 642.3 633.5 633.1 618.6 627.5 654.8 694.3 724 705.2 712.8 717.7 707 711.4 722.2 724.4 720.5 716.9 715.6 727 761.7 765.7 764.4 761.3 756.9 748.2 739.6 731 714.1 697.3 715.4 732.3 735.8 728.8 737.2 713.8 705.7 716 720.3 711.8
466.4 457 449.9 445.9 440.3 434.6 457.3 476.9 504.3 534.4 557.8 577.5 594.5 609.9 618.5 618 616.8 619.1 608.8 599.6 600.9 597.2 579.3 570.7 564 557.2 558.7 568.9 585.8 602.4 618.2 636.7 671.7 694.9 746.2 782.9 783.2 737.1 689.6 657.2 643.8 636.9 634 650.1 681.4 715 768.8 739.7 746.6 756 785.4 749.6 769.1 765.7 766.1 755.1 756.4 757.1 745.1 729.3 721.1 718.5 713.4 707.9 701 693.5 679.4 656.3 690.3 691.2 690.4 693 693.8 672.6 668 681 685.1 684.7
483.3 470 464.4 458.8 457.1 451.3 464.5 479.1 504.9 529.1 554.5 569.3 585.7 605.7 615.8 620.6 621.7 627.4 621.1 615.3 608.9 607 607.9 591.5 569.1 559.6 559.6 568.8 583.5 597.8 616.2 640.2 674.7 683.7 745.8 786.7 809.8 794.1 714.6 676.2 652.4 655.8 650.5 663.4 695.7 737 779.6 792.8 791.5 810.4 812.5 814.5 811 819.8 817.4 795 781.8 763 737.6 704.9 684.6 677.4 674.6 670.4 663.5 656.2 647.7 621.9 656.5 656.3 651.1 645.4 669.9 644.2 629.3 646 649.3 654.4
496.3 484.9 478 474 470.6 469.6 470.8 484.7 502.2 527.9 546.1 560.8 577.4 598.7 609.3 616.2 620.8 629.2 631.7 635.2 627.7 618.9 616.6 604.3 584.4 566.7 567.7 570.4 583.1 597.8 614.9 635 656.9 682.8 716.4 753 790 779.7 736.4 692 664.2 660 675.6 675.5 697.8 728.6 765.5 793.5 805 811.4 814.7 816.4 819.7 823 810.8 798.6 769.2 739.9 715.1 686.5 649.9 642.6 640.4 634.1 626.2 619.5 611.1 595.2 617.5 621.3 603.5 628.4 635.8 612.9 594.4 612.6 614.7 625.4
503.2 499.2 491.5 492.6 485.4 484.5 477.9 489.5 502.3 523.6 538 554.8 571.4 584.3 600.8 612.8 622.9 627.7 639.4 641.8 642.5 635.6 623 619 607.9 582 571.8 583 593 609.5 629.6 645 667.2 687.1 717.4 763.7 798.5 783.8 738.3 709 700.4 693.8 689.5 693.2 710.6 747.9 782 794.3 799.3 805.7 806.1 807 804.4 798.9 784.6 770.7 746.7 712.4 687.6 665.6 633.8 607 607.5 600.7 590.1 581.4 575.2 564 575.5 574.8 562.9 619.6 589.4 576.2 552 578.5 576.2 599.5
519 513.6 510 508.9 499.3 496.6 492.3 494.8 500.6 516.2 532.7 547.2 560.3 575.8 594.3 606.5 620.3 627.3 642.5 649.7 656.1 656.5 646.1 632.4 616.1 603.8 592.2 591.5 610.4 627.2 660.7 669.6 690.7 710.3 744.7 780.4 823.8 805.7 757.5 733.3 726.8 733.4 711.3 716.3 730.5 763.7 795.2 794.8 775.7 779.4 769.1 775.6 772.5 766.3 751.7 734 712.6 684.7 659.4 637.9 611.1 577 568.2 562.9 551.3 544.5 540.8 519.4 533.8 531.8 539.9 554.9 534.6 536.1 514.1 539.3 546.1 577.7
534.6 530 528.5 533.9 518.1 507.7 502.6 503.9 507.4 516 528.1 543.8 555.5 571.9 587.2 600.3 614.2 626.3 640.6 650.7 664.5 685.1 683.2 681.4 641.6 631.9 617.9 615.4 630.4 667.9 676.5 695.1 704.4 751.4 776.8 820.1 831.3 814 812.8 776.1 787.3 768.8 745.9 751.8 761 788.2 796.2 771.9 745.1 734.9 730.9 739.5 725.8 721.9 720.8 701.4 675.7 653.2 631.6 607.4 584.5 557.2 532.4 525.1 516 508.4 505.4 488 491.9 492.2 496.9 504.9 494.6 498.1 483.4 488.9 520.6 542.4
547.8 550.6 551.8 542.9 529.4 519.2 511.6 509.3 515.5 520.9 526.1 541 551.5 570.1 585.1 602.8 614.7 620.3 632.3 644.2 659.2 681.7 694.6 695.4 681.2 659.2 646.8 661 647.2 669.6 701.1 712.1 728.9 773.9 806.1 826.1 831.7 837.6 838.9 834.3 821.4 803.8 814 801.8 804.1 805.3 780.2 749 717.6 698.3 692.4 689.6 679.9 675 686.1 677.7 654.1 622.9 600.2 578.9 555.4 533.8 510.2 496.3 486.8 478.3 475.1 458.9 457.7 456.9 455.9 455.4 454.6 461.6 443.1 467.3 478.6 491.1
559.1 560.8 557.3 549.4 539.5 529.2 520.1 516.5 518.8 523.2 530.2 539.3 551 567.3 586 601.2 617.4 626.3 630 640.4 650.2 673.4 694.7 700.1 708.4 688 670.6 674.8 677.9 684 704.1 737.4 760 805.5 816.1 822 829.3 834.3 834.9 836.6 840.5 841.3 839.4 824.3 808.4 794.7 762.9 722 696.3 665.9 656.7 646 640.7 638.8 637.6 650.4 618.2 593.2 573.7 549.6 533.5 511.9 488.4 471.8 461.1 451.6 443.5 431.1 425 421.7 422.1 420.9 418.7 424 415.6 425 446 448.9
575.4 574.6 570.2 570 554.7 540.4 531.9 527.3 525.1 528.6 533.9 543.1 548.1 566.2 589.9 603.8 618.1 628.7 636.8 643.9 652.7 666 689.2 702.4 718.3 724.2 716 714.4 725.6 711.1 724 758.2 801 807.2 810.7 814.4 822 827.2 829.6 832.4 833.6 835.9 832.3 820.3 805 788.8 750.2 713.2 680.7 636.9 623 613.3 604.4 602.7 597.2 592.5 588 569.8 547.1 523.8 509.1 491 470.4 451.6 438 427.8 412.8 404 395.8 389.8 390.1 385.4 386.7 388.8 384.2 388.8 398.1 407.9
595.7 592 594.3 587.7 579.1 556 548.2 542.1 535.7 536.7 541.8 551 556.6 564.8 585.1 602.9 617 629.7 640.8 645.5 653.3 666.3 687.2 704.1 729.6 750 766.2 779.6 779.7 758.3 761.8 773.6 802.4 803.7 804.9 807.2 810.1 817.4 820.7 825.2 826.8 828.4 822.9 812.7 799.4 773.5 739.4 705.1 661.6 623.3 603.6 588.1 578.2 570.5 562.9 555.9 548.3 548.3 512.9 496 485.2 469.2 453.6 436 419.8 404.8 393.9 382.6 375.8 364.1 362.8 357.7 354.7 355.3 353.5 354.6 361.8 370.6
