GeneralExemplars/GeoExemplars/data/LakeDistrict/terrain-50-dtm_3563996/ny/NY12.asc
ncols 200
nrows 200
xllcorner 310000
yllcorner 520000
cellsize 50
[rows 140 to 174 of 200, columns 0 to 78 of 200]
228 226.7 225 224 222.7 221.1 219.7 216.9 210.5 206.3 200.1 194.4 189 183.5 178.4 171.7 166.3 159.2 153.7 150.8 148.4 145.9 145.1 144.1 140.3 135.7 133.5 134.7 136.5 137.9 141.9 146.5 150.9 156 162.2 169.2 175.3 182 188.8 196.7 204.3 211.6 220.8 231.7 242.1 252.9 262.5 271.8 282.2 289.7 296.5 304.8 321.3 330 340.6 330.9 332.2 340 342.3 343.6 343 347 348.1 345.5 341.8 336.4 332.8 332.5 335.5 340 346 354.6 364.6 374.8 385.2 389.3 382.8 362.6 329.5
230.3 228.8 226.9 224.8 223.1 221.5 219.1 216 212 207.1 202.3 197.7 191.9 186.6 181.2 176.1 170.3 162.8 157.7 154.7 153 150 146.9 143.7 139.9 138.1 132.9 133.6 134.7 136.2 140.8 144.8 149.8 154.3 159.3 166.8 172.7 178.3 184.5 193.6 202.6 209.4 218.3 227.7 240.7 252.5 261.2 269.5 279.8 291.9 300.4 306 315.4 329 336.7 346.3 335.4 343.8 350.2 351.6 347 345.8 349.2 345.1 342.1 336 330 328.7 333.1 339.1 348.6 362.6 374.4 386.6 397.2 399.6 379 348 316.2
230.9 229.4 227.2 225.4 223.8 222.1 219.9 217.8 214.6 209.2 206.2 202 196.5 191.2 185.5 180.2 173.8 168.4 163.1 165.5 161.9 159.4 155.1 150.8 144.7 138.1 132.7 132.4 132.9 135 138.3 142.7 147.5 151.1 156.7 164.2 168.5 173.9 179.9 188.5 198.4 206.9 216.1 226.6 243.9 255.1 261.1 268.5 277.6 289.3 302.5 311.3 316.2 329.5 335 341.1 344 342.1 348.9 351.4 353.1 348.5 347.4 344.7 341.6 337 327.3 324.9 328.5 342.1 354.1 368.4 387.7 397.2 409.6 407.8 379.5 344.3 309.7
231.6 229.8 227.9 226.7 224.8 222.9 221.7 219.2 216.8 213.4 209.5 206.3 203.1 198.6 193.7 186.5 179.6 176.8 174.8 173.1 169.3 164.5 159.8 154.9 148.7 141.8 134.1 131.9 132 133.7 137.5 141.3 145 149.7 155.3 159.6 164.1 170.1 175.7 183.4 192.5 203 212.3 226.3 250.6 263.7 265.9 271.2 278.2 287.4 301.5 314 327.5 329.7 337.5 341.6 347.1 347.9 348 348.1 350.7 351.8 349.4 349.3 344.5 333.7 324.4 321.6 324.5 337.7 353.9 369.9 392 407.2 410.9 412.7 384.3 346.4 307.4
232.7 230.5 229 228 226.9 225.6 224.3 222.8 220.4 218.5 216.2 212.9 208.8 204.1 198.9 190.7 185.5 185.8 185.2 186 175.9 170.6 164.6 159.2 153.7 147.8 136.8 131.8 131.5 131.3 133.1 137.7 142.9 148.2 152.3 156 160.5 165.7 171.5 176.7 184 194 207.6 222.2 248.4 273.3 278.2 275 280.2 286.7 300.5 314.5 324.9 334.1 340.1 345.7 350.4 355.1 356.7 353.3 352.8 353.8 354.3 351.6 344.3 332.8 321.9 319 323.1 333.5 353 376 395.4 406.3 407.8 407.9 379.2 340.1 304.2
232.7 230.7 229.6 229.1 228.1 228.1 228.6 227.4 226.3 225.5 222.4 218.5 213.8 208.5 202 197.1 201.4 198.9 196.3 199.9 185.4 178.3 173.1 166.1 159.5 153 143.7 135.6 131.2 130 130.5 134.4 139 143.8 148.9 153.3 157.2 162.1 167.1 171.3 176.7 183.4 195.1 209.8 228.5 257.4 268.7 276.2 278.7 282.7 298.5 318.6 332.7 346 350 347.8 355.3 358.8 362.4 368.6 365.1 361 360.5 356.1 344.4 330.5 318.5 316.6 324.3 333 353.7 375.4 398.2 408.4 410.3 402.3 368.9 333.9 300.2
231.3 230.4 230.3 230.2 230.4 231.1 232.1 232.5 231.2 228.9 225 220.3 215.3 209.8 204.4 205.6 212.4 213.6 209 211.3 196 184.3 179.3 174.4 165.8 159.1 149.4 141.7 137.1 133.4 129.3 130.3 134.2 137.5 142.3 149 151.8 156 160.8 165.6 171.1 178 186.9 197.4 210.9 224.1 241.1 259.9 271.4 276.4 291.3 314.5 342 360.4 363 360.2 357.6 363.2 368.8 374.9 377.8 373.6 371.1 357 339.3 324.2 314.8 315.3 325.3 335.2 353.9 374.4 400.6 413.4 416.8 400.4 362.3 327.6 294.6
229.4 230 231.2 232.5 232.7 233.2 234.1 233.4 229.8 225.8 222.5 219 215.8 212.6 211.6 213 219.9 225.9 218.2 211 204 189.6 183.2 177.1 170.7 163.5 155.1 147.1 140.6 136.3 132.1 128.2 129.4 131.8 137.3 144 146.5 149.8 155 160.8 165.5 172 180.5 190 200.7 212.5 226.9 239.6 253.8 263.9 279.3 301.7 331.4 361.6 371.4 369.3 370.4 367.8 372 378.9 385.9 383.3 372.6 350.5 334.9 319.5 309.4 316.1 323.1 339.4 352.5 374.7 399.4 412.4 421.1 402.8 365.4 328.5 293.7
226.4 227 229.7 232.7 232.9 233.9 236.7 233.3 227.3 222.2 220.4 218 216.4 216.2 217.3 222.2 226.7 238.2 231.5 218.3 211.7 197.3 187.9 181.7 173.9 165.8 158.7 151.3 143.8 136.9 132.4 128.8 127.6 129.6 135.3 139.3 142.2 145.2 149.4 155.3 160.9 167.3 173.8 181.4 191.9 201.6 213.8 225.4 237.5 252.2 264.9 284.7 313.3 342.7 368.5 382.9 378.4 375.8 377.4 379.8 381.4 378.9 363.7 344 329.2 315.3 304 318.9 328.3 341.3 357.4 376.1 398.6 412.5 418.5 403.4 366 332 298.9
221.1 222 224.9 229.5 230.4 230.5 230.6 225.5 219.9 217.9 216.8 215.3 216 219.1 222.4 226 237.1 238.1 231.4 224.8 216.7 207.3 199 186.2 178.6 170.4 163.9 156.6 149.8 139.2 130.9 127.8 126.3 126.9 131.2 134.6 137.6 140 144.3 149.7 155.6 160.9 166.9 173.2 181.5 190.4 200.8 212.6 224.1 237.9 253.7 268 292.2 320.7 349.4 376.8 387.8 383.8 387.4 384.8 382 373 356.4 340.8 322.1 310.6 301.6 321 335.2 345 361.9 380.1 398.9 415.9 418 396.7 362 331.7 299.1
213.5 214.7 218 221.6 220.1 218.3 216.5 215.1 214.6 214.5 214.4 215.5 217.2 218.2 220.9 225.8 239.7 241 237.5 233.5 227.9 220.8 207.7 194.4 181.7 174.5 168.4 160.8 153.5 144.1 132.8 127.6 125.7 125.5 128.2 130.1 132.3 133.3 134 140.9 147.5 153.3 158.7 165.5 172.1 179.4 188.4 200.1 215.1 225.7 241.7 256.3 275.1 303.8 332.3 355.3 371 383.9 388.2 387.6 375.3 362 346.3 329.2 315.7 301.7 300.4 321.1 338.2 351.8 365 380.3 392.3 403.9 407.8 384.8 352.8 324.8 294
205.6 206.3 208.4 210 210.4 210.5 210.7 211.8 212.2 212.5 213.9 214.6 216.5 219.8 223.1 226.1 233.3 241.4 242.5 240.1 235 226.2 212.6 202 188.9 179.5 172.2 163.7 155.7 144.9 133.4 129.3 126.2 124.5 124.6 125.5 126.8 127.3 128.1 132.7 139.4 144.9 151.1 157.5 163.1 169.1 177.2 186.7 201.5 220.1 231.2 245.6 265.3 292.7 317.6 341.1 357.2 369.2 378.8 376.4 365.8 349.9 334.3 317.6 302.7 292.1 297.9 315.1 334.8 358 375.9 387.4 392.1 396.1 401 380.8 346.9 316.5 291.7
200.5 201.8 201.8 202.8 203.9 204.8 206.9 208.6 210.3 211.3 212.5 215.8 218 222.1 225.7 228.8 233.4 240.5 243 242.1 238.2 231.1 219.4 209.1 196.8 184.3 173.9 167.5 158 146.6 138.1 134.7 127.5 124.5 123.5 123.5 123.4 123.3 123.9 126.9 131.1 136.4 141.7 148.1 152.6 158.4 165.7 172.1 185.2 207.5 223.7 238.4 261.4 277.9 303 322 335.1 346.7 354.5 362 353.4 338.7 321.8 306.6 291.1 285.9 291.9 314.9 338.6 359.6 385 394.3 397 398.7 394.9 374.4 343.5 318.4 302.2
196.2 196.4 198.5 199.3 201.2 203.1 204.9 207.3 209.9 211.3 216.3 221.3 225.4 227.7 229.8 233.8 236.6 245 243.5 241.8 241.8 234.5 222.8 210.5 196.9 186.6 175.3 167.9 159 150.5 147.5 144 136 125.1 123.1 122.6 122.6 121.9 121 121.6 124.5 128.3 134.1 138.1 144.9 150.6 155.8 161.7 173.1 190.1 209.4 229.2 246.3 268.4 287.5 303 316.1 326 331.3 337.1 337.2 326.4 310.4 295 284.1 281.5 290.1 309.8 338.7 354.1 381.1 404.9 401.7 391.7 387.3 377.4 349.3 321.2 309.2
193.9 199.1 202.1 202.4 201.8 202.4 205 207.5 210.5 213.1 220.8 228.3 236 237.9 238.8 240.6 243.1 245.9 247.6 244.5 240.8 239 230.3 215.7 200.8 191.3 183.3 173.4 161.7 156.4 152.3 149.7 143.2 132.2 123.7 121.3 121.6 121.4 120.9 120.9 120.9 120.9 121.4 128.1 135.3 140.9 146.6 153.1 161.2 175.8 195 218.3 238.6 255.4 274.2 290.9 300.4 305.1 311.3 315.7 321.2 321 306.4 290.3 280.8 277.8 290.4 313.8 334.9 357.5 387.9 412.2 411.2 395 381.8 376 349.6 321.9 307.2
198.5 202.4 206 207.3 206.9 205.7 206.4 209.7 213.2 217.4 224.6 236.7 246.2 250 247.7 244.7 247.2 249.7 252.9 249.8 243.6 237 231.7 223.4 209.5 196.8 189.6 178.5 166.6 160.7 156.2 154 148.2 139.2 128.4 120.9 120.9 120.9 120.9 120.9 120.9 120.9 120.9 120.9 124.6 129.6 136.3 145.7 155.5 166.8 182.7 201 221.7 247 262.7 276 282.2 286 288.9 298.9 309.9 309.1 299 283.2 274.1 271.3 292.6 317.1 338.2 362 384 400.3 405.8 399.6 386.1 365.3 338.1 310.8 293.8
199.9 204.7 208.3 210.7 211.2 210.8 210.5 212.8 216.1 221.3 228.6 239.4 252 252.9 252.3 248.3 249.6 251.8 255.9 253.7 246.8 240.9 236.6 226.7 215.8 202.3 193.7 182 171.2 162.7 156.3 153.2 149.5 142.4 132.7 122 120.9 120.9 120.9 120.9 120.9 120.9 120.9 120.9 120.9 122.9 128.9 138.1 146 156.3 171.3 188.8 206.5 225.9 244.5 258.9 265.6 271.1 279.6 286.8 294.6 294.3 282.8 273.9 262.1 267.3 289.2 313.2 334.9 357.5 378.4 392.5 398 398.1 383.8 363.7 329.5 298.5 281.8
200.6 205.5 210.5 212.8 214.6 215.7 216 215.4 220.8 226.3 236.4 242.9 250.2 251.6 253.8 252.9 252.7 255.9 259.7 256.3 252.4 246 241.3 236.9 223 212 199.4 186.2 173.2 163.8 155.9 151.1 148.6 143 134.2 124.4 120.9 120.9 120.9 120.9 120.9 120.9 120.9 120.9 120.9 120.9 121.8 130.7 139 147.4 158 180.8 197.1 212.6 224.8 241.4 255 265.2 280.4 275.1 276.2 276.9 269.8 258.3 253.2 265.3 281.4 295.9 317.3 343.2 358.6 374.6 377.6 375 368.4 349.3 318.6 286.7 277.8
204.1 208 213.1 216.3 218.8 219.7 220.7 221 223.2 230.2 237.6 244.6 247.5 250.1 252 253.3 254.4 257.5 259 257.5 252.8 249.2 245.5 239.8 229.6 217.8 204.5 190.2 181 168.2 155.9 150.9 147.6 142.1 133.6 126.4 120.9 120.9 120.9 120.9 120.9 120.9 120.9 120.9 120.9 120.9 120.9 120.9 129.4 136.6 148.6 162.5 185.5 204.4 220.5 235.3 251.4 262.3 266.8 264.7 266.2 267.2 260.3 256.2 247.9 251.8 263.1 273.9 288.1 314 333.1 347.3 348.5 346.6 338.8 324.6 307.4 275.8 258.6
208.2 210.9 214.4 219.7 222.3 223.9 224.8 226.3 228.9 232.7 235.5 241.3 247 249.6 251.7 253 254.2 255.3 255.9 256.3 255.9 251.5 248.3 241 233 221.5 209.7 205.2 188.9 178 166.3 155 148.1 143.6 135.8 131 123.4 120.9 120.9 120.9 120.9 120.9 120.9 120.9 120.9 120.9 120.9 120.9 120.9 128.5 136.5 145 158.8 181.1 206.5 227.5 242 248.7 255.6 256 255.3 253.6 250.8 246.1 241.1 247.1 255.7 269.8 281 288 300.8 311.2 322.4 318.8 311.7 302.6 288.5 257.7 240.3
213.3 216.2 218.2 221.4 225.2 228.1 229.5 231.8 234 237.1 240.4 243.7 246.6 249.8 251.6 253.1 255 256.3 256.7 256.8 256.3 254 250 244.1 234.2 224.3 216.9 211.7 203.2 193.6 178.9 171.8 158.4 145.8 140 135 127.7 120.9 120.9 120.9 120.9 120.9 120.9 120.9 120.9 120.9 120.9 120.9 120.9 120.9 125.3 131.5 141.8 158.1 178.1 199.8 217 229.6 232 234.5 234.4 234.8 238.5 233.9 235.2 243 253.4 265.1 270.1 276.4 279.4 281.3 286.7 284.6 280.8 276.9 262.6 237.9 229.2
220.4 224.7 225.3 227.2 229.1 232.9 235 237.1 238.2 241 244.1 247.2 250.1 251.6 253.8 255.6 257.4 258.1 258.8 258.8 258.4 256.4 255 250.8 241.8 231 224.3 218.6 211.4 207.7 199.3 183.6 173.1 160.7 145.3 139.7 128.7 122.1 120.1 120.9 120.9 120.9 120.9 120.9 120.9 120.9 120.9 120.9 120.9 120.9 120.9 120.9 127.8 139.4 152.9 169.6 184.4 197.5 203.5 210 216 219.2 222 220.4 230.7 236.9 245.9 252.5 255.3 255.7 252.8 255.6 259.7 255.2 253.5 254.5 243.2 223.6 215.7
226.7 230.2 234.2 236 239.5 238.7 241.5 242.8 243.4 245.3 248 251.5 254.6 256.6 258.7 260.3 261.5 262.2 262.8 263.2 262.5 261.4 260.8 258.7 256.4 243 234.8 230.2 226.1 223.8 215.8 202.7 186.4 167.7 149.7 142.3 132.4 124.1 123.2 122.5 120.9 120.9 120.9 120.9 120.9 120.9 120.9 120.9 120.9 120.9 120.9 120.9 120.9 126 139.7 150.1 161.9 175.5 187.7 198.3 203.4 206 212.9 209.6 219.6 226.5 231.9 233.1 237.8 239.5 239.3 246 249.5 245.7 244.5 243.7 227.4 214.4 201.2
229.1 234.2 238.1 240.7 244.6 245.4 248.6 248.8 249.3 251.1 253 256.6 260.4 263 265.4 266.8 267.7 267.5 268.3 269.1 269 267.6 266.6 265.9 262 258.1 250.9 247.5 243.1 239.7 233.5 218.2 199.3 178.3 156.3 153.1 137.5 127 126.7 127.5 126.4 123.4 122.2 120.9 120.9 120.9 120.9 120.9 120.9 120.9 120.9 120.9 120.9 120.9 125.8 135.8 148.2 158.3 167.9 175.3 183.3 194.1 200.9 196.2 207.7 214.4 218.9 224.1 225.7 227 231.9 233.7 231.9 234.5 229.2 221.9 206.2 198.4 188.1
233.3 237.6 242 248.3 252.8 256.6 255.4 256.4 256 257.9 259.3 262.6 266.9 270.1 273 275.1 276 274.1 274.4 276.4 276.8 276.4 274.9 276.8 276.8 269.6 262.3 257.2 255.1 255.1 246.1 233.9 216.9 190.9 166.1 158.8 140.7 134 132.2 131.8 131.3 129.1 126.9 124.4 121.2 120.9 120.9 120.9 120.9 120.9 120.9 120.9 120.9 120.9 120.9 121.7 134.4 143.5 150.8 155.1 166.8 181.3 187.2 187.3 197.3 202.2 207.9 211.4 214 216.6 217.5 212.9 214.8 216.9 210 197.1 192.2 188.5 177.5
237.5 242.9 248.5 254.3 256.4 264.9 264.3 265.9 265.3 267.3 269.8 272.9 276.7 278.2 280.8 283.2 284.8 286.7 286.2 285.8 286.9 286 285.2 287.6 290 283.8 277.2 271.7 268 268.3 260.8 249.8 233.7 206.9 182.2 170.7 143.8 138.3 136.7 135.8 134.1 131.1 128.9 127.1 123.9 120.9 120.9 120.9 120.9 120.9 120.9 120.9 120.9 120.9 120.9 120.9 121.2 129.7 137.9 141.6 153.3 164.4 173.3 175.4 185.5 191.1 196.4 200.6 205.2 207.4 203.3 202.1 202.1 203 198.5 187.9 187.9 184 172.2
243.1 249.1 258.5 265.3 268.2 271.7 273.7 276.6 280.8 283 285.8 289.3 286.8 285.8 287.9 292.5 298.2 301.6 302 301.3 298.3 296.7 297.4 297.5 296.4 291.1 290.6 293.2 289.3 282.4 273 257.5 236.8 220.7 200.3 182 148 143.1 141.2 140.7 137.9 134.3 131 129.3 126.7 123.7 120.9 120.9 120.9 120.9 120.9 120.9 120.9 120.9 120.9 120.9 120.9 121.9 128.4 136.6 143.8 149.6 153.8 168 177 183 189.1 193.9 197.6 197.8 192.6 193.5 195.5 192.5 183.8 181.8 182.8 179 164.4
253.3 259.5 265.7 271.1 277.6 279.4 283.7 288.3 296.1 303.3 306.5 303 300.2 301.4 302 304.9 310.5 315.9 316.3 312.2 310.6 310.6 311.2 311.2 309.4 303.6 307.4 309.7 308.9 300 285.4 264.1 248 226.2 214.4 194.8 161.8 150.6 147.5 145.1 141.8 137.9 134.6 132 128.5 125.8 121.2 120.9 120.9 120.9 120.9 120.9 120.9 120.9 120.9 120.9 120.9 120.9 123.7 133.8 139.6 141.3 149.8 156.5 163.3 171.9 179.2 184.2 185.2 183.8 183.5 184.3 184.8 183.2 175.4 174.3 173.3 168 155.9
266.1 270.2 275.1 279.1 283 283.8 291.1 295.6 305 311.8 315.5 316.9 319.4 321.6 322.8 323.4 325.4 332 334.6 331.1 330.8 333.5 334.9 334.5 330.8 323.8 321.6 324.9 325.8 318.2 304.8 278.5 259 248 229.7 206.6 178.3 160.5 153.8 148.9 145.1 141.4 137.3 133.6 130 127.2 124 120.9 120.9 120.9 120.9 120.9 120.9 120.9 120.9 120.9 120.9 120.9 120.9 127.3 130.7 134.8 145.9 150.4 153.1 157.7 163 168.3 173.4 176.6 176.7 176.7 176.1 172.6 168.5 164.3 162.4 159.6 155.1
278.8 283.1 285.1 288.3 292.1 292 295 299.8 310.9 320.4 329.4 334.4 337.8 340.2 341.6 341.4 344.9 349.8 355.8 355.8 356.4 361.4 364.9 360.1 359.2 356.3 351.8 347.3 345.9 337.6 320.2 299.3 282 268.1 251.5 227.5 203.3 175.5 161.6 155.5 150.3 147.6 141.1 134.5 130.7 127.1 124.2 120.9 120.9 120.9 120.9 120.9 120.9 120.9 120.9 120.9 120.9 120.9 120.9 123 127.1 133.4 141.8 144.1 146.2 149.1 152.3 157.1 161.6 164.9 166.4 167.4 166.7 163.7 160.6 157.5 155.9 152.9 148.5
291.8 298 298.6 300 300 297.8 298 304 316.6 330.7 345.6 354.3 357.2 359.9 361.9 362.3 364.2 366.5 373.8 377.6 379.7 384.2 388.4 390.3 382.4 382.1 385.5 382.6 375.1 362.8 342.1 317.7 301.6 290 271 253.1 229.7 201.3 173.7 165.9 161.6 156 147.3 138.6 129.9 126.8 123.4 120.9 120.9 120.9 120.9 120.9 120.9 120.9 120.9 120.9 120.9 120.9 120.9 120.9 120.9 127.8 134.6 136 139.9 141.9 145.5 147 150.7 154.4 157.9 158.7 158.6 155.1 152.2 152.1 150.9 148.8 144.9
310.7 315.9 313.5 312.4 306.2 302.4 303.2 309.5 324.7 342.4 356.8 367.2 372.5 375.7 377.8 381.1 382 383 386.8 393.7 397.3 400.8 404.3 408.7 410 403.7 403.3 407.7 404.5 392.5 371.7 340.6 322.6 319.6 301.5 277.3 255.7 226.3 195.6 179.3 171 163 152.5 144.1 136.4 128 123.5 120.9 120.9 120.9 120.9 120.9 120.9 120.9 120.9 120.9 120.9 120.9 120.9 120.9 120.9 120.9 125.4 127.6 131.5 133.6 139.8 140.7 141.5 144.2 146.4 148.8 148.8 148.2 147.7 146.7 145.7 143.7 140.6
328.4 332.6 327.5 320.5 313.5 309.5 310.3 315.7 333.1 349.6 359.7 369.2 378.9 387.8 394.8 396.5 398 398.8 400.8 406.5 412.1 415.2 416.5 419.6 424.3 427.9 423.8 425.8 426.6 417.1 394.5 375.6 353.5 346.6 330.3 301.5 279.5 246.2 215.8 204.4 187.6 174.7 163.6 154.8 142.8 137 129.9 120.9 120.9 120.9 120.9 120.9 120.9 120.9 120.9 120.9 120.9 120.9 120.9 120.9 120.9 120.9 120.9 122.2 124.9 128.9 133.2 134.3 134.9 138.4 141.6 143 144.8 143.7 142.7 143.1 141.2 139.7 137.8
342.3 348.4 345.1 336.3 327.7 322 318.5 325.5 340 352.6 363.4 373.6 387.3 398 404.8 410.4 411.6 411.6 413.2 412.7 416.2 423.8 428.1 429.1 433.7 441.3 440.2 435.2 437.4 429.2 414.9 400.1 376.5 356.2 328.5 303.4 277.6 246.8 237.6 228.2 218.4 196.3 182 171.5 160.1 151.6 143 133.3 121.6 120.9 120.9 120.9 120.9 120.9 120.9 120.9 120.9 120.9 120.9 120.9 120.9 120.9 120.9 121.5 122.7 124.7 126.2 128.7 130.7 134.8 138.8 140.9 143 143.4 141.5 139 136.5 135.4 134.2
353.3 361.8 360.6 353.6 344 335 330 334.2 346 359.4 371.5 383 394.7 404.7 412 418.9 421.5 422 423.2 427 426.4 429.8 434.4 437.6 438.3 442.4 445.3 445.3 440.8 430.3 412.9 395.9 374.2 347.1 319.6 294.3 266.7 248.3 251.8 250.9 246.5 223.6 206 194.1 182.6 171.1 158.1 148.6 138.6 126.6 120.9 120.9 120.9 120.9 120.9 120.9 120.9 120.9 120.9 120.9 120.9 120.9 120.9 121.4 119.8 122.1 123.1 124.8 126.5 130.6 134.4 137.6 140.2 142.2 144.8 142.8 137.7 134.5 134
