GeneralExemplars/GeoExemplars/data/LakeDistrict/terrain-50-dtm_3563996/ny/NY12.asc
ncols 200
nrows 200
xllcorner 310000
yllcorner 520000
cellsize 50
[rows 140 to 174 of 200, columns 79 to 157 of 200]
295.3 263.3 234 211.1 197.3 189.4 183.6 179 173.1 167.4 161.2 153.9 147.5 140 131.4 121.6 120.4 119.9 124.5 125.7 120.2 121.3 125.6 125.7 123.7 116.5 102.4 94 81.3 83.2 83.1 82.9 82.7 82.4 87.1 91.3 94.4 98.7 102.1 105.8 110.6 117.1 121.9 125.4 137.9 148.7 160 175.6 191.5 210.2 230 234 255.4 281.3 307.1 331.6 354.2 380.6 406.3 425.6 413.2 422.1 430.2 429.9 420.6 404.9 388.1 369.2 351.2 333.9 328.5 324.8 321.2 324.3 330.2 337 349.3 360.8 379.6
285.3 255.7 227.7 207.8 197 188 180.3 173.9 168.4 162.3 155.7 148.5 142.7 134.6 125.6 121.6 119.7 117.6 118.7 119.4 116.2 119 118 116.1 113.3 108.4 97.1 87.5 82.8 83.5 83.3 83.2 82.8 82.8 86.5 90.7 93 99 105 109.3 114.7 121.4 127.2 132.1 139.2 151.2 167.1 185.6 202.5 221.2 242.8 262.5 274.9 276.7 283.9 308.2 336.9 366.8 393.6 412.8 428.7 442.9 449.3 450.5 444.2 427.9 410.5 392.1 373.2 353.3 339.3 339.6 341.4 344.5 345.9 343.9 342 351.5 367.3
280 250.8 225.1 208.9 197 187.4 178.5 170.6 163.5 156.2 150.7 144.5 138.5 132.4 126.6 122.5 118.3 115.3 116.4 117.5 112.1 110.9 112.4 108.4 104.9 99.9 90.5 83.2 83.6 83.7 84 84 84.4 84.5 90.7 95 96.4 101.3 106.5 112.8 119.9 127.1 132.4 136.3 142.7 159.5 178.8 196.3 213.8 232.6 253.4 277.4 298.2 308.4 316.2 312.5 324.3 354.3 380.9 406 434.3 457.7 470.9 471.9 467.7 451 432.6 413.5 393.2 371.8 349.7 354.2 359.3 362.9 365.9 366 363.4 359.7 360.2
277 248.2 221.5 206.9 196.4 186.2 175.7 167.3 160.9 153.8 145.9 141 135.8 132 126.1 121.4 117.2 114.2 113.8 112 107.9 107.1 105.1 100.6 97.6 93.7 87.8 82.2 84.3 84.6 84.9 85.4 86 84.6 92.4 98.6 101.7 103.5 108.4 114.9 125.5 132.7 137.8 141.6 150.5 165.4 183.4 202 223.4 245.3 266.4 294.7 319.6 336.8 344.7 345.4 329.7 344.4 373.1 398.3 427.2 458.3 484 492.4 487.7 471.5 452.6 432.6 411.4 389.8 360.6 374.5 380.3 385.7 387.6 387.9 389.8 386.1 377
273.6 244.1 220.7 206.9 195.5 183.3 173.4 164.2 157.4 151.7 145.6 139.7 133.8 128.4 124 120.3 116.1 113.2 111.9 111.6 107.4 104.8 99.5 96.5 92.5 88.2 82.3 84 84.8 86.1 86.5 87 87.3 87.2 94 101.6 106.4 107.6 111.2 116.5 129 136.7 142.7 148.3 157.2 171.5 189.6 212.6 241.1 261.8 286.5 315.6 343.7 363.4 369.2 369.7 358 340.9 369.6 396.2 426 457 487.9 504.3 502 487.2 468.9 450.7 430.7 406.3 378.1 391.5 402.7 409.4 410.5 413.2 414.1 413 405.5
268.5 241.8 222.9 208.2 194.3 180.1 169.3 160.4 153.3 148.2 142.7 137.8 131.6 127.4 121.9 119.4 115.2 112.2 110.2 107.6 106.7 104.7 102.2 94.5 87.6 82.8 85 84.4 86.2 87.2 88.1 88.5 88.6 88.9 95.2 102.8 107.9 110.1 111.7 119.3 129.9 138.9 146.2 153.2 163.3 178.3 199.5 224 257.9 283.3 311.6 340.2 369.6 391.9 399.5 399.4 387.9 370.4 361.4 390.9 420.3 452.8 485.4 510.3 515.6 506.1 489.2 470 448.8 424.9 397.1 408.3 425.9 433 436.7 440.1 441.4 440.4 434.5
265.7 244.5 228.2 212.5 194.7 179.7 167.5 156.9 148.3 144.4 140.4 134.9 130.3 125.4 120 118.2 114.6 111.4 109.7 106.8 106.9 105 98.8 90.1 85.4 85.4 85.5 85.9 87.2 88.2 89.3 89.7 89.7 89.4 95.7 101.7 106.5 109.3 110.8 119.2 130.9 144.1 150.8 159.1 169.8 185.6 205.6 231.2 262.1 298.1 335.2 366.8 396.2 421.8 427.8 422.4 412.7 399.2 382.7 385.5 414.2 446.4 480.5 510.3 527.4 526.3 508 489 467.8 445.5 422 417.7 444.9 455.7 461.4 465.8 468.6 468.9 461.8
266.6 247.2 233.6 215.5 194.7 177.4 165.8 153.6 145 140.7 137.4 132.6 129 124.6 120 116.3 113.4 113.5 112.3 108.9 107.6 105.3 98.3 89.9 83.8 86.3 86.1 86.3 88.3 89.4 90.5 91 91.7 91.8 94.4 99 103 105.8 110.7 118.7 131.9 144.4 156.1 166.6 179.7 195.4 215.3 241.9 273.9 306.6 342.4 383.6 422.5 448.4 453.1 450 438.2 427 411.5 394.5 412.7 441.5 476 507.5 531.4 542.3 529.1 509.7 489.5 468.2 445.5 436.1 463.8 479.3 486.4 490.7 495.6 495.8 489.1
267.8 249 236.9 218.7 194.8 173.3 160.6 149.1 141.6 136.8 133.1 130.1 127 122.5 119.2 116.4 115.7 115.7 113.8 109.1 106.5 104 99 92.2 83.8 86.9 86.6 87.3 89.4 90.6 91.7 92.4 93.2 93.7 96.2 99.1 103 103.3 111.9 119.7 132 145.7 158.5 173.4 188.5 206 227.6 253.4 283.7 316.8 350.9 388.7 428.5 467.1 478.7 476.3 466.2 453.3 438.2 421.9 413.7 441.2 475.1 507.2 534.6 552.7 550 531.5 512.6 492.3 470.3 455.5 483.7 501.6 509.6 515.1 519.8 520.8 514.3
267.1 248 235.3 219.4 194.6 171 156 145.5 137.5 133.8 130.2 127.5 124.6 120.9 118.4 117.2 118.4 116.6 113.5 109.8 104.7 101.1 98.1 92.3 85.2 86.2 87.3 89.1 90.6 92.2 93.3 94 94.7 96.2 99.8 103.2 105 106 112.7 123 136 153.6 169.9 184.9 198.7 218.1 238.5 265.1 296.5 332.1 364.7 398.4 433.2 468.4 495 499.7 491.3 481.4 469.2 455.1 440 446.4 480.6 513.1 542 565 570.1 554.6 534.8 515 495.7 479.1 503.5 524 536.4 540.8 544.1 544.9 538.6
265.2 244.7 229.7 213.7 189.1 168 152.1 142.1 134.6 130.1 127.6 125.3 122.1 120 117.5 116.9 118.4 116.1 111.9 107.5 102.5 98.7 95.4 90.3 85.8 88 89 90.4 91.8 93.5 94.8 95.6 96.6 98.5 102.8 106.4 108.5 111.1 116.9 129 142.9 164.1 182.6 200.5 214 234.5 254.7 276.8 303.7 336.8 373.6 402.5 434.3 467.6 498.8 516.4 518 510.7 499.5 486.8 472.3 458.2 490.2 522.4 552.5 577.8 588.1 574.4 556.7 538.2 520.5 506.8 522.3 542.4 559.7 566.5 567.7 567.7 563.8
269.6 245.3 221.6 203.6 184 165.1 148.4 136.5 129.5 126.6 124.7 123.2 121 119.3 116.8 114.8 115.9 115.3 110.8 104.8 99 95.9 91.6 87.7 84.1 84.9 89.1 90.6 92.5 94.4 96 97.1 98.3 101.6 106.1 110.2 113.3 115.4 123.1 135.4 150.7 180.3 196.4 206.8 220.5 242 266.1 290.3 315.8 341.2 363.8 390.8 426.1 459.8 492.2 524.4 541.6 539.7 530.1 517.2 502.3 486.8 505.5 535.3 565.2 592.2 607.2 598.2 582.5 565 547.4 536.4 541.3 560.1 577.5 591.3 593.9 592.1 588.1
276.5 250.7 220.1 199 178.8 156.9 139.3 128.9 124.4 123.2 121.9 120.7 119.7 118.1 115.1 112.1 112.3 112.4 108.9 101.6 85 86.7 84.2 90.8 87.8 89.1 90.4 91.6 92.8 95 96.4 97.9 99.1 103.8 109.7 115.6 119.3 123.8 128.4 139.6 160.7 181.1 199 214.6 230.2 250.4 272.8 294.6 327.8 362.3 389.7 400.2 413.8 442.3 475.8 508.4 539.4 561.8 559.2 545.6 529.6 519.3 525.4 552.6 580.6 607.7 626.5 621.6 608.5 591.5 575.5 565.9 568 579.1 595.4 612.1 619.8 618.3 613.8
281 252.3 219.9 196.9 174.3 151.9 134.2 126.3 122.3 120.2 119 117.8 116.5 114.5 112.7 109.9 110.8 109 103 97.4 86.7 94.4 97.1 95.9 89.4 90 91.5 92.7 93.9 95.5 97.4 99 100.5 104.8 111.3 117.7 124 129.1 132.7 143.3 162.1 183 203.6 225.6 246.8 263.5 281.5 308.4 344.8 379.8 412.9 433.2 444.6 455.3 467.5 493.2 526.5 561.2 585.1 574.5 560.2 548.9 549.6 572.3 598.1 624.2 646.7 646.1 633.2 618 603.9 596.8 595.8 600.9 612.8 627.7 642.5 646.7 639.4
281.1 248.8 219.9 196 168.5 142.6 126.9 122.3 120.8 118.6 116.1 115.6 113.5 111.6 109.7 107.9 111.1 109.9 103.5 94.3 93.2 96.7 99.1 97 91.1 91 92.4 93.9 95.4 97 100.9 101.8 101.9 102.6 109.2 117.8 125.2 129.1 133.3 146.5 163 186.9 206.9 227.1 251.6 274.5 294.2 322.5 356.4 399.6 434.8 459.9 476.9 488 496.3 503.3 522.2 555.1 591.5 601.9 592.2 581.1 579 594.1 615.5 639.5 662.5 669.2 656.5 644.3 634.3 627.5 626 627 633.2 645.3 664.5 674.4 665
274.5 245 217.9 191.8 162.5 138.7 122.3 119.7 119.9 117.8 115 112.2 110.9 109.4 109.1 108.3 106.8 107.1 102.5 86.4 95.5 99.6 102.6 102.3 94.8 91.4 92.8 94.3 95.8 97.7 102.1 104.3 103.4 104.2 107.6 117.2 123.5 127.3 132.9 146 161.1 187.7 212.2 234.1 259.5 283.5 306.9 337.2 375.5 411.8 453 484.7 506.2 520.5 529.9 535.2 542.1 557.9 591 626.1 622.2 611.8 608.1 617.1 633.2 650.2 671 685.6 677.2 671.1 664.9 659 657.1 654 658 664.8 680.4 697.4 688.6
262.5 237.8 212.6 184.9 155.9 131.2 120.3 117.5 118.2 116 113.4 111.1 109.6 109.3 111.1 110.8 105.6 102.8 93.4 95.7 98 99.7 104.3 104.6 96.8 92.4 93.2 94.5 96.2 98 99.6 101.6 103.2 105.2 106 113.3 120.4 125.7 131 142.4 158.6 185 210.8 238.1 267.4 293.9 320.4 349.8 388.5 428.3 464.3 501.1 532.1 550.6 562.8 569.6 575.6 584.7 602.8 635.1 648 639 635.4 641.2 650 661.8 676.2 693 696 695.8 694.1 690.4 684.9 679.6 680.1 684.3 694.2 700.5 698.8
251.8 227.5 201.1 173.7 146.9 125.6 119.5 116.9 115.4 113.9 111.9 111 110.1 111.2 113.6 112.3 105.9 100 86.7 100.6 104.4 103 104.6 106.4 100.1 93.3 93.8 94.8 96.3 98 99.4 101.3 103.1 105.6 107.7 109.7 115.3 122.4 127.6 138.8 154 177.4 207.5 237.9 272.9 304.9 328.2 361.8 403 441.3 481.1 513.4 556.4 576.9 592.2 602.7 611.8 621.4 633.3 645.9 661.2 661.7 659.9 661.8 665.6 674.1 684.6 700.8 710.9 713.3 712.2 712.2 707.5 701.7 700.9 698.5 685.1 679.5 672.7
236.7 214 187.4 161 137.4 123.6 120.8 120.3 116.9 112.8 110.5 110 109.6 111 113.4 109.9 104.9 98.5 89.6 102.8 105.3 103.4 105.8 105.9 101.1 96.4 93.8 94.9 96.3 97.9 99.2 101 102.9 105.9 111.7 109.2 113 119.2 124.9 134.9 150.5 171.7 201.8 234.1 267.8 295.7 327.5 361.8 399.1 442 485.5 518 552.7 589 613.8 628.7 640.4 649.8 657.5 662.6 669.4 676 676.5 678.4 681.7 689 695.6 692 693.3 694.9 697.2 695.3 688.2 694.5 700.5 687.5 664.8 645.7 641.4
224.3 203 175.2 150.9 131.4 123.9 121.4 121 117.4 113.1 110.7 110.2 109.2 108.8 109.3 106.9 101.7 90.4 96.4 101.6 102.3 104.3 106.3 107 102.2 96.7 94.5 95 96.3 97.8 99.3 101.2 106.3 113.8 116.1 112.2 112.8 117.6 123.2 129 142.8 166.5 194.7 223.6 256.4 292.7 326.8 365 401.7 434.7 467 500.3 536 572.2 612.1 642.5 652.6 661.1 668.8 674.6 680.5 687.2 690 690.8 690.5 689.3 679.2 665.2 659.6 659.7 658.9 661.5 648.3 660.4 670.9 663.1 642.1 616.1 603.3
211.7 191.7 164.6 142.6 128.3 123.8 120.3 119.5 116.8 114.1 114.2 114.9 113.6 108.4 104.9 103.2 97.8 96 98.8 99.6 101.6 105.6 108.3 107.9 104.2 99 95.7 95.8 98 100.2 102.8 105.3 111.3 123.4 123.7 114 114.9 116.6 123.5 129 139.2 158.4 188.5 216.3 245.3 279.4 315.4 349.2 386.6 427.9 469.5 507.4 541.9 582.7 613.7 642.1 653.4 664.1 678.4 683 687.3 694.3 698.8 697.5 684.3 661.7 649.2 634.2 625.5 630.6 621.5 627.2 611.7 629.2 633.6 630.3 619.6 592.4 573
197.3 174.7 153.6 134.5 126.4 122.6 118.9 116.9 115.5 116.8 120.9 119.1 115.5 109.9 102.2 99 90.8 99.1 99.3 100 103.3 106.4 109.6 111.1 108.6 102.3 98.6 100.1 101.7 104 107.2 112.9 130.1 141.1 133.7 118 116.9 117.3 123.9 130.4 138.5 155.2 181.7 212.9 245 275.8 307 340.9 379 423.1 465.8 503.1 542.5 576.2 601.1 623 637.5 652.8 670.1 681.4 693.5 703.8 679.8 673.1 648.5 637.2 618.3 603.8 593.6 596 583.8 593.6 576.6 596.4 594.2 603.3 603.1 578.9 547.6
181.6 162.4 143.2 130.5 124.8 121.4 119 116.2 116.7 123 123.8 120.4 115.8 109.6 102.8 97.3 94.5 98.8 101.8 103 105.1 107 111.2 117.2 116.2 108.7 103.5 105.4 107 108.1 111.8 120.6 137.4 159.7 147.8 123.5 118.8 119 124.1 129.7 137.4 155.6 176.5 203.1 237.5 271.1 302.4 338.2 376.6 421 468.7 512.8 549.5 573 590.2 605.6 617.9 633.4 650.4 668.1 684.8 674.9 655.6 635.4 623.3 612.8 583 576.2 558.4 569.1 550.8 552.5 544.2 554 560.8 571.9 565.5 551.7 527.9
170.8 153.8 137.6 130.9 125.2 122.8 122.2 121.2 124.1 126 124.4 120.1 115.2 108.7 102.7 99.6 95.7 100.5 104.9 107.7 109.5 109.9 113.4 122.4 123.6 116.9 108.7 108.9 110.9 112.4 121.7 131.8 140.3 155.6 148.7 123.6 120.7 120.8 123.5 131.9 139.7 154.6 169.8 192.8 224.5 257.8 292.2 332.1 370.4 415.4 458.7 492.5 524.6 560.5 575.6 583.3 595.1 610.7 630.6 652 669 642.3 625.9 604 602.1 574.2 563.1 542.1 527.2 531.5 521 513.5 505.3 515 518.1 522.6 524.4 519 502.6
161.4 145.7 136.9 131.2 127.2 126.3 127.1 128.5 127.6 125.8 122.6 119 114.2 111 103.1 100 93.2 101.8 107.7 111.4 113.2 113.2 114.4 126.5 131.1 123.9 117.3 113.3 114 117.4 130.4 140.3 153.4 158.5 144.6 124.3 123.2 123.5 126.4 133.8 141.9 154.8 168.3 187.6 214.8 244.7 276.7 313.2 350 390.5 433.7 472.4 511.5 545.9 548.8 557.1 571.9 592.8 615.9 640.3 635.1 615.1 590.5 579.1 561.9 549.3 538.7 514 493.1 486.9 480.6 475.8 469.9 480.3 485.5 491.4 491.7 488.1 474.1
155.5 142.1 135.8 132.3 130.5 132.2 132.7 131.7 128.6 124.2 120.1 116.6 112.1 109.1 103.8 99.3 93.2 101.4 108.5 113.3 116 116.1 118.4 126.5 134.3 128.9 124.1 119.7 118.8 124.3 141 149.5 165.7 164.5 145 127.3 125 126.3 128.6 135.1 143.9 156.1 167.2 186.3 209.4 239.1 270.7 303.4 339.4 374.9 412.9 459.3 495.4 513.2 516.8 529.6 553.4 579.1 606 629.3 614.7 593.2 559 554.4 527 508.3 492.9 477.9 459.7 449.9 449 442.9 443.7 450.1 455.3 461.8 462.7 459 448.9
151.6 140.6 135.6 132.2 131.9 134.5 134.6 131.6 127.3 122.5 117.4 113.6 109.6 105.7 103.3 99.8 93.2 100.7 107.4 113.2 117.8 119.9 122.1 129.7 141.6 141.6 134 125.2 124.4 130.5 144.6 152.9 166.4 164.2 148.9 134 125.1 127.9 128.7 136.3 144.6 153.8 168.3 185.8 208.2 235.8 267 298.3 332.8 369.8 406.9 450.2 483.9 476.2 483.7 513.7 544.2 571.5 596.7 609.9 586.5 556.3 536.8 503.9 495.4 472.5 461.4 442.8 430.3 418.1 414.6 411.2 413.4 417.5 423.7 430.5 431.4 427.3 422.7
149.8 140.7 133.5 132.4 132.3 133.1 132.2 128.4 124.8 121 115.6 112.7 111 105.5 104 102.4 96.6 99.1 103.9 112 119.1 125.9 128.7 132.6 147.6 151.6 140.4 132.7 129.9 134.9 144.8 156.1 165.7 164.7 153.2 137.2 129.2 128.8 131 137.4 144.7 155 170.7 187.3 210.5 234.8 265.3 298.6 338.3 379.7 418 444.4 445.3 440.9 469.8 504.3 531.2 553.2 572 577.7 553.9 520.2 497.2 478.1 456.5 440.8 425.3 416.7 400.5 390 384.4 380.4 385.2 385.9 391.1 397 399.7 400.1 396.2
144.4 137.3 134.1 135.7 134.2 132.2 128 125.1 122.1 118.3 113.7 110.6 108.8 105.6 105.2 104.3 97.4 97.1 101.1 107.9 120.9 132.4 134.7 136.6 147.3 153.5 145.6 139.6 136.6 140.9 149.2 157.1 164 166.9 155.3 140.4 130.9 132.2 133.5 140 148 159.1 170.7 187.9 214.1 235.9 268.1 298.9 334.6 356.8 385.4 412.3 408.4 421.6 454.1 480.6 504.1 522.6 537.4 544.9 520.3 493.5 465.9 445.5 424.2 409.2 394.3 382.1 370.7 363.9 360.4 361.6 361.4 364 370.1 374.8 375.4 379.4 383.8
139.8 134.5 136.9 137.1 136.1 131.8 126.3 121.8 119.1 115.4 111.5 109.2 107.5 107.1 105.9 105.5 98.4 94.9 98.5 108.3 123.8 136.4 140.8 141.6 146.5 154.7 149.3 150.4 150.7 154.9 158 163.6 169.4 171.7 156.9 140 133.4 134.6 135.5 139.6 150.3 160.3 171.8 188.8 210.2 232.3 257.1 280.5 306.5 334.8 369.8 376.4 380.2 410.3 436.7 458.7 478.9 496.9 512 519.9 493.3 464.9 435.4 415.4 400.8 381.7 365.3 355 349.5 347.8 353.7 366.8 376.4 378.3 384.8 386.5 390.2 396.3 407
139.6 136.9 137.4 135.7 132.5 129.1 124.6 119.6 114.6 111.5 110 109.9 110.3 108.4 106.8 104.2 98.9 96.7 96.7 104.9 121.5 137.5 148.9 151.5 152.6 158.3 157.6 161.8 168.9 173.7 171.3 170 175.2 172.4 155.5 139.2 135.3 137.1 137.7 139.9 148.8 155.8 165.8 183.8 206.9 232.6 255.9 278.1 298.5 317 335.1 350.5 377.4 405.9 427.5 443.7 462.1 478 496.1 496.7 468.2 437.2 410.6 387.8 368.1 352.6 340.2 341.2 352 369.2 383.6 392.2 399.1 403.4 408.4 415.6 419 422.2 422.6
137.5 136 134.6 132.7 129.1 125.4 121.7 115.6 112.8 112.1 110.2 110.1 109.9 109.2 108.4 104.6 99.7 97.3 95.4 98.9 114.7 134.6 157.8 167 171.1 172.6 176 183.3 190.3 189 182 177.3 174.7 162.2 148 138.5 137.6 139.2 140.2 141.8 148.3 155.5 165 177.7 197.5 219.7 245.8 271.5 300.7 329.2 344.9 361.1 380.7 398.2 416.4 433.2 451.9 468.6 482.3 464.2 446.1 415.5 385.7 363.5 343 332.6 343.8 365.6 378.1 393.3 402.7 414 424.6 430.8 433.1 439.3 442.2 445.3 445.8
135.5 132.8 131.9 128.6 125.1 121.2 117.8 114.4 115.5 114.8 111.3 111.7 110.8 109.8 107 105.1 98.9 96.9 96.2 95.1 105.6 125.1 145.8 159.9 167.7 173.6 176.8 190.2 203.8 191.4 189 179.7 170.6 156.1 143.5 138.6 140 142.1 143.5 145.3 149.1 155.5 164.7 177.4 193.6 213 237.3 263.1 291.6 321.7 351.9 376.3 393 406.2 421.1 435.6 442.9 447.3 445.8 430.8 420.6 397.8 367.3 345.3 330.2 347.4 365.3 381.8 395 415.3 425.7 437.7 446.9 454.2 451.1 458.5 462.8 465 468.7
134.1 131.3 128.1 125.1 121 120 119.7 117.9 119.2 116.4 115 116.1 113.5 108.7 103.9 101 97.8 97.4 96.5 95.6 99.2 112.2 129.1 149 163.9 172.2 184.9 202.7 197.9 190.9 185.5 180.2 166.3 154.6 143.1 140.9 142.2 144.7 146.8 148.7 151.1 156.1 163.9 177.1 191.7 212.3 232.9 257 286.6 319.6 349.4 375.1 395.3 411.6 422.1 413.9 413.3 410.2 409.1 402.4 397 382.2 351.5 323.9 337.2 361.4 377.4 398.4 419.5 434 449.2 460.2 468.9 474.9 471.1 475.7 480.5 480.7 483
132.6 130.3 125.8 123.3 121.5 121.8 121.4 120 116.8 114.4 114.4 113.1 108 104.3 100.8 98.8 98 97.4 96.5 95.4 96.3 104.7 116.7 137 160 174.5 186.5 196.4 197.3 190.5 181.7 173.7 163.7 153 144.4 143.7 144.6 146.5 148.9 152 153.2 157.9 165.4 175.4 189.9 210.2 230.6 252.9 283.1 317.1 354.9 389.3 409.5 409.3 397.9 383.6 380.2 379.3 384.9 377.7 373.3 364.2 332.3 325.2 355.7 374.4 394.6 414.2 437.4 457.1 466 479.5 491.3 493.6 491.4 498.4 497.6 498.7 501.4
