GeneralExemplars/GeoExemplars/data/LakeDistrict/terrain-50-dtm_3563996/ny/NY12.asc
ncols 200
nrows 200
xllcorner 310000
yllcorner 520000
cellsize 50
[rows 105 to 139 of 200, columns 0 to 78 of 200]
123.4 123.9 124.6 126 126.6 126.6 126.4 126 125 125 126 127.9 128.4 130.1 132.6 134 136.2 135.1 144.3 155.4 159.9 165.4 171.1 176.5 178.1 181.6 183.2 182.9 181.6 182.1 183 184.8 185.1 180.3 168.7 176.2 190.3 192.2 196 202.1 206.5 210.8 214 218.5 223.9 231.5 237.1 241.3 244.8 246.1 242.1 239.1 237.1 236 238.5 244.8 259.7 267.5 277.2 284.7 291.6 302.9 321.1 336.7 355.3 369.9 378 382.3 380.7 371.3 362 349.9 337.1 328.6 313.1 301.5 285.3 267.1 260.7
124.5 125.7 125.1 126.1 126.4 127 128 128.1 127 126.8 128.5 130.3 130.6 132.8 137.6 138.9 143.6 147.2 150.6 161.6 166.6 172 177 182.9 184.7 188.6 189.1 190.5 190.5 190.9 190.8 192.6 192.1 190.3 182.5 171.8 184 191.6 196.8 203.8 208.6 213.3 218.1 222.7 226.6 235.7 241.1 245.6 249.7 252.6 255 255 253 249.3 248.5 256 266.4 274.5 283.1 297.2 307.7 316.5 325.9 335.1 347.9 361.6 370.9 378.6 381.8 376.9 366.1 355.1 341.8 329.3 319.6 304.9 293.6 286.1 275
126.5 127.9 126.2 127 127.7 128.6 131 130.9 130.3 129.6 130.9 133.2 133.9 136.6 142.4 150.3 157.1 160.4 164 169.4 171.4 174.8 177.6 180.4 183.1 186.8 188.9 191.9 194.4 196.2 197.5 197.5 196.3 194.9 193.6 188.5 178.2 192.8 198.7 203.9 209.1 214 218.5 223.9 231.1 238.8 249 255.3 259.5 261.7 264.4 268.2 269.2 266.3 262.4 271.4 277.7 286 296.6 312.3 324.5 335.1 344.1 353.9 353.4 356.1 358.6 363.6 369.6 368 362.1 352.2 343 332.5 318.6 309 305.3 299.8 290.6
124 125 126.4 129.6 131.6 132.8 131.8 132.3 132.4 132.9 134.5 142 145.7 150.5 155.6 157.8 160.8 166.8 170.4 173.5 175.1 176.8 176.9 180.6 185.3 187.5 190.3 193.4 196.2 199.2 201.1 202.5 203.8 201.1 198 196.4 190.3 187.5 197.2 203.2 209.7 215.5 219.9 226.5 234.5 242.2 250.1 257 263 268 272.3 276.8 281.3 281.5 281.1 285.6 290.7 297 312.4 326.7 340.9 350.2 358.8 367.5 373.4 372 365.9 363.9 365.9 367.2 362.3 352.7 345.5 336.5 321.8 316.3 311.8 309.4 300.5
126.4 126.7 127.6 130.1 133.2 136.3 138.4 139.3 141 144.6 150.4 154.5 158.8 162.9 168.9 171.3 173.1 174.5 175.6 176.7 179 180.2 180.3 183 186.4 189.1 191.8 194.4 197.4 200.4 203.1 204.7 205.6 205.6 202.1 200.8 199.5 191 191.9 202.9 210.4 216.6 222.1 228.6 236.7 241.7 250.8 263.2 269.1 275.3 281.4 289 295.6 297.2 297.2 297.4 305.1 307.2 326.7 339.2 351.4 359.6 367.9 376.3 381.6 383 376.5 366.1 362.9 362.9 360.3 353.9 346.9 340.3 329.6 324.4 320.8 310.6 304.8
128.2 128.9 128.9 130.6 136.7 141 144 147.2 148.8 152.1 157.7 164.6 169.5 172.5 175.5 178 179.8 181.3 181.6 181.6 182.8 184.1 186.6 188.2 189.2 192.1 194.9 197.3 199.5 201.8 205.1 206.5 207.7 208.1 207.3 205.8 203.4 201.1 196.1 197.1 209.5 217.1 223.9 232.5 240.6 245.2 253.8 265.1 274.5 282.4 290.3 298.6 307 312.8 315.1 317.7 325.4 330.8 334.9 350.5 363 369.6 377.8 383.3 388.9 386.8 380.5 371.6 364.1 357.2 352.5 347.1 340 335.5 333.6 332 328.6 318.3 308.6
128.6 130.9 133.6 134.3 143.5 148.1 150.3 152.7 155.2 159.4 165.2 173 178.1 180.6 181.2 183.9 187.6 188.1 187.1 187.1 187.4 188.7 192 193.8 194.6 195.8 198.3 200.3 202.5 204.7 206.4 208.5 210.7 211.8 211.6 210.1 209 206.7 205.2 197.7 209.7 217.8 224.5 233 241.8 249.5 257.7 266.8 279.7 288.6 296.9 306.8 316.2 323.4 332.1 338.1 345.2 348.8 354.5 360 373.7 381.9 387.5 390.7 395.2 390.4 384.2 375.4 365.2 354.4 343.5 339.3 334.3 331 329.3 329.8 327.6 318.3 304.5
128.9 133.6 139.4 143.4 148.1 152 155.5 158.5 161 165.7 170.8 177.8 185.7 187.2 188.3 187.9 190.1 192 190.1 191.1 192 195.1 197.5 198.5 199.1 199.3 202.8 205.4 206.4 208.3 209.2 210.3 212 214.2 214.6 214.1 213.8 216.5 216.3 211.7 195.8 213.1 222 230.4 239.7 248.8 259.1 267.9 284.5 296 307.5 317.9 325.3 330.3 342.2 350.7 356.8 363.9 367.2 371.7 380.2 389.2 395.8 400.5 401 395 388.5 377.9 363.8 350.4 338.6 327.3 324.4 325 321.7 321.3 315.7 308.6 297.2
130.4 135.4 141 147.1 151 155.8 159.3 161.6 163.7 167.3 175.5 182 191.7 193.2 193.3 192.7 192.4 194.4 194.8 195 195.4 198.7 200.2 201.8 204.2 204.6 205.5 208.6 210.7 212.3 213.6 212.8 213.5 215 217.1 218.4 220.5 225.1 222.9 218.5 215.1 203 220.2 228.2 237.3 247.4 257.4 266.7 282.5 297.4 311.1 325.8 336.9 342.2 348.8 358.1 365.8 370 375.4 381.9 386.5 393.3 402.2 407.4 407.5 401.6 393.1 379.7 364.1 350.7 336 319.8 308.1 308.3 311 310.9 301.5 293.8 286.9
133.9 137.9 145.9 151.7 154.7 156.6 160.4 163.5 166.2 168.5 172.9 181.4 194.7 198.9 198.5 196.8 195.3 195.8 196.9 197.9 198.6 200.6 201.8 204.3 207 208.1 207.8 209.4 211 212.8 213.9 215.1 216.5 218.4 220.7 223.3 223.9 225.6 227 222.2 222.2 205.6 220.7 227.7 235.8 244.8 254.5 261.4 279.6 296 312 329.1 346.3 356.7 359.9 365.4 371.5 375.1 379.3 383 390 396.3 406.1 411.8 413 408.9 399.8 387.5 371.1 354.6 338.1 322.2 305.4 291.3 291 292.2 291.7 285.6 280
133.5 139.6 147.7 154.3 159 158.4 160.5 163.9 166.6 169.6 172.5 177.4 189.9 203.3 204.7 200.9 197.1 197.7 198.7 200 200.6 202.7 204.7 206.9 208.9 210.7 212.2 213.5 212.9 213.2 214.7 216.7 219.1 221.4 223.3 226.2 228.5 229.2 230.3 228.8 224.9 214.3 224.5 229.4 235.5 244.6 254.6 260.1 277.1 294.2 309.9 327.7 347.8 364.2 372.2 371.4 373.8 377.2 383.1 390.3 396.8 399.9 404.4 413.3 415.8 413.6 405.3 392.6 376 358.4 339 322.7 307 292.2 274.7 272.6 277 276.7 267.5
134 139.3 147 153.2 158.4 159.6 161.1 163.5 166.2 168.8 171.4 173.9 180.8 196.7 202.5 200.6 198.8 199.5 200.5 201.6 202.4 204.4 206.8 208.8 210.8 212.7 214.4 215.8 216.9 215.9 216.3 218.7 221.4 224.2 226.4 229.4 231.8 233.8 235.7 236.4 230 223.2 221.6 231.2 236 245.8 254.1 257.8 274.5 294.4 309.8 324.8 343.7 360.4 371.8 378.4 379 379.4 384.9 394.9 400.8 404.3 403.8 409.8 414.2 413.9 406.5 394.2 377.4 359.2 339.5 319.9 304.9 293.1 281 264.2 258.9 255.8 249.8
143.4 139.3 146.6 151.6 156 158.3 160.2 162.8 165 167.6 170.1 172.5 175.3 185.6 199 200.5 201.2 201.7 202.3 203.3 204.3 206 208.9 211 212.6 215.1 216.7 218 219.6 220.3 221.7 223.1 225.3 227.4 229.9 232.9 235.4 237.7 238 237.8 233.9 226 220.7 233.9 238 244.9 251 256.3 273.3 292.6 309.3 324.7 339.4 354.7 365.9 374.7 378.1 380 384.2 393.1 399 404 406 402.9 408.6 407.1 401 389.3 373.9 355.8 335.2 316.2 303.1 291.9 280.3 267.8 258.5 250.8 242.2
151.2 142.9 145.6 150.2 154.3 155.6 159.9 161.6 163.4 166 168.7 170.6 172.9 178.8 191.5 199.8 200.2 202.2 203.4 205.9 207.2 208.3 211.5 213.6 216 219.2 219.7 220.4 223.3 226.2 228.1 229.4 230.3 232.6 235 237 240 242.5 243.9 242.9 238.5 236 222.7 235.1 240 244.5 249.9 255.2 273.5 293.2 308.7 323.1 336.7 349.7 360.4 368.5 373.4 377.8 383.1 390 396.6 400.3 401.7 395.9 394.7 395.7 391.4 379.9 365.2 348.8 328.4 312.6 299.8 288.9 278.1 268.8 259.9 253.1 244.4
159.5 152.7 148.6 148 151.2 155.4 158.8 161.1 162.5 164.9 167 168.9 171.9 176.4 186.7 195.5 199.5 203 206.4 209 210.4 212.9 216.4 218.1 219.2 222 222.7 223.8 226.4 229.7 233.1 235.8 237.7 239.1 241.5 244.5 247.3 247.7 248.4 249.8 246.3 240.9 231.4 235.9 240.4 244.5 249.1 254.1 270.5 292.2 307.9 321.1 333.9 346.1 356.2 363.9 369 373.9 378.4 384.2 390.3 392 391.9 388.1 381.8 382.5 375.1 368.5 353.6 337.1 318.5 305.4 297.3 285.4 274.9 267.7 259.3 248.6 244
169.3 163.8 158.8 152.1 151.5 155.1 158 160.6 161.8 163.2 165.3 167.5 171.3 175.2 181.5 190.3 198.5 204.8 209.1 212.2 214.5 216.6 219.5 222.9 223.7 224.5 226.4 228.3 230.5 233.2 236.6 239.8 242.1 244.7 248.4 252.4 255.4 258 260.9 261.1 253 246 238.3 236.9 241.6 244.8 248.1 252.7 265 287 304.9 317.1 329.8 341.4 352.1 357.4 358.5 363.3 369.4 375.4 378.8 380 378.6 373.4 369.9 369.3 365.6 359 345.4 327.2 312.9 302.8 296.3 286.6 277 268.2 257.8 258.4 256.1
177.3 173.3 166.6 155.7 151.2 153.9 157.2 159.6 160.8 161.9 163.5 166.5 170.7 174.9 180.5 191.4 201.4 210 214.1 216.7 219.3 222.4 224.3 225.6 228.7 232 233 234.1 235.1 236.9 239.8 242.9 246.2 250.2 254.6 258.7 260.3 259.4 258.8 257.7 252.4 246.1 241 235.9 241.7 244.8 248.4 252.9 260 277.9 294.7 308 320.9 332.1 340.8 344.1 345.5 350.8 356 362.4 368.2 367.9 364.6 360 361.3 365.3 366.2 361.5 346.1 330.7 317.6 305.7 300.2 289.7 280.6 273.8 274.2 271.5 267.8
182.4 179.3 170.1 160.2 152.4 152.7 155.8 156.8 157.8 158.9 160.6 165.6 171.2 178.6 184.6 193.8 204.9 214.4 220.7 224.6 224.9 228.3 231.9 236.7 238.2 240.1 240.5 238.6 237.6 237.5 238.7 242.3 246.3 251.5 256 259.4 260.2 259.5 257.8 254.4 250.9 247 245.2 241.4 236.9 244.4 247.7 252.6 258.5 268.8 283.3 295.6 306.5 315.8 324 328 326.5 331.4 337.5 343.6 351.3 352.2 348.4 352.6 359.2 367 369.1 365.7 352.6 340.2 328.7 316.1 302 287.7 289 296.1 295.4 291.5 284.7
188 184.9 174.5 163.1 156.7 152.6 152.3 154.6 155.4 156.1 157.2 165.4 170.1 178.3 189 193.4 197.9 212.7 230.8 237.4 235.9 234.5 237.3 237.7 238.3 238.5 238.7 235.8 235.1 234.1 234.9 239.1 245.8 252.2 255.8 259.2 261.1 261.2 258.2 254.6 251.2 249.1 247.2 244.8 240.6 243.3 246.7 249 252.3 259 269.8 281.8 293.3 302.4 307 308.2 307.5 311.1 317.8 322.7 327.1 334.2 346.9 356.3 362.8 368.3 370.9 369.6 360.4 349.2 335.1 320.8 305.6 300 300.3 308.1 311.4 312.6 305.9
191.3 187.1 174.1 164 160.4 157.6 155.3 155 154.2 154.4 155 156.4 160.7 165.2 172.3 176.8 181.4 191.9 203 211.9 213.7 213.7 215.5 216.8 218.7 221 221.6 223.7 225.6 226.5 229.8 232 237.1 245.1 251.3 255.8 259.9 261.3 259.3 255.6 252.2 250 247.9 245.5 244 242.5 243.9 246.5 248.1 251.2 257.6 267.5 277.1 283.2 288.9 292.4 296 300.3 307 316.8 330.2 342.8 355.2 365.4 374.4 382 384.5 379.9 367.9 358.4 341.5 327.9 309.7 307.2 312.6 324 331.7 333.3 326.4
181.3 178 171.2 166.4 165.3 161.8 157.8 156.6 156.4 158.1 158.3 157.1 156.4 156.4 157.6 163.9 167.7 171.4 173.8 179.4 183.1 184.7 187.7 189.5 193.5 197.4 201.8 206.2 210.1 214.6 216.8 222.6 226.6 232.6 238.4 244.8 249.1 250.5 251.2 252.4 252.4 250.5 248.6 245.7 244.4 244.1 245.1 247 249.4 251.8 255.1 262.6 269.6 276.9 280.7 284.3 288.4 298.2 310.6 322.2 333.9 346.8 360 371 380.3 388.3 391.2 384.6 369.6 359.1 347.2 332.6 314.5 312.3 324 339 349 351.1 343.9
178.3 175.7 173.3 171.3 169 166.4 160.6 158.5 161.3 163.9 164.9 162.9 160.7 158 154.3 154.4 157.4 156.3 156.4 158.6 161.4 163.8 165 168.7 173.8 178.7 184 190.1 194.5 199.6 204.3 208.5 213.1 219.1 225.6 231.3 236.4 239.9 242.9 246.3 248.6 249.4 249.9 247.6 245.2 246.4 246.9 248.3 250.4 253 256.1 262.2 266.3 271 276.5 281.1 286.9 297.6 309.9 324.4 336.2 345.7 358.9 370.1 379.4 387.7 391.1 384.4 372 362.7 352.4 338.1 321.5 320.3 335.5 352.5 363.2 363.9 353.1
180.1 178.6 176.7 174.1 171.6 168 165.3 163.9 163.6 166.2 167.3 164.7 161.3 156.6 151.3 147.6 146.6 147.3 148.8 149.5 151.5 153.3 154.7 156.9 161.3 165.3 171.2 177.8 184 188.7 192.3 196.3 201 205.9 211 221.3 227.9 233.2 237.2 241.4 244.2 246 247.6 248.3 248.2 250.2 249.4 250.2 252.3 254.1 258.8 263 266.2 270.8 274.8 279.8 284.7 291.7 302.4 317.2 331.8 344.5 354 362.9 372.3 379.2 380 377.8 374.5 365.9 357.7 345.1 334.2 334.1 347 360.5 374.6 373.7 351.8
187.7 186.5 181.9 178.9 175.2 174.4 173.6 169.5 167.6 165.6 163.4 160.2 156.4 151.6 147 141.8 142 143 143.8 144 145.3 146.7 148.1 150.6 154.7 158.8 164.1 171.1 175.9 180.1 183.9 187.8 190.9 195.4 200.9 208.7 219.4 226.1 231.4 236.9 241 241.3 243.5 247.4 249.9 252.3 252.7 254.3 255.5 256.7 258.7 262.6 266.4 269.9 274.7 280 285.2 290.3 296.6 305.5 322 334.9 347.2 356.4 360.6 365.2 370.8 373.9 373 368.5 364.6 354.6 348.4 349.2 361.9 374 380 373.8 349.3
189.1 187.3 184.8 182.2 180.1 180.1 178.6 174.4 169.8 165.3 160.8 157.6 155 149 143.4 139.6 139.7 140.9 140.5 139.9 141.1 142.5 144.5 147.6 151.2 155.2 161.1 166.3 171.1 175.4 179.1 181.6 185.9 190.4 195.4 201.5 209.6 217.3 223.2 228.7 232.8 236.2 241.3 246.6 249.8 253 256.1 258 259.9 261.7 262.3 264.6 268.2 271.4 275.4 280.6 286.1 292 298.8 306 319.5 332.8 345 353.2 360.4 366.1 367.2 368.6 369.9 371.4 372 368.8 369.9 365.1 371.3 378.6 386.9 381.7 349.9
191.6 191 189.4 187.1 185.1 186.3 186.6 184.5 182.4 173.9 168.3 162.7 157 151.2 143.4 139.1 139 139.5 138.8 138.5 138.8 140.2 143 145.9 149.4 153.5 158.4 162.9 167.4 170.6 174.2 178.7 182.9 187.2 191.9 197.8 204.2 210.4 217.6 224.2 229.2 233.1 238.9 246.3 249.8 253.4 257.5 260.6 263.8 266.2 268.9 270 271.5 275 277.5 281.7 285.7 291.6 298.8 309 322.4 334.5 348.3 357.3 365.3 372.8 375 373.4 373.2 375.2 378.8 374.4 375.4 375.6 384.6 390.2 391.6 384.1 351.2
196.4 195 195.1 193.3 190.8 192.4 194.1 196.2 198.8 194.9 179.6 167.3 159.9 153.8 146.9 140.4 138.4 138.5 138 137.7 137.9 138.9 140.2 144.4 148 152 155.7 160 163.7 167.6 171.3 176.4 180.4 184.3 188.5 195 201.1 208.5 215.6 220.8 225.9 231.7 238 243.9 248.4 252.3 257.4 261.6 266.2 270 272.2 274.2 276.5 278.7 281.5 285 289.2 292 296.7 305.5 321.2 334 345.4 357 367.1 376.2 385.9 390.2 390.5 391.6 390.5 388.7 383.7 385.2 390.4 397.9 401.1 393.3 354.5
200.9 199.4 199.3 198.3 198.1 195.5 196.8 196.9 196.8 196.8 186.7 172 162.5 155.2 148.6 141.8 139.1 138.8 138.5 137.9 137.6 138 138.8 141.8 145.9 149.7 153.2 157 161.3 164.1 168.2 172.9 177.4 181.9 186.2 192.2 200.7 209 214.6 217.9 223.1 230 235.7 240.4 247.5 252.5 257.3 261.3 266.2 270.3 274.8 277.2 279.9 283.3 287.5 291.3 292.6 295.2 299.2 304.9 322.1 335.1 347.2 357 368.1 381.7 396.3 404 408 409.1 408.4 404.2 395.6 387.8 392.5 398 404 393.3 356.9
204.1 203.7 203 202 200.9 198 196 195 193.2 190.5 184.8 173.7 165.8 160.1 155.3 146.2 140.8 140.1 139.3 138.7 137.9 137.5 137.7 140.3 144.2 147.2 150.8 154.4 156.7 160.2 165.5 170.8 175.3 178.6 182.4 189.6 197.1 204.8 209.1 213.6 220.3 226.2 232.9 241.2 248.4 254.3 259.2 264.2 268.8 270.9 275.4 279.9 284 288.7 298.3 307.3 308.1 308 305.4 310 322.3 336.3 347.4 356.9 369.9 382.8 392.7 402.8 407.7 409.2 407.7 408.4 406.4 398.2 393.1 399.3 405.6 396.5 360.9
205.3 205.4 205.3 204.2 203.3 200.8 198.6 196.6 195.2 192.6 186.2 176.3 167.8 163.3 160 153.9 145.5 141.4 140.3 139.6 138.1 136.9 137.3 139.1 142.3 144.2 147 151.4 153.6 157 162.9 168.5 170.7 173.9 180 186.4 192.4 198.8 207.6 212.8 217.5 222.3 232.1 240.8 248.6 255.8 261.2 266.7 272.3 275.5 278.1 282.5 287.5 293.9 305.3 315.6 323.8 326.1 324.9 321.7 326.2 336 345.5 354.8 368.8 379.3 387.3 392.9 395.2 400.2 401.7 404.5 405.9 404.4 400.3 398.1 400 393.9 372
206.1 207.2 208 208.4 208.3 206.6 202.6 200 199 197.4 194.7 185.4 174.7 166 163.6 158.9 151.4 143.7 141.6 140.4 138.4 136.8 136.7 137.9 139.3 140.3 144.6 147.7 150.1 153.9 160.9 164.1 165.5 170.4 177.9 183.3 189.8 196 202 208.9 213.7 220.1 227.4 236.5 246.6 253.9 259.1 265.4 272.7 278.7 282.8 287.1 292.8 296.3 306.8 318 327.3 333.7 336.4 338.5 337.5 338.6 343.3 349.8 361.5 368.9 375 380.4 381.7 383.4 386.8 390.3 395.4 400.7 402.5 396.1 396.8 395 371.7
209.5 210.9 211.2 211.8 211.6 210.2 206.8 204.1 202.8 200.6 198.6 192.2 181.5 169.8 165.5 160.2 153.6 146.7 146.4 143.8 139.7 137.3 136.5 136.4 136.5 138.8 142.9 144.9 146.4 149.3 154 156.5 159.8 167.3 174.6 182.1 188.6 193.7 198.9 206.6 213.8 219.3 226.4 233.5 242.3 250.7 258 265.7 275.8 284.3 290.3 293.7 297.6 305.8 308.8 316.8 327.4 334.2 339.1 343 345.4 346.6 345.7 348.3 353.2 358.1 360.8 364.7 367.4 369.5 371.8 376.1 383.1 390 397.4 393.8 386.8 379.4 357.7
214.1 214.7 215.2 215.2 216.3 217.2 215.3 211.5 206.9 204.5 201.6 196.2 186.6 175.1 168 163.8 155.4 149.5 150.1 146.5 141.5 138.7 138 138.8 136 135.9 139 141.2 142.7 144.8 147.8 154.4 159.1 164.3 171.7 179.2 186.1 191.2 197.8 204.6 211.7 219.1 225.2 231.7 239.4 248.3 257.8 265 277.3 291.5 295.9 300.4 304.1 308.3 316 319.9 323.3 336 342.8 347.5 351.6 351.3 348.8 348.9 351 352.7 352.5 352.6 352 354.5 359 364.9 371.6 379.5 389.7 387.4 377 368.8 343.4
218.8 218.4 219.2 219 219.2 220 219.8 216.3 211.4 208.2 202 196.1 187.5 179.9 170.4 165.7 158.9 154.8 152.5 148.4 144.6 141.8 147 150.5 145.5 136.3 135.4 138.1 140.3 142.4 147.2 151.8 156.7 162 168.3 174.7 181.9 187.9 193.3 202.7 210.5 217.5 224.9 232 239.8 248.4 256.6 265.2 276.4 287.6 297.7 304.7 308.9 313.2 317.7 326.2 331 330.1 340.6 346.6 349.6 350.3 350.4 349.6 348.5 346.6 343.4 341.6 343.4 346.4 354.1 361.1 364.5 372.2 377.7 377.4 378.6 372.6 342.2
223.5 222.5 222.7 222 221 219.9 217.9 214.5 212 208.4 200.2 193.6 188.2 182 173.9 167.1 162.7 158.5 153.9 150 148 147.3 149.6 148.9 145 139 134.8 136.5 138.5 140.4 144.7 148.2 152.9 159.5 165.6 172.1 178.3 184.9 192.4 199.3 206 214.2 223 232 241.7 251.2 260.2 269.5 277.2 286.7 295.9 307.5 314.8 320.9 320.4 325.1 332.2 338.1 336.8 338.7 341 343.5 344.8 345.8 344.5 340.8 336.3 336.3 338.8 341.8 347.6 358.7 365.9 369.3 373.3 380.1 387.9 370.9 336.5
