GeneralExemplars/GeoExemplars/data/LakeDistrict/terrain-50-dtm_3563996/ny/NY12.asc
ncols 200
nrows 200
xllcorner 310000
yllcorner 520000
cellsize 50
[rows 70 to 104 of 200, columns 79 to 157 of 200]
106.5 110.4 115.6 121.4 124.1 112.6 99.9 101.2 99.5 98.9 103.3 105.7 96.6 92.5 87.3 82.3 72.2 64.7 64.5 67.4 67.5 67.6 67.7 67.8 67.8 68.3 69 69.7 70.6 71.2 72.3 73.5 75 77.2 79.1 81.5 85.8 91.7 102.1 111 115.8 119.3 122.7 129.9 140.9 161.9 187.9 209.7 224 236.7 252.6 265.6 278.2 288.2 290.8 295.5 305.5 314.9 320.3 326.3 342.5 361.6 379.6 396.2 409.5 419 423.7 420.7 411.8 399.9 405.7 419.2 427.5 433.4 444.7 450.2 452.5 448.4 438.4
113.6 118.3 125 134.5 148.3 138.2 127.2 128.9 129.1 126.8 127 126.1 113.9 106.5 97.6 89.5 81.6 75.4 73.7 68.8 65.3 67.8 67.8 67.9 68 68.4 69.3 70.2 71.1 71.8 72.9 74.1 75.2 76.9 79.1 81.9 85.2 91.1 100.2 106.6 112.7 118.4 123.6 128.7 136.2 148.9 168.6 187.6 204.7 224.2 244.2 261.9 271.4 273.5 271.2 278 289.6 298.8 303.7 326.6 346.5 363.1 379.7 394 404.6 412.4 417.6 416.7 405.1 386.1 393.3 403.3 416.3 429.8 446.2 452.6 454.6 448.7 438
122.4 128.3 134.3 141.7 161.8 164.6 155 154.4 151 148.2 145 139 126.9 114.8 104.5 96.5 89.9 83.6 78 69.8 66 67.6 67.8 67.9 68 68.5 69.7 70.6 71.5 72.6 73.5 74.6 75.7 77 79.1 82.5 85.7 91.3 97.7 104.4 110.7 116.4 122.9 127.2 135.3 143.4 150.5 164.7 183 203.3 225.5 245.2 250.9 249 256.9 269.8 277.4 291.1 311.1 331.1 348.2 363.7 378.6 393.6 405.2 413.4 418 410.9 395.5 373.1 377 390.8 408.5 428.9 444.5 451 449.3 441.9 427.4
132.3 136.9 143.5 151 168.6 181.7 178.6 169.3 164.2 159.4 158.1 152.8 131.4 118.7 107.3 99.6 94.1 88.2 80.8 71 67.4 67.7 67.8 68 68.2 68.6 69.9 71.1 71.9 72.8 74.1 74.8 75.9 77.5 79.1 81.9 85.7 91.1 96.9 102 108.2 115 122.4 130.1 139 147 156.8 175.8 195 209.9 227.3 238.9 248.7 260.5 272.8 282.6 293.1 306.2 321.9 338.2 352.6 368.1 380.8 394.2 404.4 409 410.5 404.9 385.2 361.3 364 384.2 405.2 424.9 440.1 442.4 436.7 424.6 411.8
140.9 145.8 151.7 159.5 170.3 189.2 194.9 187.3 181.1 172.3 165.1 153.4 133 119.6 109 101.1 96 87.9 80.7 71.8 68.3 67.8 67.9 68.1 68.3 68.7 70.8 71.6 72.4 73.3 74.6 75.3 76.1 77.6 79.1 81 85.1 89.6 94.7 100.1 107.1 114.9 122.5 131 139 146.7 156.5 177.7 192.9 210.4 227.7 241.5 254.8 266.6 281.8 297.9 310.7 322.5 335.8 346.7 356.7 369.2 380.1 393.6 400.6 401.6 405.5 393.1 373.9 350.4 355.4 376 397.5 412.2 418.8 429.4 418.9 407.8 397.7
149.1 153.8 159.3 166.2 171.9 186.8 199.6 204.3 198.4 182.4 171 156.2 134.1 117.7 108.9 102.9 97.8 90.9 83.9 75.6 68.1 68.2 68 68.2 68.6 69.6 71.5 72.1 73 73.9 74.9 75.9 76.7 77.6 79 80.6 84.1 88.6 93.1 97.7 104.9 113 120.4 128.7 137.1 145.9 155.7 170.5 187 202 222.3 239.9 258.3 276.3 291.9 308.2 321 330.7 341.6 349.8 360 369 381.6 391.2 392.9 395.6 395.2 383.5 363.4 337.3 346.9 366.3 383.9 397.1 403 410.3 401.5 393 382.6
154.6 158.6 163.5 168.3 173.9 185.9 197.7 200.8 198.9 178.1 164.6 152.9 129.9 118.4 111 105.5 99.4 91.7 84.9 77.8 69.2 67.2 68.5 68.5 68.9 69.5 71.4 72.6 73.6 74.5 75.5 76.5 77.3 78.3 79.3 80.4 82.9 87 91.1 95.5 102.1 109.4 124.2 130.3 136.7 146 155.8 169.6 181.9 199.2 222.4 242.6 263.2 282.5 301.6 316.5 327 336.1 343.8 353 360.8 371.1 383.4 384.1 380.9 383.2 386 375 351.5 324.3 340.7 355.7 369 379.2 381.5 382.4 378.6 374.4 366.7
159.8 162.2 167 171.3 176.5 185.4 195.7 205.3 199 181.1 167.1 150.9 129.5 119.1 112.4 106.6 99.3 91.8 85.2 77.6 68.7 68.5 68.5 68.6 67.6 69.5 71.9 73.2 74 74.9 75.9 77.1 78 78.9 79.9 80.9 82.1 85.4 89.7 93.1 97.4 103.4 113.3 124.1 133 142.2 151.9 164.3 177 195 215.3 236.7 258.7 280.8 304.3 324.4 336.5 345.7 349.5 352.8 357 361.6 364.6 363.9 363.4 362.1 360.6 359.5 344.4 315 331.8 342.4 349.1 355.9 359.1 356.8 353 349.1 345.9
171.8 168.8 170.2 174.6 181.4 188 192.8 201.3 200 186.9 173 153.9 131.2 119.6 113.4 106.6 98.9 92 85.7 79.6 71.7 68.8 68.8 68.9 68.9 67.2 72.7 73.6 74.3 75.2 76.2 77.7 78.5 79.4 80.5 81.5 82.5 83.6 86.8 89.8 93.2 98.5 104.3 111.1 120.9 130.9 141.3 153 171.7 187.9 205.4 222.9 244.6 270.6 295.3 315.6 329.4 339.6 342.3 343.8 341.6 338 337.5 335.9 333.8 331.1 331.4 336.8 334.3 309.8 316.9 324.8 327.7 332.1 331.8 326.9 322.3 321.5 321.6
175.6 172.9 173.2 178.8 188.3 188.1 190.5 196.5 198.9 189 171.9 153.4 133.2 123.2 114.7 107.2 99.8 92.8 85.9 80.5 74.7 68.9 69 69.1 69.2 68.5 72.5 73.6 74.7 76.1 77.4 78.1 78.9 79.9 81 82 83 83.9 85.3 88.1 91.6 95.5 100.1 104.3 111.6 121.2 130.9 142.1 158.1 173.8 188.8 206.5 227.2 250.7 276.3 297.8 310.8 320.6 316.9 311 306.4 303.3 300.1 299.3 298.5 300.5 305.3 311.5 315.1 311 293.1 301.7 306.6 307.7 305.4 300.9 297.3 297.5 296.5
181.1 179.3 178.8 181.1 185.3 186.9 189.6 195.4 196.5 184.6 168.1 156.1 139.9 127.7 117.2 107.9 101.7 93.8 86 80.2 73.2 69.1 69.3 69.5 69.7 69.5 73.1 74 75.1 76.4 77.6 78.7 79.4 80.4 81.5 82.6 83.6 84.5 85.5 86.8 90.3 94 98.3 103.1 108.1 115.8 122.6 131.5 144.4 159.6 175 188.8 208 229.3 249.3 265.8 277.4 282.8 280.1 273.6 269.1 264.9 264.9 264.9 264.9 268.8 275.6 280.2 284.3 284.7 285.4 284.4 285.8 286.2 284.5 279.3 275.9 275.9 276.4
187.3 187.5 187.7 186.9 185.9 185 186.6 193.5 190.2 180.8 170.7 160.8 147.6 133 120.8 111.9 104.6 95.5 87.2 79.3 71.4 69.4 69.9 70.2 70.1 70.9 73.4 74.2 75.5 76.6 77.8 78.9 80.1 81.2 82.1 83.1 84.2 85.1 86.1 87.3 88.7 91.2 98.4 103.7 108.3 112.6 118.1 125.9 135.5 148.6 162.1 174.7 190.2 206.5 222.9 235.5 243.4 247.3 244.4 239.8 235.2 231.7 231.1 233.5 235.5 239 245 251.8 256.5 256.6 264.6 267.5 265.2 268.6 270.2 264 256 252.6 252.1
192.5 193.7 193.8 192.6 188.7 183 180.6 180.4 178.5 175.1 171 165.2 154 138 125.1 114.4 105.6 96.6 89.4 82.1 73.8 69.6 69.9 70.3 69.6 72 73.4 74.6 75.7 76.8 77.9 79.1 80.3 81.4 82.5 83.6 84.6 85.9 87.1 88.4 89.2 90.5 93.6 102.8 107.1 110.7 116 122.1 130.4 143.6 154.4 165.9 179.3 192.1 205.9 214.4 216.3 215.7 213.3 209.6 204.9 201 200.1 203.2 207 212.8 219 226.7 233.7 235 246.1 247.3 244 244.3 245.8 240.8 234.2 226 221.7
195.9 194.9 195.7 193.4 188.5 182.3 177.1 173.8 172.8 171 166.9 163.2 153.1 139.8 126.3 114.9 104.8 97.2 90.5 82.6 75.4 69.9 69.7 70 69.6 70.5 73.3 74.7 75.8 76.9 78.1 79.3 80.5 81.7 82.7 83.9 85 86.2 87.6 88.6 89.6 90.6 92.5 97.4 103.7 108.1 112.9 117.7 125 137.1 150.1 161.3 173.2 190.3 198 197 192.8 187.6 184.1 180.3 175.6 173.5 178.5 181.1 182.8 187.5 193.5 203.7 210.1 220.3 227.2 228.9 220.3 223.3 220.1 203.7 205.2 198.9 193.8
195.7 193.9 191.1 188.3 185.7 181.6 176.4 173 169.9 166.1 160.8 155.6 148.5 139 124.6 112.9 102.4 96.3 89.8 83.3 76.8 70.8 69.4 69.7 69.8 70.5 73.4 74.5 75.9 77.1 78.3 79.5 80.8 81.9 83.1 84.2 85.3 86.5 87.9 89 90 91.2 92.8 94.7 96.6 101.6 107.2 111.9 118.6 129.5 143.2 154 164.3 165.6 168 168.4 167 161.6 157.7 154.4 154.7 157.9 161.4 164.7 167.6 170.1 173.6 178.7 183.1 196.1 202.1 204.1 194.1 196.8 188.7 183.5 178.4 172.9 172.9
194.7 191.8 188.9 186.1 183.1 178.8 174.5 172 169.9 165.4 158 152.2 143.4 133.3 120.4 109.6 100.7 93.7 87.7 81.4 76.3 72.1 70.6 70.3 68.3 72.6 73.7 74.4 76.1 77.2 78.5 79.6 80.9 82 83.1 84.3 85.7 87.3 88.3 89.5 90.5 91.8 93 94.4 95.8 97.2 101.1 106.6 112.2 120.7 132.6 138.9 143.5 145.5 146.1 147.1 143.4 141.4 142.8 143.6 144.2 147.2 152.4 155 155.1 156.1 159.2 163.5 167.5 173.1 178.7 179.2 179.7 175.8 170.6 168.3 170.3 181.1 194.2
195.8 192 188.2 185.5 182.8 177.5 173.3 169.5 167.6 166.2 155.9 146.6 134.9 125.7 115 106 98.7 91.4 85.5 80.8 75.9 72.1 70.6 70.6 70.8 72.6 73.2 74.1 74.7 77.4 78.5 79.7 81.1 82 83.1 84.4 85.7 87.2 88.6 89.9 91 92.3 93.6 94.8 96.1 97.4 99.4 102.4 107.5 114.2 120.8 126.7 132 129.8 126.2 129.2 129.3 131.1 134.2 137.3 138.3 139.6 141.2 140.1 141.9 143 145.7 150.3 152 152.2 156.6 154.5 160.2 162.1 164.7 164.4 177.2 193.7 206.1
204.6 196.6 190.8 187.4 183.1 176.9 170.7 166.3 163.7 158.9 150.7 142.4 135.1 127.3 117.2 107.3 99.5 93.6 87.5 81.8 75.6 71.4 70.7 70.5 69.8 72.4 73.9 74.9 75.9 77 78.5 79.8 81.1 82.1 83.2 84.4 85.6 87.1 88.4 89.8 91.3 92.7 93.9 95 96.6 97.6 98.7 100.2 102.8 108.3 112.5 113.3 117.3 111.4 126.6 119.8 119.9 123.1 125.9 129.2 131.3 132.8 135.1 137.2 138.6 140.3 142.7 144.4 145 144.4 152.8 158.8 167.6 174.3 174.8 175.9 170.9 188 204.3
214.9 207.7 195.5 191 186.8 177.9 170.8 165.9 162.3 158.1 151.1 145 136.8 129.6 119.4 110.4 102.6 94.9 87.9 81.6 75 71.4 70.8 71.3 68.7 72.8 73.8 74.9 76.4 77.6 78.4 79.6 80.9 82 83.1 84.3 86 86.9 88.3 89.6 91.2 92.8 94 95.4 96.4 97.6 98 96 104.1 113.7 113.4 104.4 106.1 120.3 129.2 127.4 120.8 122 124.3 125.9 128.3 129.4 133.3 135.5 136.7 135.9 134.1 152.3 163.2 169.3 173.9 177.5 182.5 189.3 195.8 199.1 186.4 186.3 209.3
220.9 208.2 200 195 190.4 185.7 175.2 166.4 161.6 157.6 153.7 148.3 139.9 132.8 123.4 113.5 104.4 96.6 87.3 79.3 74.8 72.6 71.2 71.1 70.9 72.8 73.8 74.8 75.8 76.9 78.1 79.4 80.6 81.9 83 84.1 85.5 86.8 88.1 89.5 91.2 92.8 93.9 94.8 93 95.3 98 103.5 117.4 119.7 121.1 120.6 119.6 122.6 130.1 132.1 128.1 125.4 126.1 127.1 128.9 135 134 137.5 139.4 152 160.7 169.4 175.1 183.4 187.4 193.5 198.7 205.9 211.5 216.8 202.5 178.5 203
224 211.9 200 195.7 190.6 191.7 181.9 167.7 163.2 159.2 155.7 151.4 144 138.1 128.6 116.9 106.7 96.8 86.9 80.2 76.1 73.6 71.6 70.6 71.9 73.2 74.1 74.9 75.8 76.6 77.8 79 80.3 81.5 82.7 83.9 85.3 86.6 87.9 89.2 90.7 91.6 92.2 91.4 94.6 98.9 102.7 108.4 117.1 119.8 121.5 122.2 124.7 126.5 129.8 133.1 136.8 140.8 143.9 146.8 145.8 149.8 154.8 160.9 165 174.8 182.9 188.4 191.7 197.4 199.7 205.6 210.8 215.7 220.2 225.9 225.4 199.2 176.7
222.3 212.3 202 193.5 188.3 183.5 178 169.7 165.3 161.8 156.4 151.9 147.5 138 129.6 117.1 106.9 96.7 88.5 81.4 76.5 74.2 70.9 71.7 72.3 73 73.9 74.8 75.6 76.4 77.5 78.7 79.9 81 82.2 83.5 84.9 86.2 87 88.3 89.5 90.1 89.8 91 93.8 97.4 101 105.1 112.1 117.2 123.6 126 123 125.5 130.6 135.1 139.1 143.2 148.2 153.2 157.3 162.1 167.6 176.8 182.9 189.2 195.5 200.3 203.9 207.9 212.5 216.5 220.5 225.5 229.2 234.2 237.4 235.7 221
223.8 214.3 203.3 193.5 187.4 181.9 175.3 171 167.4 163.5 159.3 151.5 143.8 135.4 127.8 115.9 106.2 95.8 89 83.6 79.8 76.2 69.4 71.8 72.2 72.9 73.7 74.6 75.5 76.2 77.3 78.5 79.4 80.5 81.7 82.8 84.3 85.6 86.7 87.7 88.6 89.4 89 91 93.5 97.1 99.5 102.7 105.9 110.6 114.6 118.2 120.6 124.3 129 134.6 139.9 145 150.2 155.1 160.8 166.1 174 180.1 187.5 195.4 201.7 207.8 212.1 218.3 223.1 225.6 229.1 230.7 238.4 245.3 246.6 247.2 245.3
225.7 214.6 200 192.4 186.6 180.5 175.9 168.2 162.6 165.9 159 150.6 142.7 132.9 125.6 113 101.9 96.1 91.2 86.6 82.3 78.4 71.3 71.9 72.1 72.8 73.6 74.4 75.3 76 77.1 78.2 79.1 80 81.3 82.3 83.3 84.7 85.7 86.7 87.7 88.3 89.1 91.3 94 96.4 99.3 101.8 104.1 107.8 114.1 118.2 120.8 125.1 130.8 135.9 141.4 147.1 153 157.6 164 170.9 178.7 186.7 194.3 201 206.2 214.1 221.9 232.2 237.7 242.1 246.2 249.8 255.3 256.6 257.3 256 254.8
219.1 210.7 198.3 192.3 188 184 180.3 175.1 167.5 160.4 156.3 149.8 143.4 129.1 122.2 116 106.9 100.2 94.2 88 82.3 78.3 70.1 72.2 72.3 72.9 73.6 74.2 75 75.8 76.9 77.9 78.8 79.7 81 82.1 83.1 83.9 84.8 85.9 87.2 87.1 89.3 91.3 93.2 96.6 98.7 100.6 103.1 106.2 110.7 116.3 121 124.7 131.5 136.8 142.7 148.1 152.8 158.5 167.8 174 182.2 191.4 202.3 207.6 213 220.6 230 241 248.2 253.2 258.3 262.4 265.8 268.1 267.3 265 264.3
225.8 214.3 197.6 194.2 189.4 187.9 186.4 180.3 170.7 161.9 154.5 150.5 149.5 142 130.8 117.6 108.5 101.7 93.7 87.7 81.7 76.3 69.8 72.1 72.4 73 73.8 74.3 75 75.6 76.8 77.8 78.5 79.3 80.8 81.9 82.8 83.7 84.4 85.6 86.9 88.3 90.8 92.6 94.6 97.1 99.1 101.3 103.7 106.7 110.6 114.8 120.4 126.1 132.7 137.7 142.6 148 159 167.2 173.4 180.4 187.3 196.3 205.8 211 220 227.2 237.6 248.3 256.6 260.9 265.3 268 270.6 273.1 274.1 273 271.8
234.6 221.4 200.5 197.1 196.2 193.5 191.2 188.6 181.4 168.6 161.6 157.3 157.1 151.1 139.8 128.5 113.9 105.6 95.2 86.6 80.2 75.8 69.4 71.9 72.6 73.2 73.9 74.5 75.1 75.9 76.9 77.9 78.8 79.8 80.7 81.7 82.6 83.4 84.1 86.6 90.4 91.4 92.7 94.3 96.3 98.3 100.2 102.2 105 108.9 114.1 114.1 121.3 129.4 131.8 137.8 142.9 150.2 165 172.7 178.5 183.8 189.1 200.8 209.9 218.5 227.6 236.4 247.1 256.4 263.1 267.1 270.8 274.3 279.2 283 285.6 285 284.4
236.9 224.4 203.7 200.6 201.8 201.4 202.7 197.5 190.6 178.6 169.5 165 166.9 160.6 150.2 138.9 125.3 110.8 95.8 86.3 79.9 75.9 69.6 72.1 72.7 73.4 74 74.6 75.5 76.5 76.9 77.8 78.7 79.6 80.5 81.5 82.4 83.3 84.2 87.1 89 91.8 93.3 95.3 97.4 99.4 101.2 103.1 106.6 112.2 118.2 120.8 125.5 130.9 134.2 139.5 145.3 152.9 167.7 173.7 181.5 185.9 195.8 207 219 231.7 241.6 249.6 257.8 263.8 269.2 273.4 278.1 281.7 286.7 291.8 295 297.8 298.3
238.2 222.9 208.1 204 206.5 209.1 209.3 209 204.3 193.6 181 175.1 174.3 168.9 158.3 142 130.8 112.3 97.5 87.3 81.1 75.5 71.7 71.6 72.7 73.4 73.9 74.5 75.2 76.3 76.8 77.6 78.5 79.5 80.4 81.3 82 83 85.1 88.9 91 92.4 93.1 95 97 99.6 101.9 103.9 109.1 115.2 119.3 122.5 126.1 131.3 136.6 142.1 149.1 157.3 167.9 179 186 190.2 206 218.8 231.1 243.4 253.9 261 267.3 270.7 275.1 279.3 284 288.3 292.6 299.8 308.3 317 317.2
240.6 225.3 212.4 207.1 210.4 212.2 215.8 214.5 211.2 199.9 195.8 186 178.6 177.1 160.7 146.7 131 112.5 99 89.8 81.6 75 71.7 72.1 72.6 73.1 73.9 74.4 75.2 75.9 76.5 77.1 78.4 79.5 80.4 81.2 82.1 84.8 85.3 88.7 91.9 93.3 94 94.8 97.2 100 102.4 104.4 109.2 114.1 117.8 121.7 126.5 133 139.8 146.3 152.7 159.9 169 179.2 187.9 195.1 207.1 225.2 240.3 254.5 265.2 273.1 277.5 280.2 283.3 288 292.7 294.8 297.1 305.4 314.3 324.5 322.6
241.8 225.3 215.9 213.4 214.6 214.8 219 216.9 211 204 195.9 189.3 177.7 168.2 157.3 143 128.2 113.6 99.8 90.5 82 74.6 72.8 70.8 71.7 72.8 73.6 74.3 75.1 75.9 76.6 77.1 78.3 79.5 80.3 81 81.5 86.3 89.1 88 92.6 94.1 94.6 95.5 97.3 100.4 103 105 108.1 113.8 119.3 124.2 128.8 135.1 142.5 148.1 154.9 161.8 170.9 180.2 189.7 196.9 212.8 232.9 251.7 267.6 278.5 285.9 289.9 292.2 295.5 299.1 302.3 304.5 305.8 313.4 321.8 326.5 327.3
238.8 232 220.1 215.2 220.1 226.5 228.6 226.2 223.8 218.4 201.5 192 180.8 172.9 163.7 150 133.9 116.3 100.1 89.6 80.2 73.1 72.5 72.7 72.8 73 73.6 74.3 75 76 76.8 77.6 78.6 79.4 78.9 81.1 81.8 86.9 90.5 89.5 91 94 95.8 96.7 98.1 100.2 102.7 105 107.9 113.2 119.5 125.1 129.7 135.5 141.7 147.8 155.3 162.8 171.8 181.8 190.2 201.7 220.6 242.6 262.9 281.4 293.2 300.2 305.4 308.6 309.8 309.8 311.9 314.9 316.5 321.4 330.1 337.9 342.7
241.8 232.7 223 221.2 230.7 236.7 236.9 230.5 225.5 225.3 207 198 190.5 181.1 168.1 155.1 136.2 115.2 100.2 87.6 77.3 72.5 71.4 72.6 73.3 73.4 73.8 74.4 74.9 76.2 77 77.8 77.9 80.3 80.7 81.1 83.2 87.8 90.9 90.2 91.5 93.7 95.9 97.7 98.9 100.9 102.9 105.9 110.2 115.7 119.8 124 128.3 134.4 140.9 148.7 156.4 164.3 174.3 185 193 206.6 228.3 252.1 273.8 293.8 308.6 317.4 323.4 328.4 333.3 330.8 325.6 327.4 327.4 332.4 339.4 346.2 352.1
239.6 228.8 225.3 226.2 237.6 244.5 243.3 234 224.7 220 210.1 210.5 202.6 188.9 168.1 152.3 131.3 111.9 97.3 85.3 75.6 72.9 72.2 72 73.8 72 73.8 74.6 75.7 76.4 76.4 77 78.1 82.7 84.8 83.2 83.4 90.1 92.8 92.6 92 93.8 96 98.2 99.8 101.5 103.6 106.4 110.2 114.6 118.4 122.5 126.5 132.9 140.2 148 156 164.4 175.8 187.2 196 209.8 234.5 260.3 283.9 304.6 321.9 332.7 338.8 343.9 352.1 351.9 348.6 344.7 341.1 348.2 355.5 357.4 350.9
236.4 231 230 231.3 236.8 239.3 239.3 238.5 229.6 221.5 224.5 226.4 211.5 190.4 164.4 143.2 121.5 105.8 94.4 83.9 76.1 73.2 72.5 72 73.6 72.1 74.8 75.6 75.2 76.1 75.7 75.4 78.9 83.9 87.7 86.6 85.9 92.2 94.5 95 94.4 94.3 97 98.9 100.2 101.6 103.6 105.8 109.4 112.6 116 119.9 125.9 131.6 139 147.5 155.8 165.9 178.6 191.2 199 213.3 238.3 266.2 292.3 314.8 333.6 345.6 355 358.9 365.2 367.1 362.6 360.4 357.3 356.9 363.9 360.7 347.7
