GeneralExemplars/GeoExemplars/data/LakeDistrict/terrain-50-dtm_3563996/ny/NY21.asc
ncols 200
nrows 200
xllcorner 320000
yllcorner 510000
cellsize 50
[rows 0 to 34 of 200, columns 79 to 157 of 200]
192 202.6 218.7 240 263.1 290 318.7 345.8 375.6 405.6 391.5 365.8 335.7 310 275.2 245.2 220.7 192.2 161.1 152.2 135.9 124.8 113.6 100.5 86.4 74.3 74.3 74.3 74.3 74.3 74.3 74.3 74.3 74.3 74.3 74.3 74.3 74.3 74.3 74.3 74.3 74.3 74.3 74.3 74.3 74.3 74.3 74.3 74.3 74.3 74.3 74.3 74.3 75.1 79 82.2 85.9 90.7 101.5 116.5 131.9 148.5 169.8 195.3 221.2 244.3 259.7 287.8 316.2 359.9 382.5 386.5 395.1 399.9 414 423.5 433 430.5 429.6
193.3 205.9 224.7 245.9 270.4 298.6 328.2 360.6 401.8 432 406.1 374.4 344.3 318.2 283.9 249.2 214 184.1 165 157.9 141.1 136.3 116.9 98.5 84.5 74.3 74.3 74.3 74.3 74.3 74.3 74.3 74.3 74.3 74.3 74.3 74.3 74.3 74.3 74.3 74.3 74.3 74.3 74.3 74.3 74.3 74.3 74.3 74.3 74.3 74.3 74.3 74.3 75.7 78.9 81.5 85.1 96.2 111.3 125.6 136.8 151.3 171 192.3 218.4 245.7 259.8 287.1 315.2 361.7 372 390.7 396.7 401.6 412.2 421.1 431.4 431.3 431.2
197.6 213.6 231.7 252.5 278.8 308 339.1 379.2 432.8 443.7 413.6 381.8 356 322.3 289.7 254.3 228 192.5 162 147.2 150.2 143.9 119.8 98.9 83.2 74.3 74.3 74.3 74.3 74.3 74.3 74.3 74.3 74.3 74.3 74.3 74.3 74.3 74.3 74.3 74.3 74.3 74.3 74.3 74.3 74.3 74.3 74.3 74.3 74.3 74.3 74.3 74.3 74.3 77.9 80.2 83 97.4 111.2 125.8 139.2 154 170.5 190.9 215.7 241.5 258.1 286.2 314.2 360.8 362.4 387.3 398.5 403.4 411 419 426.2 429 431.9
201 215 236.3 259.5 286.9 317.9 351.5 389.9 430 442.6 415.1 382.3 361.1 324.4 299 256.6 231.3 199.1 168.6 143.7 136.3 141.4 116.1 95.8 83 74.3 74.3 74.3 74.3 74.3 74.3 74.3 74.3 74.3 74.3 74.3 74.3 74.3 74.3 74.3 74.3 74.3 74.3 74.3 74.3 74.3 74.3 74.3 74.3 74.3 74.3 74.3 74.3 74.3 75 77.1 81 95.7 110.4 125.1 140.6 159.1 174.2 190.6 210 234.3 253.2 280.7 307.5 334.8 358.2 376.8 395.4 400 407.1 417 421.9 426.2 430.2
202.9 217.6 241 266.4 296.7 332.3 374.2 416.1 434.1 423.5 402.9 377.1 347.4 316.2 287.1 257.2 229.3 208.2 174.7 141.9 131.7 135.6 105.7 92.1 78.2 74.3 74.3 74.3 74.3 74.3 74.3 74.3 74.3 74.3 74.3 74.3 74.3 74.3 74.3 74.3 74.3 74.3 74.3 74.3 74.3 74.3 74.3 74.3 74.3 74.3 74.3 74.3 74.3 74.3 74.3 74.8 80.9 97.3 111.9 127.8 143.5 155.9 172.9 188.8 207.4 226.8 246.5 271 296.6 317 349.3 363.4 380.5 400.7 400.2 409.9 418.7 422.5 427.7
206.6 221.7 245.7 274.2 310.3 354 397.2 424 427 410.2 391 365.6 338 315.2 279.3 251.6 219.2 191.1 164.6 142 123.5 117 94.6 84.8 75.6 74.3 74.3 74.3 74.3 74.3 74.3 74.3 74.3 74.3 74.3 74.3 74.3 74.3 74.3 74.3 74.3 74.3 74.3 74.3 74.3 74.3 74.3 74.3 74.3 74.3 74.3 74.3 74.3 74.3 74.3 74.3 84.1 106.7 126 140.5 155.1 160 175.7 187.6 203.6 221.2 241 261.9 287 307 332.5 356.2 370.7 384.8 395.5 402.1 412.8 418.7 425.2
207.4 222.6 250.4 291.3 326.1 361.7 406.3 421 422.5 396.3 375.7 353.1 325 300.4 274.6 255.2 228.6 185.6 159.2 143.3 121.8 101 89.9 84.2 77.3 74.3 74.3 74.3 74.3 74.3 74.3 74.3 74.3 74.3 74.3 74.3 74.3 74.3 74.3 74.3 74.3 74.3 74.3 74.3 74.3 74.3 74.3 74.3 74.3 74.3 74.3 74.3 74.3 74.3 74.3 74.3 83.5 109.8 132.6 154.2 166.6 167.5 173.3 191 202.5 217.9 236.9 255.3 275 295 313.1 334.5 353.4 369.1 383.6 395.6 404.7 414.7 422
210 228.4 259.3 301.4 333.7 373.1 404.6 423.5 418.2 395.1 367.6 342.9 317.4 294 264.3 245.5 222.2 193.9 162.5 138.2 118.5 103.2 89.5 82.7 76 74.3 74.3 74.3 74.3 74.3 74.3 74.3 74.3 74.3 74.3 74.3 74.3 74.3 74.3 74.3 74.3 74.3 74.3 74.3 74.3 74.3 74.3 74.3 74.3 74.3 74.3 74.3 74.3 74.3 74.3 74.3 90.9 117.9 142.1 165.4 171.6 174.3 177.8 185.4 196.8 212.4 227.8 246.9 264.8 282.5 301 314.8 335.6 352.4 370.2 385.4 397.5 409 419.2
212.7 234.3 263.8 299.2 339.1 383.1 406 422.8 415.9 398.4 373 345.3 317.7 291.1 267.9 242.4 220.6 192.4 158.4 134.1 117 100 86.6 77.2 74.3 74.3 74.3 74.3 74.3 74.3 74.3 74.3 74.3 74.3 74.3 74.3 74.3 74.3 74.3 74.3 74.3 74.3 74.3 74.3 74.3 74.3 74.3 74.3 74.3 74.3 74.3 74.3 74.3 74.3 74.3 74.3 91.6 121.6 150.2 185.2 178.4 178.8 184.7 190 198.5 204.9 213.2 228.5 248 265.6 285.2 298.6 313 336.4 354.1 373.2 390.7 402.9 415.3
217.4 237.6 262.7 297.7 340 378.1 413.2 417.8 413.2 401.1 380 351.7 324.5 289.9 258.1 232.1 205.7 185.8 154.2 132.9 111.1 96.3 83.2 74.3 74.3 74.3 80.9 74.3 74.3 74.3 74.3 74.3 74.3 74.3 74.3 74.3 74.3 74.3 74.3 74.3 74.3 74.3 74.3 74.3 74.3 74.3 74.3 74.3 74.3 74.3 74.3 74.3 74.3 74.3 74.3 76.6 97.3 125.7 162.3 197.1 188.3 185.4 188.6 197.9 206.8 218.4 230.2 240 240.6 251 266.9 285 299.7 317.6 340.3 362.1 383.9 399.9 415.7
217 235.9 266.7 301 335.8 378.1 406.3 410.6 407 399.5 387.4 355.8 334.5 302.9 267.2 226.3 196.5 173.7 151.2 132 111.3 95.5 79.7 75.1 77.1 75.5 75.3 74.3 74.3 74.3 74.3 74.3 74.3 74.3 74.3 74.3 74.3 74.3 74.3 74.3 74.3 74.3 74.3 74.3 74.3 74.3 74.3 74.3 74.3 74.3 74.3 74.3 74.3 74.3 76.7 81 100 125.4 153.9 189 195.1 193.7 191.3 201.7 211 225.8 237.4 252.4 265.1 262.8 264 270.5 285.8 303 329.1 353.3 377.2 400.3 420
215.8 236.5 271.2 296.1 330.1 373.6 391.4 395.9 398.1 393.5 378 350.5 324.7 292.7 270 232 197.1 175 150.4 126.4 108.3 90.8 78.8 76.3 76.1 75.4 74.3 74.3 74.3 74.3 74.3 74.3 74.3 74.3 74.3 74.3 74.3 74.3 74.3 74.3 74.3 74.3 74.3 74.3 74.3 74.3 74.3 74.3 74.3 74.3 74.3 74.3 74.3 74.3 78.8 88.5 101.1 127.4 154 181.9 195.6 196.6 197 205.6 214.7 227.9 243.1 260 274.4 285.8 282.8 288 289.4 292.3 312.9 340.6 370.3 400.7 419.2
219.8 239.8 265 289.1 326.1 369.5 376.9 379.8 385 381.4 365.8 339.1 318.8 283.8 255.4 226.3 192.3 168.4 144.8 117.4 99 84.8 79.3 78.1 76.8 76.1 74.3 74.3 74.3 74.3 74.3 74.3 74.3 74.3 74.3 74.3 74.3 74.3 74.3 74.3 74.3 74.3 74.3 74.3 74.3 74.3 74.3 74.3 74.3 74.3 74.3 74.3 74.3 76.3 79.5 90.2 102.8 129.3 153.9 179.7 189.1 196.4 199.3 206.8 213.3 225.9 245.4 263.8 280.6 295.3 309.7 314 314.3 323 309.6 326.6 350.8 384.6 416.8
223.9 239.5 258.2 290.8 325.7 355.5 363.6 369.9 376.7 375.4 365.3 335.7 313.5 292.4 247.9 212.9 181.6 154 132.1 115.4 97.4 85.1 79.9 82.8 85 82.2 76.4 74.3 74.3 76.1 78.8 74.3 74.3 74.3 74.3 74.3 74.3 74.3 74.3 74.3 74.3 74.3 74.3 74.3 74.3 74.3 74.3 74.4 74.3 74.3 74.3 74.3 75.5 76.4 79.1 88.4 108.2 133.4 156.6 182.4 195.5 196.1 201.8 205.8 214.5 227.5 245.9 264.5 285.2 304.4 319.2 329 335 343.2 345.5 345.4 353.3 396.3 422.4
227.3 239.2 259.8 293.3 323.1 343.3 354 362.9 374.5 372.9 360.9 328.8 297.6 278.6 255.9 219.5 181.4 153.3 132.8 116.4 100.2 87 86.7 90 89.9 85.8 80.2 75.4 74.8 75.7 74.4 74.3 74.3 74.3 74.3 74.3 74.3 74.3 74.3 74.3 74.3 74.3 74.3 74.3 74.3 74.6 75 75 74.3 74.3 74.3 75.9 76.5 77 79.9 87.2 123.6 158.2 177.1 198.3 199.3 201 204.9 207.3 217.4 230.6 248.5 268.1 289.2 311.9 328.9 338 353.2 365.1 375.9 381.7 391 399.3 421.7
233 246.6 271.3 306.6 321.8 333.2 344.4 358.6 367.6 368.3 356.2 327.7 298.3 262.6 236.7 212.4 184.7 153.9 131.3 116.8 105.8 94 94.8 95.9 93.9 88.8 83.9 79.5 76.9 75 74.3 74.3 74.3 74.3 74.3 74.3 74.3 74.3 74.3 74.3 74.3 74.3 74.3 74.3 74.5 74.7 74.8 75.2 74.9 74.3 74.4 75.8 77.7 80.7 84.4 95.6 134.7 179.9 205.7 205.5 206.1 205 206.6 210 217.3 235.8 256.7 272 295.9 319 338.4 354.9 373 384.5 401.3 413 417.7 424.4 415.7
252 256.2 285.1 301.3 312.6 322.4 336.1 349.9 358.5 364.4 359.5 326.8 291.3 259.3 230.1 201.4 177.4 154.7 137.2 122.9 113.1 102.1 102.1 100.4 97.9 91.8 88.9 86.4 83.9 79.6 77.1 74.3 74.3 75.9 75 74.3 74.3 74.3 74.3 74.3 74.3 74.3 74.3 74.3 75 75.1 75.2 75.3 75.7 74.6 75.5 75.9 79.9 84.2 85.5 106.1 149.2 194.3 217 211.9 212.3 213.7 211.7 219.3 224.3 239.8 259.5 279.8 302.3 329.3 352.9 373.3 389.4 405 423.3 437.2 441.4 440.9 436.8
276.8 272.7 281.4 296.1 313.2 320 332 346.2 357.7 366.8 368.3 330.6 293.1 263.3 238 219.9 194.7 173 145.4 136.5 127.5 111.7 112.5 107.6 103.1 101.1 94.6 89.9 86.4 81.9 79.5 77.6 78.9 78.6 76.1 74.3 74.3 74.3 74.3 74.3 74.3 74.3 74.3 75.3 75.4 75.3 74.5 75.9 77.1 75.8 76.3 76.9 79.8 84.5 96.4 124.5 171.3 218.4 222.3 219 221.7 223.4 222.9 226.2 235.6 245.3 264.9 287.9 310 340 365.9 388.8 407.6 438.8 452.4 460.9 460.8 456.5 448.7
310.8 303 297.4 306.1 311.2 317.8 332.9 346.2 360.9 371 371.1 335.9 302.4 273.7 254.1 238.3 205 182.4 158.7 154 137.3 122.5 113.6 113.3 107.2 102.4 96 91.5 87.1 85 82.6 79.9 83.9 81.1 74.7 74.3 74.3 74.3 74.3 74.3 74.3 74.3 74.7 75.4 75.4 75.4 74.4 74.9 75.1 76.3 76.8 78.3 79.4 87.2 111.3 133.9 178.6 215.6 227.7 224.8 231.7 236.8 234.4 238.9 247.5 258 274.2 295.9 315.5 351.7 373.8 402.4 421.3 449.3 463.6 467.2 472.7 464 455.8
328.4 318.3 313.3 314 316.9 324.6 339 351.6 367.2 382.5 388.6 359.4 319.1 284.1 255.7 237.1 201.1 175.9 161.4 153.1 139.4 126.7 112.8 110.9 108.9 102.8 95.7 91.5 87.1 85.3 84.1 81.4 85.5 80.2 74.3 74.3 74.3 74.3 74.3 74.3 74.3 74.7 75.1 75.7 75.5 75.4 75 75.2 75.6 75.9 76.6 78.2 80.9 95.9 118.3 146.5 180.1 216.3 231.4 238 246.3 255.2 251.1 254.6 260.1 272.5 288.9 304.6 323.4 353.6 383 416.8 435.5 460.3 467.4 476.5 477.3 473.7 465.1
334.6 327.3 324.6 325.3 327.4 335.8 344.7 361.7 380.3 397.9 406.1 374.3 324.3 284.2 252.9 227.7 201.1 171.2 160.1 150.4 140.2 131.4 116.5 107.8 103.6 98.7 93.4 90.5 86.9 85.2 84 81.7 82.2 75.4 74.3 74.3 74.3 74.3 74.3 74.3 74.7 75.2 75.6 75 75.7 75.5 75.4 75.6 76 76.6 77.5 82.2 85.4 103.8 135.1 166.2 197.4 229.6 235.9 245.3 258.1 262.7 262.4 260.1 270.1 285.2 302.6 318.7 328.8 356.2 384.7 414.2 442.9 468 469.1 475.9 483.3 482.4 477.8
348.1 342.2 337.1 338.5 339 347.4 367.7 389.3 400.2 407 409.7 382.6 339.3 292 248.6 216.3 191.8 172.5 155.5 147.9 140.9 130 116 103.8 98.7 94.8 91.2 89.2 86.9 84.4 83 80.2 78.1 74.3 74.3 74.3 74.3 74.3 74.3 74.4 74.9 75.4 74.6 75.5 74.2 74.4 75.6 76.4 76.8 77.8 78.2 88.5 90.5 121.2 151.1 179.1 207.1 235.2 242.2 252.2 264 271.2 272.1 270 280.7 291.1 314.3 320.9 337.7 351.5 379.9 411.9 439.8 463.6 480.5 478.7 484.1 486.2 484.5
362.8 354.5 350.7 351.2 357.3 370.3 394.2 405.8 414 413 410.3 384.3 343.5 302.3 248.8 211.5 187.4 163 150.8 139.3 133.5 125.8 111.9 99.3 94.3 93.7 91.4 89.5 87 84.4 82.3 78.5 76.3 74.3 74.3 74.3 74.3 74.3 74.3 74.6 75.2 75.5 74.5 75.5 75.3 75 74.9 76.4 78 78.7 78.4 87.6 106.1 127.8 152.1 179.3 206.7 233.7 247.7 259.4 270.8 285.4 285.5 286.3 284.4 293.8 314.3 324.7 336.8 352 372.8 399.2 427.1 450.8 471.4 480.3 489 487.9 490.5
378.6 378.5 377.6 376.2 381.5 399.1 412.1 417.1 423.1 422.8 417.7 382 338 285.8 245.5 211.7 184.3 160.5 144 130.8 125.3 125.5 108 95.6 90.6 91.2 91.6 89.2 87 86 83.4 78.7 78.4 74.3 74.3 74.3 74.3 74.3 74.4 74.9 75.5 75.6 75 75.5 75.3 75.1 75.6 80.2 86.8 84.5 81.7 92.7 117.7 141.5 165.2 192.3 212 238.9 251.6 264.4 276.8 298 301.7 295.7 294.9 300.6 323.2 329.2 338.1 352.3 370.9 396.2 421.6 441.5 464.9 475.9 484.6 491.4 496.3
397.7 396.7 398.5 396.7 401.4 412.8 420.9 429.1 430.8 429.6 416.5 371.2 337.2 284.9 239.6 209.6 182.9 163.1 141 127.4 119.9 116.6 102.3 91.6 88.7 89.7 91.9 88.9 85.7 84.5 81.3 79.2 77.1 74.9 74.3 74.3 75 74.4 74.3 75.7 75.8 75.8 75.7 75.5 75.3 75.3 76.4 86.7 98 102.4 85.9 102.2 127.9 152.9 182.7 207.7 224.2 241.2 252.9 267.7 280.8 298.4 315.1 313.9 300.3 306.5 322.5 326.3 341.5 356.1 371.1 394.2 420.4 440.6 462.1 473.9 493.6 505.6 504.3
417.9 419.8 418.1 429.2 434.9 433.9 437.4 439.2 438.7 431.9 413.8 360.2 317.6 278.3 243.3 213 185.5 163.3 142 126.4 115.8 106.7 95.6 88.8 88.1 90.4 93.1 89.2 85.5 83.2 79.9 77.8 80.5 81 74.4 74.4 75.8 75.6 75.7 75.7 75.6 75.4 75.5 75.4 75.2 75.5 76.7 95.8 122.1 123.9 109.5 113 140.2 179.5 202 217.4 234.6 238.7 246.3 261.3 277 301.6 314.6 318.2 308.1 315.8 327.3 332.1 343 359.3 368.1 390.1 416.3 450.3 461.9 473.5 488.1 496.7 504.6
437.4 443 449.5 454.9 452.8 452.7 452 448.9 444.6 436.2 413.8 357.4 317.2 279.3 246.4 220.5 187.9 163.8 144.9 127.7 114.9 107.8 96.7 90.9 88 90.4 93.5 90.8 84.1 81.1 79.8 77.9 84.7 80.2 76.5 75.7 75.5 75.5 75.7 75.8 74.3 75.6 75.4 75.4 75.4 75.5 87.6 120.2 151.4 157.4 134.1 129.4 170.8 207.8 208 223.3 231.5 236.4 243.8 254.7 271.6 294.1 313.5 318.2 317.7 320 330.1 333.9 343.4 360.9 374.4 390.4 416.3 441.4 463.3 476.7 496.2 492 497.2
462 470.3 474.7 472.4 472.7 463.3 459 455.1 447.9 439.8 417.9 372.1 329.2 295.2 278.8 246.2 202.8 180.8 161.6 144.1 125.7 115.3 101.3 87.5 85 86.9 89.3 87.5 83.5 79 77.3 76.6 79.1 76.9 75.9 75.8 75.4 75.5 75.6 75.8 75.8 75.2 75.4 75.4 74.8 75.7 96 137.7 172.8 184.9 153.2 146.3 186.8 215.9 216.9 225.6 228.3 234.7 243 259.7 277 295.5 317.2 323 326.7 338.5 340.5 350.7 360.7 368.3 382 390.7 408.7 432.9 457.1 472.1 482.3 490.9 493.9
488 489.7 494.8 490.5 486.6 477.7 468.3 464.5 448.2 433.8 416.2 374.6 340 304.7 275.6 249.1 211.3 195.6 175.3 153 135.8 115.8 95 86.3 81.6 82.8 86.5 83.2 77.5 76.8 76.6 76.2 76.3 76 76.1 75.9 75.7 75.6 75.8 75.8 75.8 75.1 75.5 75.4 75.3 81.6 104.9 150.4 200.9 200.7 164.4 159.9 202.8 220.5 220.7 225.7 230.1 236.2 244.9 263.6 283.3 314.7 336.4 342.7 348.7 346.8 350.7 359.4 368.2 374.2 381.4 390.8 407 425.8 445.7 467.5 478.4 495.1 511
505.7 509.4 508.6 501.9 495 487.4 475.5 468.3 455.4 427.1 403.4 363.6 331.6 300 276 246.7 210.1 184.6 166.4 148.1 125.1 103.1 90.4 81.7 81.2 82.9 82.6 79.7 77.1 76.9 76.6 76.3 76.4 76.3 76 75.8 75.7 76 76.1 75.1 75.7 75.2 75.4 75.2 75.9 86.2 111.8 170.2 216 215.1 178.6 175.5 206.2 218.7 215.6 222 229.9 235.5 249 267.8 287.7 315.2 353.1 358.6 359.3 361.4 359.4 363.6 372.2 382.7 387.1 398.1 408.7 423.5 438.2 459.5 485.1 504.5 524.8
527.4 521.5 517.3 512.2 503.4 494.3 480.6 465.7 450.3 418.7 393.3 352.4 316.3 282.2 256.4 227.6 204.8 172.1 146.9 129.7 111.6 94.8 88.9 80.9 81.2 80.6 82 79.2 77.7 77 76.6 76.3 76.5 76.3 76.7 75.7 76 74.5 76.2 75.6 75.8 75.6 75.4 75.9 77.9 92.2 123 169.3 212.9 229 186.5 193.1 212.7 215.5 210.9 218.5 227.5 236.4 251.8 272.5 292.3 313.5 349.6 367.1 370 369.7 366.4 366.7 374.1 386.6 395 404 412.3 424.1 439.6 457.8 481.7 502 518.8
551.1 543.5 531.7 517.9 509.5 500.6 485 464.1 441.4 410.7 391.4 348.5 306.5 271.1 237.2 203.3 185.7 163.2 137.8 116.1 102.2 89.5 85.4 81 80 79.5 79 77.8 77.4 76.9 76.6 76.6 76.7 76.1 77.8 76.1 75.4 75.5 75.9 75.9 75.8 75.8 75.6 76.6 82.9 101.8 133.2 173.8 192.5 206.7 195.2 195.4 205.3 201.4 208.6 214.4 225.2 234 244.9 266.5 288 311.2 338.2 359.2 371.5 375.4 376.5 376.3 378.1 394.8 402.6 406.8 416.1 426.4 437.5 454.3 473.7 490.7 501.7
546.9 541 534.3 522.8 510.4 500.2 481.9 451.4 422.8 400.6 384.2 344.5 299.1 262.5 227.6 193.1 168.1 149.3 130.4 109.4 98.1 88.4 83 81.3 80.1 79.7 78.6 77.7 77.3 77 76.9 77.5 76.5 75.9 76.4 75.6 75.6 75.7 76.2 75.6 76 75.8 75.7 78.7 87.1 105.5 123.9 150.2 169.8 187.5 200.9 189.1 192 208.2 210.1 212.9 221.3 228.8 234.9 256.2 278.6 305.8 327.9 349.4 367.9 377.6 383 382.2 383.1 397 405.9 408 412.4 420.6 436.4 449 463.8 485.3 494.4
544.5 537.8 529.8 522.2 507.8 490.2 462 424.1 398.9 379.3 359.5 328 291.7 250.2 216.4 184.3 159.9 139.4 124.6 107.3 96.2 87.8 83 82.2 80.9 79.3 78.5 77.7 77.3 76.9 77.3 77 76.2 76.4 75.4 75.8 76 76 76.5 75.9 76 75.8 76.3 79.7 85.3 102.8 127.9 154.1 171.5 190.9 201.7 200.7 206.8 212.8 212.1 208.5 217.8 222.9 227.2 245.3 272.3 300.5 325.7 347.9 358.5 370.7 376.7 384.4 391.1 394.3 402.1 406.8 414.8 418.1 431.3 444.1 457.9 469.8 483.7
542.8 536.6 529.1 519.4 503.7 468.9 439 394 370.8 350.5 332.2 308.1 275 242 215.3 182.9 156.1 138 122.2 103.7 90.5 85.8 83.1 82.6 80.7 79.8 79 78.2 77.2 77 77.1 77.1 76.6 76.1 76.1 75.4 76.2 76.3 76 75.7 76 76.1 78.5 79.7 85.8 107.9 138.4 164.8 189.3 201.3 211 220.2 224.3 221.9 220.8 215 212.9 217.7 223.3 242.2 266.8 292.1 314.8 339.1 357.7 363.1 371.2 381.3 389 391.6 398.6 408.8 413.7 418.5 427.1 438.7 451.3 463.3 476.1
