GeneralExemplars/GeoExemplars/data/LakeDistrict/terrain-50-dtm_3563996/ny/NY21.asc
ncols 200
nrows 200
xllcorner 320000
yllcorner 510000
cellsize 50
[rows 105 to 139 of 200, columns 79 to 157 of 200]
453.8 420.8 391.2 370 329.8 304 284.2 253 227.7 208.3 197.3 187.1 178.7 178 181.2 171.7 156.8 147.6 135.4 123.6 110.5 96.4 86.8 86.4 86.7 87.2 87.2 87.4 87.8 88.2 88.6 89.7 90.9 94.3 93.4 103.8 103 105.4 93.6 89.5 97.5 97.6 99.8 108.7 126.6 143.1 161.3 184.6 215.3 248.8 278.2 304.9 308.2 317.5 332.9 341.9 359.6 372.9 421.3 430.2 438.2 439 425 413.9 413.4 411.4 414.2 422.1 424 426.8 435.1 444 450.2 457.4 452.2 455.2 453.3 438 415.4
456.3 426.7 397.1 368.6 325.6 296.9 273 246.8 225.1 210.6 197.9 195.7 193.6 195.9 196.3 183 173.7 165.1 152.2 136.4 119.9 105 90.9 86.8 86.7 86.7 87.6 87.6 88 88.3 88.6 89.8 100.6 100.4 94.3 95.8 112.8 111 101 91.9 95.6 97.7 99.4 105.6 122.3 139.4 162.4 181.4 208 239.3 268 297 309.8 322.9 332.3 346.5 353.8 377.2 415.1 434.7 443.6 435.7 419.5 433.8 417.5 414.3 413.8 423.7 425.1 424.5 432 438.9 445.2 453.4 453.1 453.6 447.4 437.5 422.8
448.2 434.6 392.6 361.2 320.8 291.3 266 243.9 228.7 212.2 197.3 203.8 209.2 217.6 230.7 214.6 204 189.3 171.3 155.8 139 124.1 109.5 94.5 87.5 87.2 87.7 87.7 88.1 88.4 88.5 90.5 97 102.4 100.7 95.7 96.2 101.2 97.3 95.2 94.8 95.3 98.5 100.9 119.3 140.7 161.4 193.2 228.7 261.6 286 303.1 313.7 323 332.3 342.5 346.9 365 391.6 422.4 443.2 438 418.5 420.5 417.4 415.5 417.5 420.2 421.8 422.2 426.1 432.5 436.7 444.8 448.2 451.8 449.9 444.1 429
434.4 416.9 381 347.1 316 285.3 260.5 239.7 224.6 211.8 209.1 213.5 222.1 238.7 263.7 261 241.3 223.2 194.2 177.1 159.5 143.6 129 112 94.1 88.1 87.7 88.2 88.4 88.9 89.2 90.9 94.5 97.5 99.2 96.9 97.1 98.4 89.8 94.9 91.7 91.9 96.8 100.1 118.5 139.2 160.3 192.4 228.4 266.3 289.1 304.9 322.8 342.2 347.7 346.4 345.5 366.9 387.3 419.7 438.5 434.4 423.8 426.1 429.9 420.9 413.9 412.8 420.2 413.9 417.2 427.3 433.4 440.4 447.7 451.6 458.5 452.8 438.4
415.8 391.8 369.2 349.5 304.4 274.9 255.6 239 226.9 216.7 217.8 222.2 234.5 249.7 273.5 279 268.3 256.4 230.4 202.1 181.8 163.1 147.5 128.9 109.9 98 92.4 88.6 88.7 89.2 89.9 90.3 98.2 97.2 97.1 98.3 98.5 96.4 91.2 91.1 91.7 91.6 95.5 98.5 114 137.6 163.7 192.3 224.6 262.6 294.9 313.2 339.3 353.8 361.2 356.7 345 353.9 378.2 403.4 438 427.6 427.1 425.8 427.3 420.8 410.4 409.3 408.5 409.3 415.5 423.4 434.9 438.3 446.8 452.9 457.4 458.2 447
415.6 400.7 369.1 343 319.4 292.2 267.9 249.2 232.2 222.1 228.2 231.6 241.9 261.2 275.6 275.8 277.5 272.6 262.1 240.3 213.8 187.8 163.9 145 126.1 108.6 102 95.2 90.7 89.5 90.3 90.1 93.1 95.4 96.7 101.6 96.8 95.4 91.1 91 92.1 92.2 92.5 96.9 109.9 136.1 163.7 202.1 239.7 264.1 301.7 327.5 354.5 367.1 375.2 370.8 352.2 354.8 372.2 400.3 430.2 429.5 426.1 414 410.7 415 411.3 409.4 410 408.9 418.2 428.1 429.1 434 444.8 451 458.1 462.2 454.8
406.1 393.5 367.3 344.7 322.9 309.2 287.3 255.9 234.1 236 251.9 267.3 272.4 274.1 268.6 279.6 277 266.2 252.3 243.3 235.1 202.5 177.6 158.3 138.8 117.9 105.9 99.6 94.8 91.6 90.9 91.1 92.6 95.1 98.6 96.8 96.2 97.8 91 91.2 91.8 92.6 92.3 96.3 106 129.6 171.8 213 246.7 282.5 303.1 348.8 367.5 379.1 389.4 390.2 364.7 352.4 366.6 395.1 411.8 416.2 415.6 411.1 412.3 421.6 416.6 407 407 406.8 421.3 424.1 426.4 431.5 437.6 448.9 460.6 474 466.2
372.4 356.4 349.8 339.6 316.9 303.5 271.2 246.2 238.2 250.9 267.4 273.9 271.8 263.1 264.5 267.3 270.4 258.6 243.4 245.4 227.9 203.6 186.5 168.8 147 127.4 115.4 105.2 97.9 93.9 92.5 91.5 90.6 96 97.4 96.3 97.4 97 91 91 91.5 92.4 93.1 93.8 103 136.2 169.7 207.7 260.7 275.1 307.1 346.8 376.7 382.1 394.6 397.1 383.8 359.3 369.9 374.7 393 400.9 417.2 416.3 411.9 422.1 416.6 407 407 407 416.7 423.6 427.3 431.8 441.4 451.6 460.8 471.9 471.1
341.7 331.8 323.8 315.7 307.2 287.6 262.9 241.9 244 257.1 261.5 263.8 260.8 268.3 261.9 260 263.6 244.1 235.4 236.5 222.9 205.4 188.3 175.2 154.2 137 129.9 119.4 104.3 96.5 94.6 93.9 92.9 99.3 97.2 97.3 97.3 94.6 91.1 91 92 92.7 92.9 95.8 102.7 127 161.7 199.4 235.7 273 306.7 347.3 366.6 377.8 390.3 389.7 381.6 370.3 361.6 376.8 377.5 392.7 412.3 419.2 410.7 420.9 415.3 412.1 407 407 416.6 425.6 434.9 436.8 451.8 463.9 469.1 472.7 475.8
318.1 311.8 300.4 288 277.3 267.2 250 237.7 244.6 247.1 250.5 253 254.9 259 249.8 249.9 243.5 233.3 224 222.1 217.6 202.7 192.4 178.9 160.4 151.7 145.8 133.5 118.3 103.3 96.1 95.6 92.2 95.4 97.7 98 97.8 93.7 91.7 91.3 91.8 92.8 93.6 94 99 119.9 153.8 187.8 221 256.3 304 340.8 371.2 371.7 382.9 389.9 382.3 380.2 359.4 367.9 376.1 391.5 394.7 406.3 405.7 413.2 410.2 417.4 407 407 412.7 427.8 432.9 446.1 461.5 469.5 479.3 474.1 469.6
296.7 289 284.3 271.4 258.1 249.7 238.7 238.6 240.6 235.9 240.1 241.8 244.4 237.1 231.2 228.3 217.5 218.3 214.7 213.9 208.7 202 195 183.4 167.2 161.3 157.6 147.5 132 112.6 97.3 95.6 91.9 97.6 97.9 98.6 98.2 96.2 91.9 92 92.4 92.8 93.5 93.9 97.8 111.1 143.9 176.7 209.6 244.6 283.8 325.5 352.7 358.1 367.5 388.9 394.2 378.4 359.8 360.8 382.5 394.4 394.3 400.9 396.6 402.1 409.1 412.4 405.5 405.5 409 422 439 448.6 451.9 464.7 473.4 472.5 469.8
275.6 267.3 258.5 248.4 239 231 225.4 229 232.8 227.7 232.6 236.2 235.9 219 211.7 207.4 201.2 196.5 201 201.8 189 184.7 180.3 177.4 169.1 161.6 156 144.7 128.8 111.7 97.6 93.5 94.6 99.1 99.2 98.8 96.4 95.8 92.8 92.1 92.3 92.8 93.3 94.5 96.5 108.6 137.4 167 198.2 229.6 269.6 313.8 325.7 339.7 362.4 380 390.6 384.5 369.1 359.7 377.1 386.8 386.7 402.2 389.8 393.8 398.9 404.5 408.8 405.7 406.9 421.4 438.6 441.9 449.3 458.9 475.6 472.1 472.1
259.7 247.7 237.8 227.7 220.1 219 216.6 220.2 222.6 213.3 216.7 214.1 209.7 204.4 194.1 197.1 184.4 183.4 183.3 181.2 174.8 169.6 165.8 163.3 156.7 150.7 141.1 129.6 119.5 103 94.4 95.6 95.7 100.7 99.1 98.9 96.8 96.1 93.3 92.5 92.6 93 93.5 94.5 94.2 102.3 124.2 151.5 183.5 215.1 245.2 271 297.1 318.3 354.5 363.4 370.2 373.9 369.5 364.4 367.4 381.9 381.8 388.7 387.8 389.8 392.1 400.6 406.5 407.2 410.6 417.6 430.2 436.6 448.3 466.5 470 473.4 474
245.3 235.4 222.8 216.1 207.3 202.9 206.7 212 207.8 194.9 198.4 193.7 195.8 186.3 181.4 180.6 172 166.8 168.7 166.3 164.4 157.9 150.7 147.4 140.7 132.8 124.6 114.4 105.9 95.8 99.6 100 99.3 100.7 99.9 99.7 96.5 96.5 94.7 94.2 93.1 93.2 93.9 94.5 95.2 95 108 133.5 165.4 194.8 221.3 245.8 272.4 307.3 331.2 344.3 364.8 382.4 387.5 380.6 359.5 382.3 376.1 379.1 381.5 391.4 410.8 419.6 413.6 409 411.7 418.1 424.9 435.2 456.1 475.4 469.9 472.2 473.2
237 226.2 215 205.5 194.8 186.2 188.6 195.1 189.7 182.4 176.2 177.2 175.2 169.1 165.1 170.8 159 159.3 159.4 154.7 149.9 144 136.2 129.8 123.6 115.3 107.8 99.7 98.6 96.6 101.8 102.1 100.2 101.4 100.5 100.1 97.4 96.5 95.4 95.7 95.4 93.7 94.2 95.1 95.6 95.5 96 115.2 145.5 173.6 197.2 220.7 251.3 283.3 315 328.8 352.1 369.8 380.6 374.4 356.9 356.9 363 367.9 373.5 391.7 404.6 425.7 422.1 414 411 412.4 427.8 440.5 466.9 476.3 470.2 470.3 471.4
221.8 213.8 207.4 193.9 186.4 177.2 174 175.1 169 164.7 163.6 159.7 161.3 162.5 156.1 151.3 146.5 147.2 143.6 138.4 134.3 130.2 122.6 117.3 111.4 104.5 99.6 99.4 98.9 97.8 102.5 102.3 100.6 104.6 101 100.6 97.7 98.1 95.6 95.5 95.6 94.2 95 95.2 95.3 96.2 95.8 104.5 124.5 149.7 173.6 197.9 230.3 263.7 298.6 325.8 333.1 346.9 366.4 364 357.5 337.8 344.3 363.5 385 393.9 405.3 418.3 433 442.7 433.4 428.8 435.3 449.3 455.5 462.1 464.9 468.1 471.7
213 198.7 191.4 180.1 173.2 163.9 158.4 156.1 150.1 147.6 146.8 147.5 147.1 148.4 142.2 134.1 134 131.4 127.6 124.7 119.9 115.9 111 106.1 100.6 100 99.8 98.8 100.8 100.9 102.5 102.7 101.7 103.7 102.1 102 103.4 100 96.5 96.1 96.3 96.5 95.6 94.9 95.5 95.7 96.3 96.9 108.7 127.1 151.1 177.8 211.1 244.4 277.6 303.9 317.9 336.5 353.8 353.6 346.1 331.5 339.4 363.9 379.6 384.5 396.1 420.7 436.9 434 439.7 437.6 436.2 443.2 448.2 453.8 459.7 464.2 470.2
200.4 191.9 186.9 178.7 177.9 168.5 159.5 151.8 140 132.6 134.2 134.6 134.6 131.1 125.7 119.2 119.6 119.3 113.5 110.7 106.5 103.8 101.2 101.1 100.9 99.9 100.3 100.9 101.6 100.2 99.5 104 102.4 104 102.5 106 111.3 108.5 102 96.3 96.4 96.4 96.4 95.1 95.5 96 96.7 96.5 97.9 110.4 129.6 158.7 191.9 219.9 243.4 266.8 290.1 315.1 327.9 337.7 340.4 341.4 308.7 340 366.8 377.7 416.2 423.8 449.3 437 432.1 428.2 432.9 434.3 443 446.4 453.9 460.8 468.8
218 210.9 199.6 193.9 185.8 178 164.6 151 138 126.6 124.5 123.6 120.5 117.9 115.7 112.8 111 109.9 106.4 105.4 104.8 102.9 102.7 101.8 101.2 102.2 102.5 102.3 101.9 100.5 100.4 104.4 103.4 104.1 112.2 118.2 123.5 120.1 112.7 101.5 97.3 97 96.7 97.1 95.8 96.6 97.2 97.2 97.5 98.6 111.9 134.4 162 189.6 201.6 222.3 249.5 280.2 304.6 319.6 330.8 336.1 302 319.7 346.5 376.3 394.4 418 433 425.3 421.6 428.7 434.4 431.2 436.6 440.1 449.4 457.5 464.1
224.1 219.4 211.5 201.7 187.5 174.9 157.7 141 131.1 124 121 119.7 117.5 114.4 112.9 110.6 108.9 107.8 106.5 105.8 102.9 103 103.2 102.2 101.7 102.7 102.7 102 101.5 101.2 101.8 101.5 105.6 116.1 126.4 139 145.3 141.6 128.6 114.8 104.9 97.8 97.8 98.2 98.4 97.7 97.4 97.5 96.7 97.7 100.1 114.8 131.7 156.6 171.4 189.2 206.1 235.4 266.1 288 304.4 316.4 299.5 292 326.3 359.1 380.2 395.8 403.3 412.8 416.9 434.9 434.2 431.2 436.3 438.7 445.4 454.3 461.2
229 226.2 223.5 214.2 201.7 181.5 158.9 140.2 128.4 120.3 117.9 117.7 116.1 113.8 111.6 110.4 108.9 108.1 106.4 104.4 103.4 103.1 103.4 102.5 102.4 102.8 103.1 102.7 102.5 102.7 102 106.6 118 126.4 139.6 157.9 171.1 162.9 153.6 136.1 122.6 108.3 98.5 98.9 99.2 99.2 99.2 97.6 98.7 97.6 98.7 103.7 115.2 129.2 145.2 167.2 179.5 195.1 230.5 254.2 269.3 278.2 280.1 272.6 307.6 333.7 367 365.4 383.3 396.6 411 435.3 425.8 427.2 434.5 440 445.3 452.9 458.7
235.6 235.2 234.2 226.1 213.6 191.2 163.4 151.1 139.3 126.7 120.4 115.5 113.2 112.9 109.9 109.5 108.6 107.1 106.7 105.1 103.9 103.2 104.8 105.2 105.8 107 103.4 103.8 103.7 106.8 108.4 117.7 128.4 140.5 154.3 167.4 189.2 185.4 174.6 170.4 148.9 129.1 113.2 105.7 102.6 101.8 100.4 98.9 98.7 99.2 98.4 99.6 104.4 113 126.2 133.8 143.6 169.8 196.1 218.7 234.6 237.7 243.7 273.6 288.1 310 328.6 344.1 365.9 384 401.6 415.4 418.9 420.5 427.4 437 442.8 450.2 457
251.7 247.9 244.6 237.5 218.9 199.2 181.2 167.9 161.2 153.8 138.7 128.2 112.6 110.1 109.5 108.3 108.3 107.3 107 105.5 104.3 104.5 108.5 111.6 115.1 114.9 111.4 108 105.4 110.5 117.4 125.6 143.1 160.1 173.2 189 209.2 222.4 200.2 188.2 171.1 153 140.4 124.2 115.8 114.2 106.3 100.3 100.1 100.2 100.3 98.6 100.4 107.2 115.6 128.8 135.3 149.2 173.3 190.4 201.3 216.3 239.5 261 272.7 285.7 299.1 323.6 349.8 372.5 385.3 387.3 397.2 404.6 416.9 426.8 439.8 446.9 455.4
264.9 266.6 258 244.7 217.3 195.2 174.6 156.9 152.1 139.7 123.2 113.2 113.1 113.3 111.5 109.9 108.6 107 106.6 106.4 105.1 106.1 113.4 115.8 119.5 119 115.5 109 107.6 120.2 131 139.3 155.6 170.5 187.4 204.3 222.1 245 259.6 247.8 215.1 185 164.6 148.7 134.9 125.9 118.6 114.5 103 101.6 102.1 101.4 99.8 103 110.1 123.2 132.2 142.8 156.2 171.8 189.4 211.5 221.5 240.1 253.5 263.9 278.8 303.1 325.8 349.3 357.9 359.4 387.6 409 417.7 430.5 434.4 443.3 456.2
278.1 275.8 265 238.2 211.6 190 164.8 149 137.9 127.1 116 112.2 115.8 114.2 112.8 112.6 110.5 109.4 107.2 105.8 105.3 107.5 118.4 121.7 124.8 124.2 118.2 113.5 113 133.2 141.8 155 174.1 191.3 207.7 224.7 243 259.7 276.9 282.8 257.5 213.6 190.7 172.3 157.3 140.4 127.4 118.7 107.9 103.3 102.7 103.6 100 101.6 103.8 112.3 121.6 128.2 141.8 160.1 178.7 200.6 218.9 228.2 241.5 247.4 260.8 286.6 309.5 328.1 328.2 351.1 378.3 391.5 409.3 417.2 414.7 428.7 449.2
291.7 281.1 263.5 233.8 206.6 181.7 159.7 139.7 126.4 116.3 112.9 114.8 114.6 114.2 113.3 111.9 110.8 110.3 109.9 109.5 110.1 113.4 123.2 127.1 131.4 132.3 124.1 117.8 122.4 141 154.8 167.1 186.8 205.9 228 238.3 258.3 278.7 303.3 301.9 295.2 245.4 218.3 196.4 179.2 162 143.5 131.9 124.7 114.1 105.5 104.1 101.2 101.9 103 104.1 109.8 117.4 125.3 136.9 162.4 184.4 195.3 210.9 228.6 233.4 253.1 268.9 292.6 300.7 312.6 338.4 360.7 371.7 380.5 386.1 392.1 426.5 452.3
298.2 279 251.9 227 199.6 170.8 151.9 134.6 120 113.8 112.6 114.2 116.2 114.6 113.7 112.5 112.3 112.1 111.7 112.2 117 126.4 130.8 136.1 142.7 140.2 130.6 125 135.1 149.2 161.7 179.2 200.9 221.5 249.7 261.9 275.1 294 317.7 332.4 309.4 277.6 266.1 240.8 214.9 188.5 165.6 146.1 136.7 126.1 118.1 108.3 102.5 101.2 103.1 103.9 106.3 108.1 113.4 123.2 141.9 159.6 171.9 188.6 205.3 214 229.5 250 264.5 273.6 298 319.7 342.4 342.9 340.7 350.1 386.2 419.7 450.8
328.9 311.1 262.5 217.9 192.6 165 145.7 130.9 120.6 113.1 112.2 114.2 116.7 116.3 115 113.5 113.7 113 113.1 119.7 126 131.4 142.6 149.8 153.8 147.2 133.1 140.7 150.8 164.4 176 193.1 215.2 239.4 262.4 283.3 301.4 319 338 362 348 313.2 316 287.7 251.7 221.1 191.8 167 152.6 148.2 134.7 123.7 108.1 105.2 103.3 103.7 105.3 105.9 108.6 114.3 124.4 133.5 148.8 168.9 177.6 198.3 208.9 232.5 247 254.1 280.2 298 308.4 302.3 329.7 366.3 398.2 428 450.7
330.4 308.4 266.2 218.4 186.7 163.6 140.9 120.5 113.4 113.4 112.8 113.5 118.9 117.6 115.5 115 114.9 114.6 116.7 121.8 131.1 139.8 148.8 155.3 159 149.9 135.7 150.9 162.5 178.9 191.7 211.4 235.1 259.3 285.3 307.6 329.9 360.3 377.4 383.5 383 361.8 359.3 322.9 273.5 242.6 212.6 188.8 171.2 166.9 153.4 134.6 116.1 110.2 105.6 104.8 105.6 106.4 106.6 107.1 109.1 118.7 127.9 143.3 158.5 177.4 194.9 207 224.1 236.5 261.3 272.1 269.9 300.5 338.2 378.4 410.6 438.5 452.6
322.9 285 243.7 200.2 175.1 151 129.4 115.9 113.8 113.1 112.3 113.5 117.5 120.4 116.5 116.9 116.3 118.8 123.6 127.9 135.2 148 159.6 166.3 164.6 151.2 145.7 162.5 177.6 191.9 211.6 232 257.5 284.8 318.2 340.8 366.4 386.4 399.3 409 403.2 395.7 377.7 361.2 317.9 278.3 237.7 209.4 190.5 178.1 166.4 146.5 128.1 115.1 110.2 108.5 109.8 107.3 108.3 110.3 107.8 111.1 116.5 122.8 137.5 160.5 175.3 190.8 198.4 215.4 232 233.6 272 307.9 341 377 409.3 436.6 457.7
288.1 251.6 211 181.2 161.8 139.1 121.3 114.3 113.6 113.3 112.8 112.7 114.9 118.8 120.1 118 117.9 121.5 130.2 140.7 145.7 158.1 171.2 174.6 168.4 151.5 162.8 176.4 194 209.3 230.5 253.6 282.3 309.5 347.4 378 409.1 438 425.6 426.7 416.8 407.7 385.4 380.6 348.6 310 270.2 234.9 208.3 189.7 174.6 163.3 141.7 129.1 138 128 130.3 122.1 112.6 115.4 113.4 108.9 112.5 117.2 119.1 139.5 158.6 169.8 183.2 197 206.4 235.9 264.8 295.8 328.7 366.2 401 431.7 455.5
253.5 217.9 188 162.4 142.3 124.7 114.9 114.6 113.3 112.7 112.6 112.7 115.8 118.7 121.9 121.5 134.7 138.2 143.2 150.8 155.9 168.6 178.7 180.7 175.4 159.9 175.5 188.2 207.2 228.2 250.6 277.3 303.5 334.9 362.9 401.8 434 455.3 445.8 452.4 435.9 426.3 401.5 400.3 365.9 329.1 292.2 255.4 223.9 207.9 187.2 180.4 162.7 162.4 187 169 154.2 150.3 134.7 135.5 127 116.3 111.2 113.7 119.3 128.1 140 151.5 160.6 175.3 197.2 220.9 246.6 276.7 309.6 344.1 385.3 421.1 446.9
222.2 193.4 169.2 145.8 128.3 116.4 114.6 114.2 113.3 112.9 112.8 112.9 117.5 121.1 123.5 126.5 139.5 146.5 157.2 165.7 177.1 183.3 191.5 192 183.1 172 189.1 205.2 224.2 244.7 269.5 296.8 328.2 358.5 382.9 425 470 478 461.4 460 456.8 429.9 414 410.6 386.5 360.7 324.6 282.5 251.6 227.9 218.4 205 190.9 186.9 232.1 211.1 183.5 177.2 162.2 148.5 135.5 113.4 112.9 114.3 117.3 121.1 125.1 131.1 146.8 161.4 179.8 203.7 229.2 260 296.6 330.6 369.9 403.9 433.3
197.2 173.9 149.6 133.4 121.8 115.8 114.7 114.2 113.7 112.7 113.2 114.5 117.8 122.8 126.1 135.2 150.2 158.4 170.6 177.5 192.1 203.6 218.8 205.4 192.5 188.2 201.7 218.9 239.8 264 292.4 315.7 344.6 388.6 414.5 441.4 473.6 486.6 474 460.1 459.1 437.4 426.1 421.9 420.6 393.8 354.5 311.7 281.3 250.6 241.2 232.1 219.7 214.3 245.2 233.2 210.1 194.5 171.3 149.4 129.8 118.9 117.3 118 119.7 120.6 124.6 125.1 132 144.3 165.4 187 214.2 245.9 279.6 312.8 348.6 388.9 417.8
178 150.6 136.9 124.7 115.7 115.5 114.5 114.2 113.2 112.9 112.8 116.3 118.8 125.1 130.9 145.2 159.7 172.9 184.4 193.1 207 218.4 232.9 224.5 197.2 203 216.1 234.5 255.4 279.5 313.4 347 374.5 407.7 452.6 468.7 485.5 494 485.9 479.4 464.5 457.8 442.2 428 421 407.2 389.8 333.2 339.4 300.4 253.4 258 252 245.7 253.9 258.3 231.1 204.1 178.5 156.1 142.1 125.7 122.9 125.2 126.2 128.7 128.2 131.6 123.9 132.6 150.4 173.5 199.4 228.9 262.7 299.3 333.4 365.1 396.8
