GeneralExemplars/GeoExemplars/data/LakeDistrict/terrain-50-dtm_3563996/ny/NY21.asc
ncols 200
nrows 200
xllcorner 320000
yllcorner 510000
cellsize 50
[rows 140 to 174 of 200, columns 0 to 78 of 200]
472 461.9 495.8 499.4 502 492.2 488.7 487 487.9 488.7 492.4 493.9 492.3 484.1 475.7 478.8 479.4 470.9 476.7 466.2 464.5 466.1 464.1 471.8 470.8 475.7 489.7 511.2 528.9 543.2 562 576.6 587.7 597.7 605.6 611.1 613.5 611.4 601.3 593.8 585.3 576.8 570.6 564.5 560.7 547.7 537.5 529 523.8 520.2 514.1 507 500.9 494.1 490.7 486.1 477.8 470 464.6 458.8 450.5 442.6 432.4 425.7 416.4 407.7 395.5 386.3 363 360.4 357.9 348.4 347.4 345.1 311.7 275.3 239.7 219.1 184.9
510.5 491.6 481.8 489.5 494.2 493.4 489.5 489.9 501.5 499.1 499.2 500.9 502.7 499.7 492.4 489.8 490.2 488.7 491.7 481.9 471.8 474.6 477.9 486.7 488.7 493.6 499 513.6 532.4 551.1 569.6 583.8 597.4 609.6 619.5 632.1 635.5 635.7 620.4 610.1 606.5 598.5 593.9 577.6 569 558 542.5 534.9 518.9 516.1 512.2 508.2 501.1 495.8 488.6 484.5 476.2 468.2 459.6 451.6 444.8 437.5 424.9 414.4 403.5 390.3 381.7 377.9 360.9 331.7 314.5 315.2 323.3 300.9 265.4 245.6 217.7 193.3 164.8
521.1 501.9 481.9 482.9 490.1 494.7 493.2 507.4 512.3 504.6 505 508.9 512.2 533.1 540 528.3 510.7 511.6 507.2 495.4 483.1 488.6 496.7 503 507.8 512.7 518.4 520.5 539.3 560.5 576.8 594.2 608.6 620.1 636.1 647.2 649.5 650.9 640.1 626.1 620.6 623.7 616.1 594.4 579.8 574.6 561.6 545.6 532.8 513.8 511.2 506.5 500.5 493.1 486.3 482.5 474.2 464.8 455.9 449.2 435.3 426.2 413.4 399.4 383.5 374.3 364.2 374.3 362.7 326.9 302.5 270.9 277.6 266.7 245.6 219.7 197.4 171.4 152.9
517.4 502.3 490.5 481.8 483 496.5 495.3 519.4 516.3 514.8 515.4 517.4 543.9 552.7 545.9 540.7 539 530.7 521.6 509.5 499.9 508 509.4 518.2 524.5 530.1 536.4 543 551.6 568.5 589.4 601.9 618.5 633.2 660.5 666.7 669.3 660.8 656.6 643.3 637.1 639.1 635.1 615.8 594.2 575.5 556.6 539.3 520.6 510.3 505.7 501.9 496 489.4 480 474.5 465.7 460.5 454.1 438.9 425.8 413.9 402 387.9 366.3 356 351.8 352.7 348.6 311.7 290.6 258.4 237.8 234 219.2 186.4 167.5 148.4 134.1
511.9 498.7 487.3 481.8 481.8 487.4 500 519.1 520.2 520.5 522.3 523.6 541.6 552.3 549.2 555.6 555.5 551.4 540.5 528.9 523.6 522.2 522.7 531.7 540.8 547.7 556 565.5 572.4 584.2 600 613 625 641.4 656.5 672.6 675.7 671.7 663.4 654 653.2 647.3 639.5 629.3 620.5 585.7 546.3 524.9 510.7 501.5 496.6 494.1 488.4 480.7 475 470.9 463.6 452.8 447.1 434.1 413.8 398.2 383.7 369.5 351.5 336.9 328.1 321.6 312.8 289.4 266.9 238.5 216.9 203 181.7 162.3 142.5 127.8 118.7
513.1 508.5 503.2 483.5 481.8 485.6 501.9 514.5 520.5 520.6 526.3 530 537.1 547.7 558 557 560 558.7 552.4 547.6 537.9 527.7 536.3 543.8 553.6 563.9 574 582.5 589.8 596.8 612.4 625.7 636.9 649.8 666.5 678.8 680.8 676.6 673.2 668.5 658.9 655.2 649.8 638.3 616.1 584.2 547.8 506.8 490.7 484 482.3 483.1 477.8 472.4 467.1 462.2 457.2 447 434.5 420.9 397.9 376.5 363.2 347.2 330.8 313.1 296.9 285.5 271.7 254.4 233.5 212.9 192.7 174.3 155.2 139 123.4 119.9 119
523.2 521.5 507.2 489.5 483.8 490.6 499.5 509.6 525 521 527.6 533.2 540.6 550.8 555.4 564.2 564.2 561.6 557.2 555.1 550.6 539.6 550.8 560.5 571.8 577.3 586.7 593.9 604 614.5 621.7 633.3 645.1 661.6 672.3 677.8 684 685.9 680.5 675.2 667.8 661 653.7 645.2 620.1 576.5 542.3 502.6 475.7 466.3 465.8 467.4 466.2 465.4 462.5 453.5 444.9 436 420.6 406.9 383.1 354.9 339.7 327.5 308 291.1 274.9 251.7 241.6 226.8 205.3 186.5 169.5 152.8 137 123.2 120.6 119.4 118.9
524.5 518.7 507.5 495.1 488.8 507.3 504.2 505.7 513.9 521.2 525.5 535.6 544.4 550.6 557 566.8 567.4 566.3 564.3 563.9 562.1 557.8 559.5 571.7 580.8 588.5 598.5 608.3 618.5 624.4 629.6 641.6 654.4 667.6 676.6 686.9 689.8 694.9 691.2 684.2 671.5 664.7 657.7 646.8 599 557.6 517.6 484.8 461.6 456.1 449.9 449.3 449.9 451 450.9 446.1 435.4 420.4 403.6 384.4 365 341.5 316.8 303.4 283.9 268.8 249.1 232.8 214.5 195.3 181.1 162.7 147 137 127.3 121.5 120.5 120 119.3
517.3 520.9 511.8 520.8 517 521.6 508.3 509.4 512.1 522.7 530.7 538.9 548.3 552.8 561.1 568.7 567.8 571.1 574.1 575.7 573.6 572.2 564.7 576.8 588.6 597.9 604.6 612.6 624.5 637.7 641.6 647.5 660.9 677.9 696.7 689.6 691.1 693.4 688.8 683.9 674.6 664 655.9 641.7 595.8 559 506.2 472.5 451.1 441.7 435.2 436.2 437.6 438.8 437.1 434.2 425 411.3 385.1 365.4 343.4 323.2 301.1 282.6 263.7 248.4 225.6 208.5 192.1 177.3 159.4 142 129.7 122.1 121.7 121.4 120.4 119.8 118.9
520 526.8 526.6 524.1 523.8 522.5 516.7 519 517.3 524.9 532.4 546.1 549.7 555 563 566.2 570.9 576.7 582.2 584.5 584.1 583.7 580.8 586.2 594.8 604.2 610.9 620.7 630.8 640.7 649.7 663.3 668.7 680.9 685.4 692.8 689.4 687.4 684.2 679.1 671.1 661.5 652 638 626.9 546.1 487.8 455.3 436.1 427.7 422.5 425.6 425.1 428.2 428.5 424.1 416.9 405.3 377.7 345.4 322.6 303.6 284.4 261.2 244.1 233.1 210.4 187.6 172.9 160.2 146.3 131 123.8 122.7 121.5 121 120.3 119.9 118.9
513.7 525.4 529.4 531.3 526.3 522.2 520.3 520.4 521.3 518.5 528.9 540.7 548.9 556.6 563.2 569.5 575.5 587.1 588.3 591.7 592.4 592.3 593.1 597 603.4 608.9 618.2 629 638.9 649.1 657.1 666 676.8 681.9 687.1 688.4 688.2 686.2 679 670 664 647.3 641.7 636.4 614 542.9 486 442 425.9 421.1 414.4 413.5 415.3 416 415.6 413.1 409.8 405.4 375.7 337.9 309.6 285.9 266.2 246.2 223.2 208.4 190.9 170.7 155.5 141.4 132.4 124.5 123.3 122.4 121.8 121.6 120.2 119.7 119.1
502.6 519.4 528.6 530.4 528.1 525.4 525.7 530.8 529 519.7 519.4 535.7 546.4 553.8 563.5 573.4 580 588.6 596.3 602.4 604.5 604.4 606.6 608.2 611.6 617.1 624.2 634.3 645.2 650.9 663.2 670.9 687.1 682.4 686.7 687.7 687.3 683.4 674.3 662.5 648.3 630.7 579.7 586.4 553.2 492.8 458 429.3 415 408.8 405.6 403.2 404.2 408.7 409.2 406.8 397.7 383.6 365 330.2 300.6 272.9 248.7 227.8 208.9 189.9 169.7 154.3 138.9 126.6 124.6 124.2 123.9 122.5 121.9 121.1 120.6 119.9 119.9
485.8 506 521.2 528.7 524.5 524.5 529.1 540.7 534.8 521 515.2 525.7 543.4 555.4 565.5 576.4 584.3 596.3 610 614.1 615.3 621.6 617 618 619.9 625 631.6 641.1 647.7 653.9 661 674.8 679.8 682.9 685.3 686.5 685.1 678.1 663.3 635.9 606.7 583.9 550.9 537.1 512.4 464.3 438.9 414.9 404.5 397.5 394.1 395.3 395.5 399.9 400.6 397.4 388.4 379.8 348 318.8 290.3 264.2 238.1 211.1 194 172.1 156.6 142.7 129.4 126 124.9 124.8 124.3 122.8 122.4 121.9 120.8 122.1 128.5
446.5 484.5 499.3 513.7 519 517.5 519.5 530.9 521.5 510.3 497.8 510.3 539.5 558 570.8 580.8 590.2 601 614.1 622.8 624.8 626.9 631.6 627.6 629.5 633 637 644.4 652.2 656.8 665.8 671.8 679.9 683.5 681.9 683.6 683.5 675.9 637.4 605.3 575 552.9 528.8 500.6 472.7 445.5 421.9 406.8 397.7 390.5 391.3 392.7 391 391.8 393.3 397.6 389.9 367.4 341.3 314.5 279.6 247.5 223.8 198.2 178.8 158.6 141.7 135.6 127.4 126.5 125.3 125.1 123.8 123.4 122.9 123 122.2 128.1 137.7
413.8 436.9 468.7 483.8 494.1 500.8 500.2 501.8 492.7 478.9 477.5 506.7 536.8 562.4 577.6 587.5 602.3 609.6 617.8 631.6 634.5 645 641.4 637 637.2 639.2 642.7 650.6 659.2 664.2 669.5 675.8 677.1 681 680.8 678.9 673.6 667.8 626.3 582.1 550.7 524.3 500 476.4 454.9 431.9 413.1 399.7 390.2 387 386 388.5 386.4 390.1 389.4 377.1 366.8 354.6 327.9 302.1 280.9 251.5 217.5 191.5 170.2 152.3 136.5 131.9 127.9 127 126 125.6 124.5 124.1 123.4 123.6 130.5 135.5 150.6
386.1 410 437.2 448.8 459.8 478.4 482.8 473.6 458.9 448.2 474.6 503.7 537.8 565.2 582.7 595.9 606.4 616.9 625 635.3 641.9 647.5 646.6 644.7 644.2 646.8 651.7 657.9 666.5 672.8 675.6 679.5 682.6 681.9 680.6 671.6 640.6 636.8 597.9 562.6 533.2 502.9 479.3 456.8 439.7 421.3 408.9 396.2 388.5 387.5 386.5 386.5 385.9 386 381.3 376.1 367.2 349.5 326.4 306.2 275.4 243.8 205.7 183.9 165 146.6 133.7 128.9 128.2 127.6 127.5 126.5 125.6 124.9 125.5 130.8 143.2 150.1 168.2
362 380 396.3 409.4 418.9 445.7 442.6 441.4 425.6 442.7 475.5 507.7 539 567 587.1 602.1 613.2 624.2 632 639.3 647.8 652.3 653.4 653 652.8 655.8 661.5 669.1 676.4 681.5 686.6 688.7 688.1 687 681.2 669.3 638.5 593.1 574.3 541.4 522.3 485.4 461.4 444.9 426.2 416.9 405.1 396.8 389.6 387.7 387.6 387.5 388.1 387.1 383.8 379.3 368.9 353.6 331.7 308.1 279.1 244.1 213.6 189.1 165.4 144.4 132.4 129.9 129.9 129.1 128.1 127.9 126.6 126.7 129.1 139.2 154.5 169.7 186
334.8 353.2 366.3 375.6 382.1 393.3 401.7 404.5 410 438.7 472 503.8 534.6 563.2 588.8 605.2 619.9 630.6 641.1 646.7 649.5 656.1 660.2 663.6 663.6 666 672.5 679.5 685.4 691.9 698.8 698.4 693.3 688.4 678.8 652 620.7 581 545.1 520 492.1 469 450.7 433.5 418.6 409.3 400.2 396.4 394.3 388.1 387.9 388 389 388.8 387.2 385.6 371.8 357.7 338.9 315.9 284.9 248.7 216.1 189.9 163.9 144.9 132.1 131 130.6 130 129.6 129.6 130.8 130.6 137.3 147.6 166.6 186.8 203.9
323.9 331.7 340.1 345.9 350.5 360.5 368.9 380.3 408.4 437.3 464.6 493.3 522 550.8 582.1 609.1 625.1 641.2 651.2 654.9 656.8 658.9 664.9 672.6 677.1 681.8 686.4 692.2 696.1 701.3 708.4 705.9 697.4 688.3 676.2 631.2 599.3 563.4 531.9 505.5 481.1 460 439.8 422.8 411.1 403.5 399.4 396.5 390 389 388.9 390 391.9 396.2 399.5 391.5 381.7 368.3 348 323.5 289.1 257.2 224.4 195.9 168.4 147.7 132.6 132.6 131.9 131.8 131 136.6 142.8 152.3 151.4 163.3 177.5 198.9 220.1
309.5 313.3 319.6 318 324.7 340.8 356.8 379.2 399.9 423.6 449.4 478.5 506.6 536.1 564.2 595.3 621.8 645.4 655 664.1 663.2 663.9 669.8 677.9 684.6 690.2 695.7 699.4 703.5 706.9 708.5 707.9 699.9 689.1 673.5 621.1 582.6 549.7 519.3 492.2 469.5 449.5 432.5 419.1 407.8 400.4 396.9 392.4 391 389.8 390.2 392.7 402.1 409.3 409.5 404.9 396.4 379.2 354.2 326.7 293.2 262.1 231.8 203.8 175 156.1 136.8 133.6 133.5 132.7 134.6 148.1 159.2 164.5 168.1 180.3 192.1 207.4 230.2
299.8 303.4 310.7 320 331.4 340 344.7 361.7 385.3 407.8 433.7 461.8 488.9 517.2 547.7 577.3 607.8 639.2 657.6 664 664.9 666.5 671.5 679.1 688.1 695.9 700.1 705.5 709 711.1 711.5 707.8 697.6 673.1 639 599.5 564.9 534.6 505.2 479.2 457.3 440.8 426.2 415.1 404.1 398.1 394.5 393.1 391.4 391.7 396.3 404.1 419.6 435.5 436.8 429.9 424.9 405.4 376.4 334.1 301.8 266 233 200.9 177.2 158 143.3 135.9 134.5 134.1 136.4 145.5 157.1 168 178.7 188.3 204.1 220 237.9
297.6 303.9 309.1 312.2 323.4 345.3 353.2 352.4 368.2 391.5 417.6 445.3 471.2 499 526.2 555.5 583 617 654.5 659.4 661.5 664.7 671.5 677.7 688.1 695.3 700.8 705.9 711.6 714.7 711.8 707 695.8 662.2 620.4 586.9 554.1 522.9 491.5 464.8 447.1 430.5 418.6 407.5 401.3 396.8 394.8 392.8 394.4 398.2 408.8 424 438.8 455.8 466.9 463.4 454.8 425.5 391.5 348.9 311.5 279.8 246.3 213 182.9 161.3 149.4 137.5 135.8 136.4 141.2 143.9 155.8 169.4 181.6 195.2 212.4 224.8 247.5
297.5 302.1 307 312.1 316 338.9 360.5 364.2 363.3 377.2 401.4 427.7 452.9 478.4 505.1 532.6 560.5 604 635.2 646.8 653.2 658 666 672.9 683.6 691 697.8 703.5 708.2 712 711.5 706.2 689 655.3 608.1 575.8 540.1 510.9 483.9 459.5 437.9 422.8 414.6 408.7 408 398.8 394.9 394.6 400.4 411.3 426.6 442.6 462.5 497.5 514.3 508.2 484.9 450.4 404.1 355.6 309.4 272.9 242.1 214.2 187.5 165.4 149.9 142.6 136.8 139.3 146 151.5 160.9 173.6 187.7 199.8 217.9 232.5 254.4
304.1 306.9 311.6 311.3 316.6 326 349.2 371 379.4 379.6 386.9 410.5 434.2 459.3 485.9 510.8 539.6 566.2 610.1 627.3 642.1 648.8 656.7 666.1 674.4 682 689.9 696.7 701.3 707.6 705.7 701.5 685.4 640.3 608.1 564.9 530.3 501.1 476.6 454.9 435.7 424.9 418.5 414.2 415.3 407.2 403.8 406.4 417.2 431.5 451 467 499.7 535.6 542.6 512.2 481.1 447.9 395.8 356 310.7 270.5 232.1 204.7 186.6 168.5 156.4 145.3 139 138.9 149.5 155.5 164 176.1 190.4 202.6 219.3 240.9 259.4
311.9 317.3 329.7 326.6 317 325.4 339.9 364 387.5 398.1 393.6 398.6 419.6 441.7 469.7 494.3 518.6 543.9 572.1 605 623.1 636.1 646.8 656.9 664.5 671.8 679.1 685.2 688.7 694.2 696.8 693.1 680 645.2 608.2 579.8 526.9 499 472.9 454.7 441.6 429.6 421.5 417.1 423.4 421.1 423.1 430.5 448.6 460.5 477.9 506.5 537.2 557.2 535.5 503.5 468.6 432.4 400.2 356.7 312 270.1 230.6 199.2 178 161.6 151 145.7 139.9 140.5 152.5 154.7 166.7 178.4 192.4 206.2 224 243.9 265.6
332.5 330.1 341.1 342.3 332.5 323.1 336.2 357.2 380.9 404.2 413.4 414.1 410.7 427 455.6 479.6 501.4 524.8 550.6 575.8 605 623 636.8 646.6 654 659.8 668.1 672.8 679.8 681.3 684.7 683.9 668.8 642.4 612.4 568.5 532.5 499.5 475.5 460 450.2 440.7 423.1 425.1 433.8 447.6 455.2 466.1 476.9 502.4 512.2 546.1 567.1 554.7 527.9 495.3 461.4 426.2 389.7 353.7 318 270.3 236.7 196.3 176.1 157.8 149.9 144.6 142.4 142.4 147.4 155.9 170.7 184.7 196.4 211.2 229.6 249 270.4
350.9 344.4 348.6 352.2 343.9 333.8 329.1 350.2 372.4 395.3 416.3 432.2 438 430.3 442.2 465.6 486.7 510.9 534.8 558.5 586.6 611.6 626.1 636.6 643.9 651.8 658.8 662.4 668.4 672.7 673.8 672.6 662.1 637.3 600.8 569.8 538.2 503.2 486.2 468.8 456.6 446.5 436.2 442.6 449.9 463.2 478.9 498 514.5 540.5 567.1 579.2 578.9 555.3 524 490.6 459.9 426.8 392 357.8 320.2 287.2 247 209.9 183.8 166.1 152.8 145.5 144.3 143.9 146.5 156.1 174 185.9 202.2 220.1 236.7 255.2 275.9
371 363.7 362.1 361.6 355.9 350.3 338.7 339.7 363 389.8 414 436.1 451.7 459.8 455.5 461.7 496.8 525.5 550.5 572.2 593.3 607.5 616.7 628.1 635 643 651.2 656.5 660.9 662.9 665.1 664.6 657 630.7 596.7 566.1 539.5 510.1 496.5 477.3 460.2 455.6 462.1 479.1 479.9 481 499.5 523.8 559.2 588.7 609.2 611.3 589.2 553.2 520.3 488.5 455.3 422.8 390.8 353.9 316.9 281.1 250.9 216.9 195.4 174.2 162.5 155 146.5 145.7 148.6 157.9 174.6 192.9 207.6 225.1 244.8 263.8 283.4
394.5 387.2 382.5 378.8 372 364.5 352.8 342.3 350.8 379.6 405 432.8 454.9 476.3 490.4 494.2 493.6 522.5 548.6 571.8 587.6 604.1 613.3 622.1 627.8 636.5 643.7 648.6 653.4 656.5 657.6 660 652 624.1 595.3 562.2 539.9 515.5 499.7 482.1 465.8 467.8 479.7 504.2 521.3 518.3 525.2 544.9 583.3 619.6 638.4 628.6 601.9 554.6 517.7 485.9 453.7 418.4 383.4 348.4 311.3 278.7 248.7 220.8 199.8 183.3 167.1 158.3 150 148.1 150.8 160.9 174.1 192.9 210.9 231.2 251 272.7 294.2
421 406.3 404.4 399.2 392.3 382 367.9 359.8 351.3 371.6 397.8 422.5 449.2 475.1 497.9 513.8 521.4 519.2 543.3 566.4 583.5 597.4 608.4 616.6 625 632.9 639 643.1 647.6 651.7 654.1 656 646.1 626.5 603.8 569.3 548.1 517.2 498.5 486.6 474.4 482.7 502.9 522 535.4 544.7 558.7 576.3 605.4 634 642.1 635.3 607 560.6 526.1 494.2 456.1 418.4 383.6 348.6 311.7 277.2 248.3 221.5 196.3 177.9 168.9 162.6 152.1 149.3 156.5 168 178 202.3 215 239.3 259.1 283.3 306.9
443.9 431.9 428.6 421 411.2 398 385.6 376.7 363.6 363.6 387.3 412.3 439.4 467.6 492 516.4 534.5 544.7 538.8 557.7 576.9 594.3 603.3 611.3 619 626.1 632.3 639.9 646 652.4 654.4 657.6 643.9 613.1 592.1 568.7 551 521.8 503 492.5 485 495.6 515.7 538.1 547.3 568.1 601.2 620.5 630.2 639 642.9 632.5 601 563.6 529.5 492.6 456.8 420.7 385.6 347.2 311.8 277.8 246.6 220.5 195 180.7 171.7 163.8 154.2 149.7 156.6 168.8 183.5 205.9 222.1 247.8 267.8 292.4 319.4
472 460.2 453.5 442.5 430.7 418.5 406.2 389.7 373.6 383.2 376.8 401.9 430.5 458.4 484.1 512.7 540.9 564.1 564.3 558.8 558.8 573.1 589.2 600.9 611.4 618.2 625.8 632.9 643.2 657.2 661.4 658.4 641.4 610.6 582.5 560.8 543.1 526.5 512.6 505.1 493.8 509.2 526.1 543.7 563.6 591.6 616.9 630.1 641 640.9 642.7 626.3 600.7 558.1 518.1 489.5 456.6 421.3 384.7 348.3 314.3 277.7 246.5 218.2 193.8 183 174.9 164.5 155.3 151.6 159.1 166 189.1 210.2 231.8 255.6 279.9 304.7 333.7
496.6 484.3 477.6 464.9 453.3 439.3 425.4 406.5 389.8 384.3 397.2 395.7 421.4 448.1 476.3 503.3 532.9 561.5 579.2 581.4 585.1 585.4 590.7 593.9 605.6 611.8 621.4 630.2 643 658.5 674.7 672.1 647.9 611.4 580.5 557.8 544.4 531.7 523.4 511 508.4 520 534.8 553 577.4 609.1 625.3 634.2 638.5 640.8 632.6 621.8 599.1 566.5 532.8 491.4 448.4 403.8 372.6 345.4 312.3 279.3 247.9 220.1 198.2 186.1 173.8 165.9 158.1 156.8 165.3 169.8 187.2 212.7 237.7 263.1 291.8 333 353.9
516.9 507.9 499 486.6 473.7 461.1 443.9 424.5 408.1 394.7 411.1 405.5 415 440.5 466 493.7 523.5 553.8 578.3 588.1 596.7 600.4 599.3 603.9 607.1 613.8 622.3 635.2 650.8 667.5 680.1 684.7 666.8 624.6 594.4 566.5 552.9 540.1 530.4 523.9 525.2 534.2 548 566 591.5 610.9 623.6 630.9 635.1 634.2 625.5 608.3 593.2 566.3 533.1 501.1 465.1 423.5 382.1 346.4 312.2 278.3 245.4 218 198.8 188.3 177.3 164.7 158 161.7 164.3 176.5 191 216.8 242.8 270.8 303.6 342.1 378.9
534.1 530.9 518.8 507.9 495.3 482.4 462.9 442.4 425.6 410 419.4 429.3 420.8 428.7 458.2 485.8 510.5 539 568.1 584.9 601.5 606.5 612.7 614.8 617.7 624 631.8 648.1 663.2 678.8 690 691.7 666.5 634.1 607.9 584.4 572 554.2 545.2 539.5 539.5 544.4 561.4 582.9 601.4 614.2 622.4 627.2 630.2 627.1 619 601.7 561.8 551.3 527.8 499.9 463.9 428.4 390.2 353 309.6 275.8 243.2 215.4 200.7 187.8 174.2 164.3 160.8 168.4 167.1 186 195.6 218.7 247 283.4 322.4 379.3 408
