GeneralExemplars/GeoExemplars/data/LakeDistrict/terrain-50-dtm_3563996/ny/NY21.asc
ncols 200
nrows 200
xllcorner 320000
yllcorner 510000
cellsize 50
[rows 35 to 69 of 200, columns 79 to 157 of 200]
546.8 533.6 525.2 514.5 491.9 454.7 410.9 373.7 345.2 324.8 307.9 287.1 262.2 227.3 202.7 178.2 157.2 140.5 122.1 102 88.7 84.3 83.2 82.9 81.5 80.7 79.5 78.6 77.6 77.4 77 76.9 76.6 76.3 76.1 76.4 76.5 74.9 75.4 75.8 76.6 77.6 79.9 80.9 88.2 110.5 147.5 178.7 209 226.4 229.4 240.4 230.8 226.3 226.6 226 223.7 216.8 223.8 240.1 263.6 291.4 321.8 335.6 350.8 359.3 364.6 376.6 387.3 392.9 399.3 403.8 408.6 414.7 420.1 432.5 444.1 455.8 469.9
548.6 532.7 523.3 502.6 470.4 437.1 397.6 352.6 324 307.7 295.2 275.4 247.4 215.9 191.2 172.6 156.1 138.7 122 99.5 88.9 84.7 83.7 83.2 81.7 80.5 79.4 78.5 77.7 77.3 77.6 77.3 76.7 77.5 76.3 76.4 76.8 76.6 75.8 76.2 76.7 77.1 78.9 82 93.6 114.6 164.8 201.2 238.3 249.3 244.5 250 237.2 229.2 233.6 235 225.2 221.8 224.5 240 259.6 287 311.8 324.6 334.1 356.7 363.9 374.9 382.8 392.1 397.5 402.4 405.4 410.2 417.8 426.7 436.6 448.7 460.5
542.6 527.2 512 485.3 450 411.7 377.1 337.4 311 292.8 285 269 241.1 211.4 182.5 173.6 160.6 142.2 115.7 93.9 86.7 85.3 84.7 83.2 84.1 80.5 79.6 78.2 77.5 77 77.4 77.6 77.3 78 76.5 77 76.6 76.4 76.8 76.4 77.6 77.7 77.7 82.1 98.4 115.4 167.9 206.6 238.5 249 252.6 241.9 237.3 232 234.1 236.1 229.5 222.4 222 235 249.4 270.4 287.5 310 329.4 347.4 356.8 364.5 376.7 383.4 393.1 396 400.8 404.3 409.9 418.5 429.1 441.2 452.8
533.6 518 499.9 471.2 436.4 397.7 364.1 326.5 296.3 273.3 267.6 255.7 229 199.2 174.8 162.5 154.4 134.1 116 92.5 88.8 87.3 86 83.7 85.3 80.2 79.9 78.2 77.3 77.1 79.3 79.4 79.1 78.2 76.6 76.7 76.1 77.9 77.5 78.1 79.6 78.2 77.9 83.8 103.5 122 163.6 204.2 230 239.6 256.1 246.5 243.3 237.5 234.4 235.8 230.5 224.8 223.6 230.2 242.1 249.4 268.3 286.7 310.5 326.7 346.4 355.2 369.3 378.4 386.5 390.8 395.6 400.6 406.9 413.7 421 433.2 442.6
521.7 502.5 482.4 454.2 419.8 386.8 352.3 320.1 289.5 263.3 248.4 239.4 218.6 192.6 167.1 146.5 132.2 114 99.9 90.4 89 90.4 86.4 82.7 80.6 79.4 80.7 77.4 77.2 79.2 78.7 80 79.6 77.8 76.3 76.8 77.6 79.7 79.1 79.5 78.8 78.6 78.9 85.8 103.7 125.7 158 208.1 236.1 247.4 254.2 252.3 254.9 258.2 252.7 238.2 234.8 231 229 225.9 236.5 238.5 248 268.4 285.5 302.1 320.5 341.1 360.4 367.5 373.5 381.3 388.8 393.2 398.7 404.8 414.2 425 435.1
502.7 484.7 459.8 432.4 403.6 373.2 341 309.5 281.9 255.2 240.4 229.5 213.6 188.4 160.4 136.1 116.9 105.5 93.5 90.7 92 95.1 91.9 82.2 80.3 80.2 78.2 78.8 79.7 79.7 79.4 80.2 79.6 81.7 76.4 77.9 80.1 80.2 79.9 80.2 79.8 79.6 79.8 88.9 106 124.8 152.8 199.5 237.8 253.8 263.7 266.5 273.4 283.5 273.2 251.2 236.9 235.9 231.1 226.3 231.9 233.7 237.9 255.1 269.6 282.5 299.5 321.6 340.5 354.8 363.3 373.5 383.1 391 393.4 401.7 404.1 414.3 425.4
485.8 463.9 444.1 414.7 388.7 360.1 327.6 298.7 274.4 249.7 224.5 218.3 199 173.7 149.1 128.4 109.4 98.9 94.4 93 94.4 95.3 88.9 82.8 80.6 80.2 78.6 78.2 79.3 80.2 79 81.3 84.6 78.5 76.6 79 80.4 80.3 80.6 80.2 79.8 80.6 81.2 89.8 108.8 128.2 149.7 188.1 219.5 250 274.4 291.1 302 300.2 294 269.3 243.3 237.9 234 229.4 227.9 230.4 234.7 248.2 257.6 270.8 285.4 302 319.5 334.1 357.5 367.2 374.7 378.8 390.4 398.8 404.7 411.3 420.1
472.7 449.8 428.2 401 377.4 344.4 314.6 289.2 266.2 242.4 221.4 202 176.3 163.2 143.3 120.7 106 96.8 95.6 94.9 97.5 97.7 90.3 84 79.5 79.1 79.2 79 78.4 80.5 83.3 84.5 80.8 79.1 79.3 80.6 80.7 81.4 80.9 81.3 80.6 81.4 82.7 92.5 111.2 126.7 146.3 176 213.1 250.2 286.7 308.4 316.5 306.8 296.6 286.1 266.2 250.7 235.7 231.1 226.9 229.2 232.9 240.8 249.1 261.3 275 293.4 312.8 334.9 353 362.8 369 377.4 382.8 392.8 407.7 411.7 420.5
463.4 438 411.6 385.4 362 335.4 306.3 279.7 254.5 232.8 216.9 194.4 172.1 152.7 134.4 119.9 105.2 97.1 97.4 99.5 102.1 95.6 88.5 84.4 80.7 78.8 79.6 80.6 78.9 80 87.4 83.1 80.9 76.6 81.3 81.4 81.7 82.4 82.1 80.6 81.3 82.4 84.7 92.5 110.3 129.2 144.8 172 210.1 247.5 286.2 310.6 327.7 330.9 309.1 320.6 284.1 263 243.8 233.9 227.7 229.2 231.9 235.1 253.9 261.3 276.6 299.4 319.3 346 367.5 366.2 370.8 382.8 389.5 394.3 407.5 417 424
455.9 426 400.1 373.2 347.1 324.4 302.5 276.3 249.6 225.9 205.9 185.2 166.8 149.7 129.8 116.9 108.2 99.5 101.4 104.1 107 95.4 85.8 83.9 82.2 79.7 81.2 81.1 80.3 79.8 82.5 81.7 79.6 75.1 81.8 81.9 83.2 84.8 85.7 84.2 85.1 84.9 85.1 89.3 102.6 120.7 142 170.3 211.7 251.7 289.3 320.6 348 352.6 349.2 344.5 293.7 275.9 249.9 238 228.4 229.7 231 237.2 253.9 266.1 275 290.8 313.6 340.8 360.2 375.8 386.3 396.6 407.9 406.2 410.1 423.2 425
445.1 415.1 388.6 361.5 334.8 310.7 285.6 264.6 240.4 221.6 205.2 184.3 166.8 146.2 125.4 119.2 111.2 106 105.2 107.9 109.5 94.5 84.7 83.9 81.9 80.7 82.4 82.2 80.5 83.9 83.2 82.2 76.6 77.7 82.6 89.7 94.4 112.8 109.1 103.7 95.6 89.7 87.1 89.4 100.7 116 141.3 170.5 205.1 248.6 292.1 343.1 367.4 365.9 352 341.6 324.3 294.3 269.7 241.7 228.4 228.6 236.3 247.8 254.6 270.4 283.6 287.9 307.6 339.6 396.1 388.8 397.3 407.6 417.9 423.2 415.1 425.3 433.7
430.8 404.1 378.7 353.6 329.1 300.4 273.7 251.1 230.2 214 198.3 177.7 157.6 142.2 126.8 124 119.1 110.3 109.1 110.2 103.7 91.1 84.1 83.1 83.2 82.4 83.9 82.6 79.5 81.4 81.8 77.2 76.6 82.3 88.3 98.1 122.8 143.4 147.5 138.3 125.5 94.2 91 91.7 96.6 110.3 140.2 170.8 200.4 242 285.5 328.8 362.4 359.1 355.4 340.3 351.1 331.3 278.3 247.7 229.1 228.8 230.5 241.7 250.5 265 285.2 293.8 321 364.2 408.8 403.7 416.5 416.3 431.1 435.3 424.3 429 440
420.6 393.9 370 344.5 323 298.1 274.4 252.2 226.2 204.4 182.8 166 145.8 134 128.9 126.1 122.9 114 111.7 112.8 100.2 86.4 83.7 83.1 82.8 83 82.6 79.6 77.3 78.5 77.2 76.2 83.2 120.6 134.6 129.3 153.3 170 172.2 173.5 149.7 102.6 92.3 92.9 99 105.7 137 168.8 200.5 235.2 276 316.8 348.4 357.1 355.8 352.1 354.9 334.7 300.2 254.9 234.9 229.4 230.3 254.6 274.7 278 293.7 324.2 338.1 374 410.6 421.8 423.2 436.3 444.3 440.5 434 432.4 436.2
410.6 384.1 359.7 335.1 314.4 296 269.7 251.3 232.3 207.1 186.5 164.1 146.5 131.9 133.2 133.9 125.8 116.7 108.7 106.9 96.5 85.4 83.7 83.3 80.8 83 81.1 77.9 77.7 77.4 76.3 77.8 109.6 147.5 184.3 180.9 176.7 184.3 187.2 184 159.7 112.4 98.1 95.1 95.9 104.2 135.6 167.7 199.6 233 267.8 299 338.2 352.9 358.4 373.4 365.2 361.1 326.7 273.9 238.2 229.2 230 251.5 274.3 299.8 324.9 342.8 359.1 391.2 416.4 433.4 427.7 438.3 441.3 438.6 435.3 434.8 435.6
402 375.8 346.7 323.3 303.2 285.5 261.3 244 229.2 209.4 185.3 156.4 139.4 135.5 139 139.7 133.9 121 108 102.7 93.3 85.5 84.1 83.7 82.9 81.7 81.1 80.6 77.7 76.3 77.1 97.4 134.6 169 185.2 177.2 175.8 186.4 187.2 179.4 165.7 130.8 110.1 99.8 98.7 110.9 135.4 167.1 198.8 234.1 270.5 305.2 338.5 362.4 367 372.9 378.4 376.4 339.1 287.2 245.9 229.8 229.8 244 269.7 289.3 346 373.1 379.8 395.8 414.6 431.8 427.2 429.9 435.7 438.1 433.9 434.4 436.6
394.3 366.6 339.1 313.9 290.1 271 253.5 235.4 215.5 191.1 168.8 153.1 144.9 144.4 146 143.3 130.9 125.1 106.4 104.4 98 85.7 84.5 84.3 83.7 82.3 82 79.7 77.1 76.4 84.5 120.5 149.8 168 165.5 166.1 175.4 181.7 185.3 181.1 172.4 150.2 123.6 106.4 102.1 118.2 144.3 170.2 198.6 234.9 271.5 307.5 343.8 368.3 371.2 378.5 381.8 378.7 350.4 297.5 254 230.2 230.6 230.7 260.1 285.8 324.3 346.5 375.9 399.6 410.6 420.6 422.8 423.1 427.9 431.2 431.1 431.7 434.5
383.9 358.3 330.1 305.7 287 269.5 252.6 238.5 222.9 197.7 175.4 159.7 154 147.8 147.7 135.3 124.5 114.3 98 99.1 96.1 84.8 84.1 84.1 81.4 78.7 82.2 77.1 76.9 77.5 91.9 113.1 144.2 149.8 156.7 161.6 168 177.3 174.6 167.7 164.8 156.5 130.7 108.9 108.3 131.3 158.4 183.9 208.2 234.5 270.6 306.7 338.2 356.5 374.9 383.9 387.8 383.8 357.9 312.4 268.1 240 230.5 230.4 239.4 264.1 291.3 327.6 346.4 370.6 391.6 400.7 408.1 416.7 421.3 424.8 426 428.9 434.8
377.1 351.1 326.8 307.3 291.5 275.7 262.1 253.2 234.7 206.9 188.2 165.6 151.8 149.9 136.5 130.7 117.5 100.4 92.6 87.4 88 83 84.3 83.9 83.8 78.4 77.3 77.3 77.5 81.8 98.7 118.9 131.2 140.2 146.8 158 164 174.3 162 155.8 148.4 142.8 127.9 110.8 125.2 147.3 172.6 194.1 223.2 237.4 270.1 306 335.1 352.9 368.3 377.1 385.5 380.8 361.5 320.5 278.6 249.3 231.4 231 233.4 253.9 279 304.6 328.5 355 379.8 392.2 402 413.3 415.9 420.6 422.4 426.2 433.6
375.8 351.5 330.8 311.8 297.1 284.4 277.8 271.4 251.7 228 197.7 168.3 154.5 143.3 129.9 114.7 106.3 89.4 86.2 86 85.7 85.1 84.2 84.5 82.7 79.3 77.2 77.8 79.5 84.8 101.7 113.7 126.1 129 144.5 151 160.1 168 158.3 160.6 151 139 121.9 121.3 143.3 164.9 187.5 206.8 237.3 248.4 273.1 299.3 327.5 362.2 374.5 393.6 390.7 379.1 359.5 339.5 293.7 258.5 242.2 231.4 231 238.5 259.2 292.6 322.1 344 364 387.6 401.2 406.9 414.2 415.9 416.7 422.2 430.3
379.7 358 336.3 321.2 309.2 308.2 307.5 301.1 269.9 238.7 205.8 163.9 148.6 140.6 125.6 105.7 93.6 87 86.8 86.9 85.9 84.2 78.4 79 79.9 78.8 78 78.2 83.2 95.1 113 121.2 120.3 124.8 135.5 143.8 154.4 165.8 153.4 154.4 149.8 139.5 123.1 143.1 161.8 182.6 205.7 227.9 251.4 265.5 274.3 297 316.7 348.9 377.9 389.9 393.1 381.4 369.6 352.7 305.3 270.4 246.7 232 232.1 233.3 250.6 277.9 302.4 336.9 370.3 389.6 398.1 400.3 404.9 410.3 413.1 419 426.4
393 371.2 353 337 342.9 340.2 324.6 304.7 267.2 231.1 201.4 166.2 140.9 123.7 108.8 96.7 89.4 87.5 87.1 87.2 84.7 83.5 80.4 80 78.7 79.2 77.6 79.3 86.8 100.9 102.8 109.2 111.4 118.1 131.1 142.8 155.4 159.3 149.9 145.8 142.9 137.2 134.4 160.2 177.2 205 242.9 280.8 276.4 280 285.6 300.4 319.8 330.6 363.8 388.3 405.2 395.9 384.3 373.9 336.7 283.7 255.8 235.9 232.9 232 243.6 266.3 305 330.3 344.2 361.5 378.7 389.9 394.8 401.8 408.6 414.2 418.1
405.9 383.5 365.7 356.2 349.4 340.6 318.3 291.4 256.6 220.3 194.2 170.8 146.6 119 105 93.9 90.1 88.2 87.3 86.2 85.7 79.2 78.8 78.7 78.9 78.6 78.3 80.6 85.3 95.7 98.2 101.4 105 117.7 134.6 151 164 158.9 152.7 142.6 137.1 149.7 147.5 176.7 193.7 222.1 274.6 321.6 314.5 307.6 300.9 309 311.4 329.1 348.3 374.3 398.8 409.5 394.3 390.3 376.9 331.7 281.8 248.5 233.7 232.5 236.8 258.8 292.3 309.7 324.2 343.6 360.8 373.9 391.1 399.5 406.9 414.5 422.1
431.3 404.7 386.1 375.7 357.2 335.8 311.9 288.5 252.7 215.1 189.2 167.7 148.2 122.8 108.4 93.6 91.1 88.4 87.1 86.1 85.6 80 78.8 78.5 78.3 78.9 78.7 81.9 87 91.9 93.8 101 106.9 122.8 139.8 150.8 154.2 153.5 153 154 157.2 165.5 167.5 188 211.1 243.7 295.2 322.3 309.1 311.4 308 307.2 310.5 341.1 365.8 366.4 392.3 398.3 396.1 396.5 381.4 356.6 309.4 264.4 238.8 233 236 251.4 279.2 295.3 311 327.8 348.8 365.7 381.1 396.3 406.1 413.2 421.7
452.7 420.4 403.7 391.6 360.2 334.5 310 281.5 252.3 238.6 194.5 165 143.8 129.3 122.5 104.8 102.4 95 88.6 87.6 81.6 82.6 84 81.6 79.5 78.8 79.8 83.4 87.4 90.1 98.8 104.7 118.9 143.4 147.6 159.4 166.6 174 187.2 189.4 189.6 185.4 189.1 202.3 223.6 263.1 300.5 308.2 305 304.5 305.3 308.3 328.1 358.3 381.4 378.9 376.2 382.3 389.6 386.5 370.7 353.9 317.1 283 250.6 234 236 247.6 267 282.5 301.1 324.8 342.4 358 374.7 393.4 406.8 414 421.1
496.9 450.1 449.2 428.6 378.2 351.1 314.9 290 264.4 235.6 205.5 175.6 157.6 138.9 127.2 123.6 129.8 120.6 105.1 93.6 86 85.3 95 92.7 81.2 77.7 82.7 83.8 90.7 100.3 101.7 119.6 140.9 146.1 155 172.4 191 206.3 218 224.4 224.1 212.8 217.2 218.7 239 270.9 302.6 304.1 304 308.2 310.5 320.4 350.1 379.8 387.8 382.1 376.2 372.8 375.7 375.3 362.8 344.1 318.9 287.4 258.6 235.3 235.3 244.9 260.2 278.8 294 309.5 328.6 354.3 373.9 394.5 410.5 416.3 421.4
503.3 476.5 471.5 449.1 405.3 377 373.7 316.4 287.6 255.7 223.4 196.8 176.7 159.8 154.5 138.3 144.8 137 122 102.6 89.4 86.6 99.5 99.6 80.8 77.6 83.9 88.6 103.5 98.5 97.1 118.7 133.1 150.5 173.8 192 209.4 228 254.4 271.7 253.8 246.5 246.5 239.1 257 277.9 301.6 312.9 318.4 319.7 320.4 343.1 376.8 391.7 389.2 385.7 378.4 369.8 370.5 365.9 358.5 344.5 317.4 281.9 254.6 237.8 234.3 243 254 266.2 283.5 302 328.1 356.5 380.7 398.8 419.3 418.6 422
503 480.6 467.4 452.8 430.7 406.4 387.1 349.6 311 277.4 248.3 224 224.4 220.4 193 167.1 145.1 138.8 121.3 104.5 89.5 85.7 94.3 91.5 78.2 79.6 83 84.5 87.5 88.6 98.3 116 138.9 166.5 192.5 211.6 231.1 255.7 281 309.9 279.8 268.2 265.3 262.9 268.1 289.3 313.2 327.3 345.8 356.7 341.1 365.2 379 388.2 388.5 391.3 383.3 370.4 367.1 362.7 355.6 335.7 311.3 283.6 256.8 236.9 234.7 239.1 245.1 256.2 272.5 300.8 323.4 355.1 388.1 400.2 414.9 416.7 421.9
496.8 474.6 461.1 449.5 443.9 426.7 416.4 403.2 362.7 326 279 248.7 234.3 215.3 196.6 176.5 155.1 130.9 115.5 99.4 88.8 85.3 88.1 82.9 78.5 80.8 83.5 84.2 88.5 95.1 103.2 121.2 153.4 182.6 209.8 234.2 258.8 283.3 308.9 318 290.4 291.7 283.8 287.9 283.9 306.1 330.7 337.9 361.1 375.3 363.9 373.7 383.1 383.7 392 389.1 386.1 374.9 363.4 358.8 347.8 332.4 308.4 282.5 258 242 235 236.2 241.5 249 265.7 286.3 314.7 344.7 367.8 387.2 400.1 412.4 419.7
490.4 467.6 454.7 442.6 435.1 425.4 418.3 415.7 405.8 360.4 313.8 265.1 232.3 222.5 219.5 178.3 156.4 127.8 108.6 93.2 87.3 85.7 80.4 77.9 81.5 84.5 85.3 92.4 98.2 109.2 130.2 150 173.5 205.8 239.9 274.2 297.3 317.4 337.6 339.2 308.3 305.5 292.6 289.9 312.3 320 337.6 340.7 367.9 384.2 380.4 382.4 385.3 396.8 393.3 388.9 379.1 373.2 363.1 354.9 340.7 322.2 302 274.4 255.8 239.9 235.6 235.6 237 244.5 260.8 277.8 300.6 327.1 352.5 372.9 392.2 406.9 416
488.9 469.5 449 437.2 428.4 417.8 410.1 406.5 394.6 350.4 305.9 268.8 238.7 221.1 193.6 169.5 146.1 124.9 102.1 90.2 87.4 82.3 80.2 78.6 85.5 89.2 93.9 114.4 111 120.6 146.3 173.7 204.6 235.8 266.9 313.8 339 360.4 351.3 338.6 325.7 313.3 302.1 296.5 307.9 340.3 352.4 370 372.8 377.7 389.2 378.4 396.5 394.2 395.7 389.3 381 371.4 361.4 356.7 347.9 330.3 301.5 276.2 262.4 242.8 235.7 236.5 236.9 251.9 260.5 275.7 293.1 313.3 335 362.1 384.1 402.5 411.6
487.6 470.6 456.3 437.1 443.8 428.3 404 388.1 359.8 320.4 285.9 255.8 230.3 208.2 183.9 160.6 140.8 114.1 99.7 91.7 86.9 82.2 79.9 85 89.7 96.1 92 109.4 114.5 130.1 166 192.5 231 263.7 295.4 338 356.3 375.5 349.6 330.4 321.5 326.9 319.9 303.2 308.4 358.2 351.2 368.2 382.5 381.5 385.5 384 384.6 395.3 400.7 394.4 384.1 371 362 354.6 354.8 334.1 306.3 282.1 265.4 243.6 237.3 237.3 237.7 249.9 257.2 266.6 279.6 300.8 327.9 355.1 379.1 396.8 406
489.6 468.6 455.4 445.5 435.4 424.3 400 373 335.9 304.9 275.1 245.6 215.6 192.4 166.3 149.7 134.4 118.7 104 95.4 87.3 82.8 78.1 83.3 95.1 102.9 109.3 115.3 119.2 141.7 181.2 213.4 251.9 290.2 322.5 349.7 380.3 376.7 363.8 324.5 324 354.3 342.3 311.6 308.9 349.2 350.4 362.8 382.6 388.2 396.1 388.4 385 388.3 393.3 388.3 385.1 374.5 362.7 351.1 352.6 338.4 325.3 300.2 273.9 249.7 240.3 239.2 238.1 239.6 247.2 256.9 273.2 293.4 317.3 342.4 367.7 387.6 400
515.7 481.1 461.7 440.9 432.8 417.4 413.6 396.3 362.1 326.3 291 259.9 230.7 202.8 179.5 154 138.4 122.1 106 95.9 89.7 81.1 78.5 83 91.9 105.1 108.8 107.1 145.2 151.1 184.8 225.3 267.1 307.2 331.3 349.1 377.7 382.3 352.7 326.2 341.8 345.3 348.9 333 316.6 329.5 342.3 366.3 381.3 380.5 402.2 404.6 386.2 389.1 387.6 385.9 380.5 376.1 361.7 350.7 347.2 343.9 334.8 313.9 289 259.5 250.1 241 238.9 239.7 242.4 251.2 263.9 283.3 309.2 335.5 358.2 376.2 392.3
522.2 507.4 478.4 453.8 437.8 433.3 440.1 437.5 412.2 353.6 304.3 268.5 236.1 204.7 186.9 164.2 146.9 131.7 115.6 103.7 95 83.4 78.8 77.8 84.2 91 103.3 107.4 136.2 149.8 180 222.6 266.8 304 333.2 347.8 363.8 365.3 346.9 325.8 334.9 341.6 344.5 337.5 320.4 325.8 337.5 354.7 366.3 375 381.1 392.7 390.2 396.3 386.8 385.2 376.5 375.5 360.6 351.9 343.8 339.1 336 326.4 305.3 278.8 252.4 244.5 240.1 239.8 240.5 248.1 259.9 278.9 304.5 328.7 351 370 369
532.9 504.5 476.1 463 446.1 444.7 455.7 462.3 446.8 421.2 354.6 286.3 244.9 209 183.4 162.4 145.4 132.9 123.9 110.1 100.6 91.5 87.4 85.4 80.8 78.8 85.3 98.6 120.3 142.4 174 212 247.1 293.7 314.4 338.5 356.1 354.9 340.7 322.5 332.9 346.4 348 352.4 327.2 334.2 345.9 358.1 371.1 383.6 387.3 395.5 395 389.5 388.6 383.2 377.8 371.9 358.6 350.6 342.1 333.7 328.5 320.4 303.8 278.7 253.9 250.3 247.6 241.8 241.2 249.6 258.4 275 298.1 325.2 345.9 341 348.1
