GeneralExemplars/GeoExemplars/data/LakeDistrict/terrain-50-dtm_3563996/ny/NY22.asc
ncols 200
nrows 200
xllcorner 320000
yllcorner 520000
cellsize 50
[rows 36 to 71 of 200, columns 81 to 161 of 200]
328.7 350.2 369.9 382.7 397.7 416.2 436.8 456.3 476.6 494.8 518.8 544.3 569.3 589.8 607.4 621.8 617 625.9 625.1 629 649.3 676.1 696.6 712 722 729.7 734.3 737.8 740 736.9 723.1 711.4 717 724.5 728 733.8 741.3 750.7 759.9 768.9 779.1 789.3 793.2 788.8 782.7 786.1 800.7 810.1 807.6 803.5 798.9 792.4 784.7 778.5 770.8 762.5 753.8 745.1 735.5 725.3 712.8 700.1 683.7 665.7 652.7 641.4 630.2 617.7 604.9 590.3 570.9 560 564.3 560.1 556.2 548.6 540.3 532.2 523.5 518.8 510.5
309.8 332.6 348.8 361.5 376.1 393 416.4 436.9 453.2 472.8 497.7 526 547.2 564.3 585.9 595 585.3 591.3 587.7 602.3 629.5 658.6 682.7 703.6 718.1 728.9 736 741.1 744.3 742.5 722.1 696.2 690.6 694.2 700.6 707.2 714.3 722.3 729.7 739.2 751.2 761.8 765.4 761.9 750.5 757.1 780.9 802.2 805.2 803.5 801.9 798.3 792.6 785.7 778.2 769.6 760.5 749.6 738.5 726.4 713.4 697.9 679.5 661.6 647.6 635.5 622.9 609.8 596.2 582.3 571.1 556.5 548 545.5 541.2 536.3 530.7 524.8 519.6 512.3 506.7
292 311.6 323.7 338.7 358.1 376.3 394.2 414.3 432.8 455.4 479.5 501.5 521 540 562.6 566 550.7 554.3 555.4 583 610.7 640.3 667.4 690.6 709.7 724.4 733.3 739.7 745 740 709.3 676.5 660.5 661.8 671.6 678.7 685.4 691.8 697.7 708.5 725.8 733.5 734.9 727.8 717.5 734.3 760.7 791.2 803.3 805.2 805.2 803.5 800.2 794 786.7 777.5 766.7 754.6 741.8 727.7 712.7 695.1 675.4 657.6 642 627.4 612.8 599.9 588.4 575.5 563.9 552.7 549.2 540.1 536.4 528.9 526 520.9 515.8 514.9 509.7
274.9 289.4 304.1 322.1 341.2 357.3 374 393 411.4 436 453.6 473.7 493.6 514.5 531.5 533.5 515.4 520.5 536.1 564.4 595.1 622.7 649.3 675.8 699.2 718.5 728.4 735.7 739.3 722.1 693.1 661.3 634.5 629 640.6 648.7 654.2 659.5 663.5 678.9 697.7 703 706 695.5 690.5 713.3 740.3 774.2 798 806 809.3 811.1 809.8 805 796.9 784.4 771.7 757.6 743.2 727.9 712.3 692.7 671.2 653.4 636.5 619.2 604.6 592.1 580.9 569.5 567.8 564.6 561.2 554.8 547.4 540.9 536.1 532 526.8 521.2 514.4
253.1 268.5 287.4 305.8 322.9 339.4 353.6 372.1 391.7 408.5 425 446.3 468 487.1 500.6 498.6 485.2 488.4 515.8 544.3 572.3 608.8 638.5 666.3 689.2 706.4 717.8 726.9 728.1 702.3 672.7 643.8 617.3 599.7 609 615.8 620.5 623.5 626 647.1 662.3 667.7 671.6 661.6 669.9 692 725.8 763.4 790.1 805.3 814.9 821.7 822.1 815.8 803.7 790.2 775.6 759 743.6 727.9 710.7 690.3 668.6 649.7 630 612.4 598 594.6 591.5 587.4 583.3 578.5 572.9 566.1 557.9 551.6 546 540.2 532.4 524.7 521
232.6 251.9 271 289 306.2 322.2 334.8 349.2 367.1 382.2 399 417.8 440.6 458 467.7 464.3 455 474 508 542.6 574.7 605.7 633 658.5 679.7 695 706.8 717.1 715.6 686.1 656 626.7 600.4 575.3 579.7 586.3 588.7 589.5 596.7 616 627.1 632.1 637.6 628.6 653.4 687.9 720.5 746.8 778.4 808.6 825 833.9 833.4 823.7 809.8 794.5 778.7 761.3 744.1 727.8 710 688.5 667.3 647.8 629.6 613.8 610 610.1 607.2 603.4 598 592.9 585.5 576.6 567.3 559.5 552.7 545.7 536 528.3 530.2
216.2 238.2 254.6 272.3 287.9 303.2 316.4 330.3 344 356.8 375.7 395.3 411 425.4 432.4 429.3 438.6 470.9 502.4 534.3 567 598.9 626.3 649.8 669.1 684.1 694.9 704.1 704.6 676.2 646.2 614.9 584.8 559.6 550.3 555.6 559.4 557.3 568.2 584.7 592.8 597 600.5 612.2 643.6 675.5 711.7 745.5 778.2 805.3 829.1 845 844.5 833.8 817.2 800.6 783.8 764.1 745.9 727.1 709.3 688.3 664.6 645.3 631.8 628.3 627.1 626.2 623.8 619.4 613.9 607.6 599.5 588.1 576 566.2 557.9 549.1 539.6 540.4 542.7
248.5 240.8 238.9 255.6 269.6 283.8 295.5 310 324.1 336.5 352.8 367.8 383.7 394.7 401.2 402 434.7 462.8 496 529.2 561.5 592.2 617.9 641.4 660 673.3 685.1 693.5 694.4 672.2 642.7 610.5 577.6 546.8 523.3 528.3 530.5 528.8 539.1 552.5 559.6 562.8 579.8 614.4 651.6 684.3 718 744.6 766.3 793.9 823.9 852.9 858.4 846.2 827.7 809.2 790.4 769.1 747.8 729.8 711.6 690.9 670.5 655.7 649.9 646.5 644.9 642.6 639.3 633.4 627.9 620.5 613.3 600.2 582.6 571.7 562.4 552.6 551.4 553.4 556.1
275.5 266.6 263 261.1 260.4 260.8 273.5 289.1 303.5 318.9 334.8 348.9 360 370.4 377.3 400.4 425.6 453 489.6 525.7 556.7 586.5 613.9 635.6 652.6 666.5 675.9 682.3 683.6 665 638.9 606.8 575.4 539.8 506.9 502.2 502.9 503.2 509.1 520.3 527 546.9 583.4 619.4 656.1 688.1 702.3 719.2 746 779.9 810.7 840.8 862.2 853.5 834.9 815.7 797.4 775.4 753.2 735.1 718.6 700.3 683.6 673.6 668.4 665.4 663 658.7 653.9 647.8 641 634.4 623.9 610.1 590 577.4 566.8 561.4 564.2 566.9 569.9
300.1 292.5 286.6 283.5 285.3 288.2 291.6 295.2 297.7 304.5 318 329.2 339.8 351.7 367.8 388.2 413.5 441.6 476.4 515.7 549.7 581.5 611 630.3 647 657.7 665.3 669.5 668.5 651.4 631.6 604.3 573.4 537.7 501.5 478.5 477.5 479.6 483.8 493 512.5 546.6 579.6 611.8 637.3 656.6 670.2 697.3 733.7 761.5 789.3 824.9 842.7 845.4 833.2 821 804.9 781.1 760.9 744.9 727.9 712 699.4 692.9 688.1 684.1 681 676.3 671 665 658 647 631.7 614.7 596.8 586.1 574 573.1 578 582.2 586.2
325.6 321.3 315.4 312.3 313.7 313.5 315.5 317.6 318 315.6 311.9 320.6 329.8 340.2 355.4 377.8 402.6 431.4 463 498.1 535.8 572.2 604.1 621.6 636.8 648.3 653.3 656.8 652.5 637.3 623.5 605.9 577.8 544.2 506.5 471.2 456.5 458.2 466.4 477.3 501.7 529.3 559.7 585.4 609.9 622.6 649.2 684.7 709 739.6 776 795.3 812.4 828.9 828.5 820.9 808.8 788.2 770.6 755.5 740.7 726.4 717.6 713.6 710 705.4 702.3 698.8 692.9 683.3 671.1 655.6 638.4 622.7 609.1 597 585 584.4 592.2 598.6 604.7
349.3 349.6 343.2 342.6 342.1 342.4 343.7 342 340.3 338.8 333.7 331 331.6 333.8 348.9 372 396.8 424.1 456.3 489.4 528.5 564.6 595.2 606.3 622.5 631.7 639.5 644 634.8 621.5 609.3 599.2 584.8 552.8 513.9 474.9 444.4 442 448.8 461.9 483.3 509 536.5 556.9 574.3 602.5 633 660.7 696.3 735.7 748.3 762.6 779.5 801.9 818.2 819.9 810.3 794.4 778.9 763.8 749.9 739.4 733.7 730.7 727.9 725.4 722.1 717.2 711.6 700.6 684.6 665.3 650.6 635.1 620.7 607.5 599.2 595.8 608.3 617.3 622.7
348.8 369.6 368.9 373.4 371.3 369.7 369.1 366.7 364 362.8 359.6 356 350.3 343.7 343.8 363.9 390.8 420.2 450.7 482.1 520.4 555.1 577.5 589.3 604.8 615 626 628.6 616.7 602.7 592.6 582.7 576.9 553.5 516 475.8 441.8 427.7 429.6 446.4 465.9 487.7 511 527.1 553.5 586.9 624.1 659.1 694.6 706.1 714.7 730.9 751.4 778.6 804 816.9 820.3 805.1 784.1 766.7 753.7 744.6 738.6 736.2 734.3 733.5 732.2 729.1 722.5 712.4 697.7 679.1 663.7 648.6 632.6 621.9 616.3 609.9 621.4 631.6 636.1
336.8 368.5 389.6 397.8 398.9 392.3 391.1 390.7 389.9 395.7 398.5 392 379.3 367.8 351.8 361.8 385.3 412.8 440.8 473 511.2 538.3 555.4 568.4 584.5 598.1 610.1 609.8 598.2 583 571.6 562.9 559.7 552.5 517.7 473.1 435 410.8 413.9 428.5 445.6 464.1 482 512.9 546.4 582.2 619.3 654.4 657.9 669 682 701 731.5 770.4 796.4 802.1 803.3 795.2 778.7 763.9 751.7 743.4 738.3 735.7 734.9 735.5 735.6 733.2 727.9 718.6 706.3 692.4 677.3 662.9 649.7 640.4 634.3 626.9 631.8 642.4 646.3
328.9 360.8 393.1 422.6 425.4 418.8 419.7 420.9 424.9 437.5 436.1 420.6 406.2 399.5 375.5 362.1 378.7 399.2 424.9 454.5 487 517.7 535.4 548.8 566.3 580.4 592.1 591 576.9 560.8 547.6 542 543.5 547.8 514.9 473.4 434.3 397.9 397.5 410.2 423.4 442.5 471 500.4 531.2 568.1 599.4 617.9 621.7 634.3 654.5 687.2 724.3 758.6 776.7 782.2 783.3 779.1 766 756 746.5 739.3 734.2 732.3 731.4 732.2 733.5 733.4 729.1 720.1 709.1 698.8 687.9 677.6 667.2 658.7 653.6 644.6 645.6 652.1 653.6
321.2 351.4 378 408.6 431.8 447.7 453.7 462.8 467.7 479.8 465 444 441.2 442.2 405.2 400.3 382.9 389.4 410.8 441 472.7 492.4 511.9 525.5 544.8 560.1 576.1 570.6 555 537.8 523.8 521.6 530.2 541.5 516.2 475.9 436.2 399.6 376.8 387.4 407.5 430 456.3 481.9 511.5 541.7 569.7 582.1 589.5 610.4 644.9 681.4 716.9 744.2 756.3 759.6 762.4 758.2 751 744.6 739 732.7 728.3 726.5 725.2 726.4 727.8 728 724.2 718 709.6 701.2 693.9 686 678.2 670.4 663.5 659.5 658.1 658.4 659.6
314.9 338.9 361.9 387 416.2 449.7 483.2 496.3 488.8 483.2 471.2 454.5 446.9 438.1 431.2 412.5 414.5 390.4 399.1 423.6 450 468.2 488.4 507.5 525.1 548.1 561.6 551.9 534.9 515 500.4 505.2 521.9 538.3 520.6 481.9 444 406.9 371 370.8 390.4 414.1 437.2 462.6 486.8 514 536.2 544.2 576.5 612 651.4 686.3 708.9 725.8 733.3 739.2 741.8 738.3 735.2 732.1 728.4 723.6 718.9 718.1 718.4 720.9 720.5 719.6 716.6 712.2 707.4 701.4 695.3 688.4 682.3 674.2 668.5 664.5 662.6 662.2 663.4
305.3 329.2 352.3 377.4 405.8 434.1 467.2 489.2 490.9 477.1 465.8 453.5 438.2 423.4 411.3 404 406.9 408 404.3 403 425.7 447.4 464.7 484.3 514.6 536.5 540.6 531.3 513.6 491.5 475.5 491.9 512.7 533 526.5 488.1 450.7 412.9 375.6 345.5 372.9 395.2 418.5 441 459.8 483.4 499.6 539.1 577.1 617.4 652.2 674.4 693.7 705.2 713.6 720.5 721.9 721 719 718 713.6 705.7 703.7 710.4 711.8 712.7 711.9 711.2 708.7 705.9 702.8 698.1 693.5 688.3 683.6 676.3 670.6 666.7 663.7 664 665.2
293.4 317.8 340.5 364.4 399 422 445.7 473.5 492.3 474.8 464.2 447.1 426.8 408.6 394.2 387.5 384.2 384.7 390.6 394.7 405.1 427.2 447.9 472.7 495.8 509.3 528.1 510.2 490.9 468.8 455.5 480.1 501.8 524.2 530.8 487.8 451.3 414 375.6 341.1 351.9 378.8 401 418.9 434.9 463.6 504.7 541.6 585.3 620.5 640.2 656.9 674.1 686 695.3 700.9 703.3 703.5 703.6 702.9 691.2 675.5 676.4 696.7 704.5 704.6 703.8 702.8 701.7 700 698 694.7 690.9 686.9 681.6 676.2 671.2 666.6 663.7 663.1 664.5
282.6 303.8 328 353.5 378.3 403.8 435 466.2 473.9 468.6 462.1 443.4 421.4 399.9 378.7 365.3 359.3 359.4 367.4 377.2 390.4 410.9 433.2 456 480.7 497 505.3 493.2 470.3 446 441.9 465.8 488.9 509.4 523.6 490.7 454.4 415.9 377.4 340.8 333.1 362 380.2 389.9 422 456.4 490.1 527.4 567.6 602.7 621.5 638.3 654.9 668.3 676.1 681.6 684.6 686.2 687.4 686.3 668.7 645.9 650 672.6 693.5 696.3 695.4 695.2 696.1 694.4 693 690.9 687.5 683.8 679.7 674.4 668.8 664.2 661 658.8 660.8
263.2 287.2 315.6 336 356.6 384.3 412.7 437.2 448.1 443.6 439.7 433.7 422.4 402.5 375.5 351.6 336.7 336.1 343.6 356.6 376.2 395.3 416 437.5 456.7 476.3 488.1 476.8 451.2 423.2 429.1 450.3 471.3 488 500.3 490.9 459.7 421.7 382.3 344.3 313.5 338.7 351.2 384.1 415.2 445.3 478.7 519.5 554.9 581.3 603.7 621.7 637.5 648.6 657.1 663.5 667.1 668.6 669.6 662.5 642.9 620 625.4 652.3 678.5 684.4 684.3 686.1 687.9 688.5 687.5 685.8 683.4 679.6 675.4 670.9 665.5 660.6 653.9 651.2 655.3
244.1 267.3 293.1 316.8 334 357.2 386.5 410.6 421 416.7 413.7 420.4 423 409 381.2 348.2 325.7 319.2 326.7 338.6 358.1 378.8 397.6 416.1 434.9 453.3 466.8 460 433.6 401.3 413.5 433 450.8 463.6 471.6 473.4 444.6 410.5 377.5 343.5 310.9 313.8 346.9 376.6 406.1 440.3 473.8 505.8 537.4 564.7 586.5 602.8 617.7 629 638.2 645.4 649.4 650.4 650.5 633.7 613.6 593 605.3 633 655.7 663 665.1 671.4 677.4 681 682.1 680.4 678 674.2 670.4 666 661.5 655.1 643 640.1 647.8
227 251.9 276.2 293.1 316 335.7 357.6 377 392.9 390.4 394.6 401.2 412.6 410 381.9 345.8 322.5 307.8 311.2 324.9 340.8 361.4 379 398.4 414 431.6 444.4 439.5 418.5 384.4 394.8 412.5 426.9 437.1 444.3 450.6 444.5 401.3 363.3 329.7 301 307.1 339.9 371.1 405.1 438.4 468.1 492.4 517.8 542.6 564 582.5 596.3 607.6 618.7 625.9 630.3 631.3 623.6 607.2 586.9 563.2 586.2 613.8 629.9 633.5 641 653.5 667.7 675.8 676.9 675.4 672.6 668.8 665 661 655.9 645.4 629.4 625.8 638.5
212.9 233.3 259.2 275.2 292.1 312.5 336.3 350.7 367.6 367.2 378.2 388.8 400.3 405.3 379.6 344.2 321.5 299.3 301.9 312.9 326.8 341.9 360.3 380.2 400.6 418.5 430.4 429.7 405.7 371 373.7 391.5 403.1 412 417 421.4 419.7 388.7 349.9 314.6 282.3 303.6 337 368.5 398.6 428.7 453.2 477 499.5 522.9 545.3 561.8 574.3 588.4 599.6 605.3 610.9 607.7 587.8 574.6 554 539.1 568.2 595.2 600.1 603.4 615.1 639.1 660.4 669.5 671.4 669.7 666.4 662.4 658.9 654.9 648 632.4 615.4 614.3 629
202.8 220.5 240.8 260 274.2 295.3 314.9 330.5 341.1 344.1 353.8 363.6 374 374.4 369.6 339.8 317.3 291.8 292 299.1 313.1 329.5 345.7 369.7 388.4 402.1 416.2 417.6 393.7 360.1 353.1 366.9 376.1 383.1 388.5 390.6 385.8 374.8 343.8 304.3 270.6 300.4 332.9 363.2 389.1 413.6 437.6 461.2 482.8 503.5 522.3 537.3 551.5 565 574.9 583.6 587.5 584.2 556.3 538.5 522.9 522.6 553.1 571.3 568.7 572.7 599.9 629.6 651.9 662.4 662.9 661.2 657.7 654.1 651 646.3 638.9 619.8 602.6 604.5 622.6
192.8 210.8 232 252.2 268.4 282.7 294.2 305.9 311.9 315 324.1 336.4 345.5 350 350.5 330.7 311.8 284.6 279.6 287.7 300.7 320.3 339.1 362.1 378.5 394.8 408.9 413.6 386 348.9 326.5 336 344.1 350.4 358.6 360 356.6 345.8 328.5 298 261.4 289.5 322 351.8 376.6 399 422.1 444.7 465.9 484.4 499.3 512.4 526 538.8 549 558.9 563.8 564.3 534.9 507.5 493.2 508.1 541.8 539.4 537.6 555.6 586.7 618.9 642.5 649.7 652.1 649.6 646.9 644.4 641.3 636.3 627.2 606.6 591 597.2 619.2
181.9 200.5 226.1 244.1 260.8 270.4 272.6 276.2 279.3 281.5 290.1 304.8 316.2 321.1 321.3 321.4 308 283 268.3 276.5 288.6 307.8 326.7 349.5 368.6 384.5 392.8 400.1 396.2 362.2 309.9 300.4 308.7 316.7 325.4 329.4 328.1 320.6 306 282.7 246.9 276.1 313.4 343.9 364.7 385.4 406.7 427 445.6 464.1 477.2 489.7 502.4 513.7 524.1 533.6 539.5 540.5 517.4 484.2 458.8 493.7 514.1 506.3 514.3 546.6 579.8 608 628.4 634.5 636 634.9 633.7 632.8 629.7 624.7 614.3 592.9 576 594.7 614.4
166.7 181.3 205.3 227.3 236.6 238.2 235.2 239.7 242.6 248.9 259.4 273.6 287.1 294.9 299.9 306.4 301.9 281.3 260.5 265.5 276.4 299.4 317.7 335.9 353.6 366.8 376.4 376.7 376.8 368.1 335 281.1 274.2 280.1 289.7 296.6 298.4 294.1 284.8 268.7 235.7 267.6 302.7 332 353.1 371.6 390.3 410.5 425.8 440.4 456.2 467.3 478.2 488.2 498 507.7 513.2 514.6 498.2 464.5 442.1 475.7 479.7 470.4 504.3 534.8 565 597.7 609.8 615.1 616 615.2 614.8 614.9 613.4 609.4 600.8 580.5 566.9 587.5 604.9
145 158.6 173.7 185.5 193.4 196.4 203.2 212.1 220.3 225.9 234.5 247.7 262.5 270.3 276.2 283.8 283.4 274.6 251.8 254.5 262.2 283.1 305.1 320.4 336 355.3 358.5 358.3 359 356.3 348.9 310.3 260.3 246.3 252.8 260.5 266.3 266.7 261.7 246.8 223.5 263.4 295.6 321.3 341.2 359.6 378 395.9 410.9 424.3 435.3 445.2 455.5 465.6 473 481.4 485.9 488.1 478.4 440.9 422.3 450.9 444.1 464 497.7 533.5 563.8 579.5 586.6 591.7 591.2 590.7 590.5 592.5 594 594.3 587.7 566 554.6 574.3 590.4
126 135.5 149.1 162.5 166.1 169.7 177.9 187.7 199 209.2 216.8 228.1 240.5 247.6 252.4 256.5 256.7 247.2 238.9 248.6 251.4 267.2 287 305.5 325.4 337.4 336.2 338.9 335.3 339 329.1 314.8 287.8 252.6 221 230.5 236.3 239.9 235.5 220.8 232.3 265.8 293.6 316.5 332.8 348.1 363.1 377.6 393.3 405.8 415.9 424.5 431.9 441.2 448 454.5 458.7 460.6 458.7 426.9 400.1 413.8 426.1 465.3 499.2 524.2 543.9 555.4 560.4 562.1 563 565.5 567.9 571.2 574.1 576.7 574.1 555 537 557.7 573.3
101.6 112.4 123.3 130.3 137.9 147.1 158.2 169.6 180.1 189.5 199.6 210.9 220 225.5 225.8 223.6 220.3 211.3 233.8 239.9 241.1 252.7 273.8 295.3 311.5 315.5 319 314.5 315.9 310 303.2 288.9 275.4 254.7 222.4 208.8 216 219.1 212.6 202.4 234.2 265.2 292.5 309.8 322.9 335.5 347.3 357.8 370.7 382.9 395.8 404.7 410 414.8 422.2 428.8 432.2 432.6 432.5 417.3 374.9 390.6 427.5 454.3 479.3 505.7 523.8 531.2 537 537.1 537.5 539 542.6 549.1 554.8 557.8 556.9 547.1 518.4 540.3 553.9
83.8 89.8 96.8 106.1 112 121.1 132.5 147.3 162.8 173.6 184.3 197.4 204.6 200.8 197.2 194 191 209 221.2 225.3 229.3 240.4 262.9 281.3 288 293.9 300.7 297 290.7 284.5 276.8 263.9 252.9 234.1 209.1 194.4 198.1 198.9 190.2 212.7 238.9 265.7 287.6 301.9 311 318 328.9 339.6 355.6 368.5 378.5 384.8 388.6 390.1 391.6 401.1 405.2 406.9 405.6 390.5 360.8 374.6 400.3 428.1 463 490.7 507.1 511.9 512.2 510.7 509.7 511.9 518.2 526.5 535.3 539.3 541.1 537.4 503.3 520.3 530.8
72.5 76.3 83.3 89.6 95.4 101.6 109.3 123.4 142.2 156.9 165.1 175.6 180.5 173 172.3 170.7 187.1 202.5 205.4 212.6 218.4 230.6 251.7 263.3 266.9 272 273.4 269.7 263.6 257.2 249.4 243.5 226.4 205.8 188.6 181.8 180.4 177.2 200.5 222.6 247.5 266.6 279.8 289.3 297 305.3 316.1 328.8 347 359.7 365.9 370.6 371.8 370.7 370.8 371.1 377.4 381.8 383.6 378.7 342.8 354.3 391 425.5 452.6 478 485.8 486.7 482.4 480.6 480.9 486.2 495.9 506.5 516.2 522.4 525.2 522.3 507.6 492.9 503.9
70.9 72.1 77.5 80.8 84.3 88 92.7 101.3 117.2 129.5 139.1 145.7 144.5 146.5 149.8 160.2 179.5 186.1 192.6 200.7 205.6 228.2 235.6 241.2 243 245.6 244.2 241.2 238 229.1 225.1 214.5 198.1 182.9 175.3 164.8 179.3 198.9 218.3 236.2 252.5 262.3 272.6 280.5 286.1 290 308.1 325.1 340.5 349.4 355.2 355 352.8 351.6 351.4 352.3 351.2 351.3 353.2 345.7 318.5 343.8 379.1 415.7 446.4 458.6 463.6 460.3 453.5 451.2 450.3 457.9 472.9 489.4 502 507.1 509.9 510 502.4 462.2 473.2
70.7 71.9 73.5 76 77.8 80.6 83.8 87.8 92.7 100.2 110.8 116.8 119.8 123.2 132.6 147.3 160.7 174.3 179.4 185.7 188.8 200.9 210.3 213.1 217.1 219.4 217.4 212.3 208 204.7 202.7 199.1 185 169 154 175.3 193.2 213 226.8 236.6 245 253.8 263.3 270 271.9 292.6 309.6 319.2 330.6 339.8 342.3 340.9 329.4 331.3 331.4 333.5 332.6 327.1 322.6 314.8 301.5 340.7 375.9 405.8 429 440.6 446.3 441.1 428.3 423.2 418.7 434.8 457.3 473.8 486 492.8 495.6 496 491.4 466 440
70.5 71.1 71.1 72.3 74.2 75.9 77.6 79.4 82.3 85.2 90.8 97.2 103.5 109.1 117.7 127.8 142.4 155.3 163 159.9 166.3 175.6 181.6 185.9 190 190.9 188.5 182.4 183.6 187.3 185 181.5 168.5 149 165.3 180 196.1 209.7 218.9 227.8 235.7 243.7 245.7 257.5 273.9 290.6 301.6 310 319.9 328.6 330 326.6 304.8 306.6 309.6 310.8 306.3 299.8 293.8 275.2 299.8 332.4 366.5 395.9 411.8 422.8 426.4 418.9 402.3 395.8 399.8 426.8 446.1 460.2 470.4 476.6 480.1 480.8 476.3 465.5 427.9
