GeneralExemplars/GeoExemplars/data/LakeDistrict/terrain-50-dtm_3563996/ny/NY22.asc
ncols 200
nrows 200
xllcorner 320000
yllcorner 520000
cellsize 50
[rows 144 to 179 of 200, columns 81 to 161 of 200]
93.8 93.8 96.8 103.5 115.7 127.5 154.4 189.1 203.2 176.1 151.9 140.8 132.6 128.4 116.6 98.5 86.8 81.7 81.5 81.8 81.6 81.3 81.7 91.8 104.8 110.4 97 84.5 77.1 74.3 74.3 74.3 74.3 74.3 74.3 74.3 74.3 76.7 77.3 76.7 77.5 77.6 74.3 74.3 74.3 74.3 74.3 77.5 84.6 85.8 82.8 79.5 80.4 86.3 90.8 97 108.1 116.5 128.5 132.8 128.8 113.9 100.2 101.3 103.6 105.4 107 109.8 116.3 125 131.3 132 141.2 151.9 158 161.9 169.4 176.3 183.8 189.7 193.7
99.9 103.2 112.1 121.2 128.5 145 171.2 196.2 199.5 176.6 152.8 144.7 141.6 130.6 118.7 106.2 99.6 90.9 87.4 87.6 88.6 90 96.2 106.1 113.7 107.5 93.3 82.8 74.6 74.3 74.3 74.3 74.3 74.3 74.3 74.3 74.3 74.3 74.3 74.2 75.2 77.3 74.3 74.3 74.3 74.3 74.3 80.7 87.1 90.6 87.1 81.5 79.4 82.4 88 94 105.7 121 144 144.4 130.7 114.5 101.2 102.4 104.6 106.7 108.5 110.7 115.9 122.2 129.7 136.1 143.9 155.7 163 165.6 173.4 180.9 187.2 193.1 199
101.3 119.9 132.6 145.1 147.7 166.9 186 195.9 192.9 171.6 151 146.8 142.8 130.7 120 110.3 104.7 96.2 91.8 94.5 102.3 110 110.3 109.8 112.5 98.7 88 77 74.3 74.3 74.3 74.3 74.3 74.3 74.3 74.3 74.3 74.3 74.3 74.3 74.3 74.3 74.3 74.3 74.3 74.3 74.3 81.3 86.1 91.2 90.8 85.9 80.2 80.7 83.5 88.2 98.6 122 158.3 141 123.7 110.8 102.4 102.3 105.2 107.3 110 112.4 115.1 119.3 126.4 133.7 141.8 151.9 162.3 168 177.7 186.2 193.7 197.3 202.2
117.3 139.1 153.3 169.7 172.8 189.7 204 197.9 185.4 167.8 147.7 142.8 138.1 127.1 119.1 117 111.3 101.4 94.8 105.9 115.6 116.4 115 112.3 103.8 92.5 81.7 73.8 74.3 74.3 74.3 74.3 74.3 74.3 74.3 74.3 74.3 74.3 74.3 74.3 74.3 74.3 74.3 74.3 74.3 74.3 74.3 82 84.6 86.1 88.9 86.2 81.3 81 84.6 85.7 88.3 113.5 135.2 122.8 114.2 107.5 101.8 103.2 105.4 106.4 112.7 115.4 116.7 119.1 122.1 124.2 137.1 146.8 156.7 166.5 179.6 188.6 194.3 199.4 203.8
130.9 151.7 170.1 184.5 194.6 204.5 214.7 203.9 185 167 148.8 133.8 126.5 122.3 121.5 119.5 116.9 106.3 99.5 112 117.8 120.7 116.7 106 95.3 86.5 78.3 73.7 74.3 74.3 74.3 74.3 74.3 74.3 74.3 74.3 74.3 74.3 74.3 74.3 74.3 74.3 74.3 74.3 74.3 74.3 74.3 83.2 86.8 83 82.4 83.7 81.5 82.2 86.9 89 86 93.3 107.8 109.7 106 103.8 101.8 102.5 105.1 108 114.1 117.7 119.2 123.5 127.4 128.8 130.9 136.6 149.5 161.6 175.8 183.5 190.8 195.1 200.7
132.1 157 175.7 190 213.1 225 223 208.5 194.6 173.2 153.4 134.6 123.4 122.3 125.1 120.3 117.7 108.4 101.9 111.6 115.5 120.7 115.1 102.9 91.3 84.5 79 75 74.3 74.3 74.3 74.3 74.3 74.3 74.3 74.3 74.3 74.3 74.3 74.3 74.3 74.3 74.3 74.3 74.3 74.3 75.2 83.8 88.7 84.3 79.7 80.3 80.3 82.3 86.7 91 88.9 84.7 91.4 97.7 99.4 100 100.5 97.5 105 107.4 112.2 118.2 121.7 125 130.3 132.2 136.1 141.2 144.3 149.8 166.8 176.3 184.2 191 197.8
126.8 154 174.2 199 222.5 239.1 232 217.4 204.3 183.8 162.6 146.6 129.8 118.2 119.1 117.8 116.3 110.5 103.6 108.4 111.5 112.2 106.5 96.4 88.6 81.9 77.8 77.2 74.5 74.3 74.3 74.3 74.3 74.3 74.3 74.3 74.3 74.3 74.3 74.3 77.4 78 74.3 74.3 74.3 74.3 74 83.9 90 87.3 79 78.9 79 81.2 84.3 88.6 89 82.7 83.7 87.6 93.8 96 94.4 99.9 106 111.8 114.6 118.5 123.9 127.1 131.1 135.4 139.9 146 155.1 159.7 159 171.5 182.4 190.9 199.4
119.7 145.4 170.6 199.1 221.8 238.9 234.9 220.1 206.5 185 166.9 151.5 136.1 121 110.3 108.4 106.3 102.2 101.4 106.8 105.5 99 93.4 88.4 82.3 79 81.4 78.5 74.3 74.3 74.3 74.3 74.3 74.3 74.3 74.3 74.3 74.3 74.3 74.3 79.8 82.5 78.5 74.3 74.3 74.3 75.1 85.6 90.3 88.1 81 78.4 78.1 78.7 83.1 85.3 84.6 81.9 83.6 85.8 89.4 91.1 97.9 98.4 102.6 109.3 114.3 118.1 123 128 133.8 138.9 144.3 150.6 158.7 169 175 176.9 180 188 199.8
111.5 134.3 158.6 186.5 212.1 221.4 221.9 208.5 193.9 178.3 162.1 147.8 133.9 122.8 113.8 104 97.7 96.3 97.1 101.6 98.6 89.6 87.1 82.8 80.8 82.4 84.6 80.4 75.1 74.3 74.3 74.3 74.3 74.3 74.3 74.3 74.3 74.3 74.3 74.3 79.2 85.3 80.2 74.3 74.3 74.3 78 84.6 87.4 87.4 80.9 78.4 78.2 77.4 80.4 84.7 84.5 81.9 83.1 85.2 87.6 91.8 96 97 98.6 105.3 112.5 117 122.4 126.3 132 139.7 146.2 151.4 159 168.5 178.8 186.9 192.5 194.2 197.1
105.7 124 145.1 170.1 191.6 202.4 199.9 189.6 176 166.8 153.4 143.2 133.5 122.4 112.3 106.8 97.6 90.9 90.8 89.6 86.9 83.9 83.8 84.5 84.3 84.9 86.7 85.5 79.8 74.3 74.3 74.3 74.3 74.3 74.3 74.3 74.3 74.3 74.3 74.3 74.5 81.8 79.3 74.3 74.3 74.3 79.6 81.1 84.3 84.5 81.7 78.2 78.5 77.3 78.3 83 83.8 81.5 82.8 83.9 86 87.8 91.1 96.4 97.4 103.2 108.9 114.6 121.3 126.8 131.3 137.2 143.1 148.8 158.6 167.8 177 185.1 191.3 197.9 202.5
97.2 113.8 132.4 154.9 174.7 184.2 180.7 174.2 163.1 152.5 143.9 139.9 130.4 117.9 112.1 107.6 103.3 92.1 88.1 86.1 85.1 83.8 84 87.3 87.8 88 91 91.6 84.6 74.3 74.3 74.3 74.3 74.3 74.3 74.3 74.3 74.3 74.3 74.3 74.3 76.8 74.3 74.3 74.3 74.3 80.5 74.3 76.9 82.4 82 78 78.2 77.4 76.4 79.8 80.6 79 80.4 81.7 84.1 87.1 89.6 94 96.4 100.6 105.6 112.6 118.6 124.1 131.3 136.1 141.1 146.8 155.2 163.1 174.1 183.8 191 198.1 205.4
89.5 105.9 122.8 144.5 165 175.8 174.2 166.1 153.4 142.5 137.1 135.5 126.8 116 111.5 108.5 102.6 95.9 91.6 89.4 87 85.7 85.5 88.9 91.8 92.4 93.7 92.2 86.3 76.9 74.3 74.3 74.3 74.3 74.3 74.3 74.3 74.3 74.3 74.3 74.3 74.3 74.3 74.3 74.3 74.3 74.3 74.3 75.7 79.4 79.6 76.9 77.2 76.2 77.5 78.7 79.2 79.7 81.3 82.1 85 88.3 90.8 92.7 97.2 101.6 105.8 111.8 118.1 123 128.8 134.2 139.4 145 152.1 159.9 166.7 176.9 191.1 201.8 209.1
89.8 99.3 114.1 134.4 157.8 173.9 170.2 159.8 148.6 136.7 133.1 130.4 123.5 118.6 114.2 110.6 104.5 97.7 94.5 92.5 90.7 88.9 87.6 90.3 96.1 93.2 93 90.4 85.1 75.1 74.3 74.3 74.3 74.3 74.3 74.3 74.3 74.3 74.3 74.3 74.3 74.3 74.3 74.3 74.3 74.3 74.3 74.3 74.3 76.6 75.6 74.7 75.3 77.5 77.8 78.7 78.5 78.7 78.8 80.7 86.2 88.7 91.8 95.2 98.5 102.4 106.5 110.6 116.4 121.7 126.4 132.9 137.8 143.6 150.6 157.8 164.3 172.3 185.6 196.5 205
91.4 96.4 106.6 126.4 154.6 176.6 167.1 153.7 141.1 133.9 127.3 120.7 121.2 120.8 116.4 113.1 108.9 100.9 99 99 94.9 92 90.7 94.4 99.3 91.9 90.8 88.1 83.1 74.3 74.3 74.3 74.3 74.3 74.3 74.3 74.3 74.3 74.3 74.3 74.3 74.3 74.3 74.3 74.3 74.3 74.3 74.3 74.3 74.3 73.8 73.7 75.4 77.1 76.9 76.9 77.1 77.3 77.7 78.8 86 87.7 92 96.7 99.7 102.3 105.1 109.3 114.6 119.7 124.9 130.9 136 141.9 147.5 154.6 161 170.7 181.3 190.8 202.4
91.1 96.1 101.9 119.7 148.5 181.9 168.1 152.5 138.2 130.9 123.5 118 118.9 121.2 120.9 117.7 113.9 105.7 101.6 103.5 100.7 94.1 92.9 96.8 95.3 90.1 89.4 86.2 82 74.3 74.3 74.3 74.3 74.3 74.3 74.3 74.3 74.3 74.3 74.3 74.3 74.3 74.3 74.3 74.3 74.3 74.3 74.3 74.3 74.3 74.3 74 75.9 76.8 76.6 76.5 76.7 77 77.3 77.9 83.2 86.3 90.3 95.7 100.1 103.1 105.3 109.5 113.7 118.4 123.5 129.2 134.4 140.1 147.1 152.8 160.4 170.9 184 195.5 210.4
90 95.9 100.9 112.1 141.8 177.9 165.9 146.7 134.1 124.9 118.4 115.2 117.5 121.4 124.1 118.4 111 103.3 103 104.1 103.6 95.6 92.4 91.8 88.8 87 87.5 84.1 80.7 74.3 74.3 74.3 74.3 74.3 74.3 74.3 74.3 74.3 74.3 74.3 74.3 74.3 74.3 74.3 74.3 74.3 74.3 74.3 74.3 74.3 74.3 74.3 76.4 76.9 76.8 76.9 77.5 77.3 77.5 78.4 81.3 85.3 90.5 95.1 99.5 103.9 106.5 109.7 114.7 118.7 123.2 129.1 133.8 140.1 147.3 154.6 164 175.7 187.7 202.7 218.8
89.5 94.6 98.3 108.6 127.8 158.8 154.2 139.2 127.3 118.7 113.5 113.9 116.4 120.8 123.2 114.4 104.9 102.4 102 101.9 101.8 95.9 91.7 88.4 86.1 87.1 87.9 86.4 77.2 74.3 74.3 74.3 74.3 74.3 74.3 74.3 74.3 74.3 74.3 74.3 74.3 74.3 74.3 74.3 74.3 74.3 74.3 74.3 74.3 80.2 76.8 74.3 74.3 76.1 77.1 79 82 80.9 79.1 78.4 80.8 86.1 93.4 95.5 99.3 105.2 109 109.5 115 119.4 123.2 127 133 141 149.6 161.2 172.9 184.2 198.6 214.6 228.3
85.4 93.6 97.4 105.9 120.1 136 137.2 127.2 119.4 113.3 111.3 112.5 114.8 117.8 116.5 107.8 101.8 100.9 101.5 99 96.5 92.3 91.1 89.5 85.8 87.5 89.5 85.5 74.3 74.3 74.3 74.3 74.3 74.3 74.3 74.3 74.3 74.3 74.3 74.3 74.3 74.3 74.3 74.3 74.3 74.3 74.3 74.3 76.4 82.2 81.4 74.3 74.3 74.3 77.4 81.4 86.4 85.4 81.6 79.3 83.6 86.3 92.7 96.7 99.8 105.2 110.5 110.1 114.6 119.5 122.4 125.9 132.9 142.9 156.4 171.6 185.7 196.6 211 227 239.8
85.1 91.9 96.2 103.1 118.6 130.1 125.9 116.5 112.1 109.4 109.7 109.7 110.5 109.7 105.8 101.3 98.5 95.9 96.7 95.8 92.6 90.9 91.1 91.3 83.7 86.1 87.4 78.5 74.3 74.3 74.3 74.3 74.3 74.3 74.3 74.3 74.3 74.3 74.3 74.3 74.3 74.3 74.3 74.3 74.3 74.3 74.3 74.3 76.3 82.5 81.2 74.3 74.3 78.2 78.8 81.8 88.4 88 83.9 80.4 84.1 84.5 91 95.8 98.6 103.8 108 110.7 113.5 117.9 121.2 126 138.5 152.3 169.7 185.2 199.3 216.1 229.2 243.4 255.5
85.9 88.2 92.2 101.8 112.8 127.6 117 109 104.1 104.4 105.6 105.3 104.8 103.4 99.5 96.6 92 89.1 90.2 89.6 88.8 92.8 93.4 89.3 81.6 83.1 82.5 74.3 74.3 74.3 74.3 74.3 74.3 74.3 74.3 74.3 74.3 74.3 74.3 74.3 74.3 74.3 74.3 74.3 74.3 74.3 74.3 74.3 74.3 80.6 79.1 74.3 74.3 80.9 80.8 79.8 87.2 87.2 81.7 81.9 82.8 83.6 89.3 92.5 94.9 101.5 107.6 109.8 111.7 116 121.8 131 147 168.5 189.6 206.3 220.8 233.9 248.4 261.5 274.4
86.2 89.7 95 104.4 111.9 122.7 109.7 102.4 99.2 101.4 99.8 99.4 98 97.6 94.5 91.5 86.9 85.6 83.2 84 90.2 99.3 94.5 87.7 81.5 79.4 77.6 74.3 74.3 74.3 74.3 74.3 74.3 74.3 74.3 74.3 74.3 74.3 74.3 74.3 74.3 74.3 74.3 74.3 74.3 74.3 74.3 74.3 74.3 74.3 74.3 74.3 74.3 81.5 82.1 77.3 81.7 81.2 79 81.5 81 83.9 87.9 90.3 93.1 99.4 104.8 108.3 111.3 118.1 125.5 139.2 158.3 185.9 212.2 232.3 247.6 257.9 273.2 286.2 297.8
88.2 93.4 100.5 107.1 110.7 110.8 102.6 99.2 98.9 96.9 97 96.5 93.3 92 91.4 87.7 83.6 81.8 81.2 82 91.9 102.8 95.9 87.8 81.2 76.9 74.3 74.3 74.3 74.3 74.3 74.3 74.3 74.3 74.3 74.3 74.3 74.3 74.3 74.3 74.3 74.3 74.3 74.3 74.3 74.3 74.3 74.3 74.3 74.3 74.3 74.3 74.3 82.1 81 78.2 79.4 81 79.8 78.7 79.9 81.6 86 88.4 91.3 95.8 101.8 105.8 111.3 121.2 132.7 149.7 175 205.1 236.8 258.9 274.7 288.4 298.1 309 318.5
88.9 95.2 99.6 102.6 104.5 104.1 99.6 96.9 96.5 96.9 95.1 94.3 91.4 90.6 90.6 86.9 83.1 81.4 80.8 80.9 88.7 100.5 97.9 83.9 79.3 77.5 74.3 74.3 74.3 74.3 74.3 74.3 74.3 74.3 74.3 74.3 74.3 74.3 74.3 74.3 74.3 74.3 74.3 74.3 74.3 74.3 74.3 74.3 74.3 74.3 74.3 74.3 74.3 79.8 79.8 77.9 81.4 82.9 79 78.8 78.7 81.2 84.5 87.4 90.2 94.3 99.1 104.3 111.5 125.3 141.8 164 191.2 220.4 254.8 278.4 305.9 315.5 319.1 327.8 329.7
89.4 98.3 97.5 99.3 99.7 99.6 96.4 95.7 96.4 98.4 94.1 96.1 90.3 89.3 89.4 86.9 82.1 81.1 80.5 79.6 84.1 92.5 94.2 81.2 78.8 78.4 74.3 74.3 74.3 74.3 74.3 74.3 74.3 74.3 74.3 74.3 74.3 74.3 74.3 74.3 74.3 74.3 74.3 74.3 74.3 74.3 74.3 74.3 74.3 74.3 74.3 74.3 74.3 77.8 77 77.4 81.3 82.5 79.8 78.3 78.5 80.5 84.4 87.4 90.7 94.6 100.1 108.1 117.2 133.8 152.6 178.2 205.2 237.4 272.9 308.4 333.3 332.9 330.8 330.3 331.6
92 98.6 97.9 96.5 96.4 95.2 93.6 94.9 96.7 98.7 92.8 92.6 89.8 88 87.7 89 87.8 82.5 80.2 78.9 78.9 84 87 79.9 78.6 78.2 74.3 74.3 74.3 74.3 74.3 74.3 74.3 74.3 74.3 74.3 74.3 74.3 74.3 74.3 74.3 74.3 74.3 74.3 74.3 74.3 74.3 74.3 74.3 74.3 74.3 74.3 74.4 80.8 77.6 76.7 79.3 80.3 81.2 78.5 78.6 79.8 82.6 86.5 91.3 97.6 105.5 115.8 126.8 143.8 169.4 194.5 223.2 262.6 305.1 339.8 347.9 343.4 338.8 337.6 335.6
93.6 99.6 99.4 95.2 93.8 93.2 93.3 93.6 94.1 92.6 92.2 92.2 90.7 88.9 92.1 95.2 93.4 86.1 80.3 78 78 75.9 75.9 75.4 78 78.4 74.3 74.3 74.3 74.3 74.3 74.3 74.3 74.3 74.3 74.3 74.3 74.3 74.3 74.3 74.3 74.3 74.3 74.3 74.3 74.3 74.3 74.3 74.3 74.3 74.3 74.3 74.3 80.3 75.8 74.8 78.2 79.4 76.4 78.1 78.4 79.7 81.1 85.7 94.9 102.6 113 126.1 139.8 159.7 184.8 212.4 251 293.7 345.3 360.3 353.6 348.6 341.6 340.9 338.3
92.8 96.9 97.9 92.6 92.6 93 93.2 93.4 93.7 95.5 93.3 93.3 93.8 97.5 97.5 97.1 93.1 85.8 79 77.3 77.3 74.3 74.3 74.3 74.6 75.9 74.3 74.3 74.3 74.3 74.3 74.3 74.3 74.3 74.3 74.3 74.3 74.3 74.3 74.3 74.3 74.3 74.3 74.3 74.3 74.3 74.3 74.3 74.3 74.3 74.3 74.3 74.3 74.3 74.3 74.3 74.6 74.3 74.7 77.3 78.7 80.2 81.5 89 101 109.6 121.6 137.8 155 176.2 202.6 238.1 278.6 321.5 356.2 363.6 357.5 349.7 345.8 343.7 341
92.5 93.5 93.2 92.4 93.2 93.7 94 94.2 94.8 94.6 93.9 94.6 98.6 104.3 102.2 97.1 92.4 84.9 79.2 77.2 75.3 76.6 74.3 74.3 74.3 74.3 74.3 74.3 74.3 74.3 74.3 74.3 74.3 74.3 74.3 74.3 74.3 74.3 74.3 74.3 74.3 74.3 74.3 74.3 74.3 74.3 74.3 74.3 74.3 74.3 74.3 74.3 74.3 74.3 74.3 74.3 74.3 74.3 74.3 77.6 79.1 81.2 83.7 94.3 107 117.8 133.5 150.3 168.1 193.1 225.3 267.1 317.4 348.6 362.9 363.8 357.9 352.8 347.9 345.3 341.4
96.3 94 93.2 94.6 94.7 93.9 94 94.8 95.1 94.7 95.2 96.4 101 105.8 104.7 97.4 90.7 85 79.7 77 76.3 76.4 74.3 74.3 74.3 74.3 74.3 74.3 74.3 74.3 74.3 74.3 74.3 74.3 74.3 74.3 74.3 74.3 74.8 74.3 74.3 74.3 74.3 74.3 74.3 74.3 74.9 74.3 74.3 74.3 74.3 74.3 74.3 74.3 74.3 74.3 74.3 74.3 74.3 77.5 81 84.7 90.6 100.8 113.7 126.2 143.8 163.3 186 213.6 256.4 306.8 360.5 359.7 359.2 361.4 358.9 354.2 349.8 346.8 342.8
100.1 98.3 97 98.6 100 100 100.5 99 97.7 96.7 97.3 99.9 102.9 106.3 106.1 101.9 94 87.7 80.7 76.7 73.7 74.3 74.3 74.3 74.3 74.3 74.3 74.3 74.3 74.3 74.3 74.3 74.3 74.3 74.3 74.3 74.3 79.9 77.2 74.3 74.3 74.3 74.3 74.3 74.3 74.3 74.3 74.3 74.3 74.3 74.3 74.3 74.3 74.3 74.3 74.3 74.3 74.3 74.3 78.6 84.5 91.3 97.7 108.2 120.3 134.5 155.5 178.5 205.1 241.7 289.7 355.2 367.2 368 362.8 360.4 356.9 352.9 349.7 346.7 343
101.9 102.1 101.8 103.4 104.5 105.3 105.7 104.3 102.6 100.9 101.4 104.5 107.7 109.6 111.4 109 101.2 91.7 82.9 79.7 78 74.3 74.3 74.3 74.3 74.3 74.3 74.3 74.3 74.3 74.3 74.3 74.3 74.3 74.3 74.3 74.4 80.3 74.3 74.3 74.3 74.3 74.3 74.3 74.3 74.3 74.3 74.3 74.3 74.3 74.3 74.3 74.3 74.3 74.3 74.3 74.3 74.3 74.3 81.8 89.2 95.5 102.1 113.8 130 146.2 167.1 193.6 222.1 259.9 308.4 359.4 374.9 372.2 370.1 364.2 357.8 353.7 350.1 346.3 343.7
105.3 105.3 106.3 108.5 109.6 110.5 111.2 110.2 108.7 106.6 107.8 113.3 115.6 117.7 121.1 118.4 111.6 99.2 87.3 82.4 82.5 78.4 74.3 74.3 74.3 74.3 74.3 74.3 74.3 74.3 74.3 74.3 74.3 74.3 74.3 74.3 77.9 78.2 74.3 74.3 74.3 74.3 74.3 74.3 74.3 74.3 74.3 74.3 74.3 74.3 74.3 74.3 74.3 74.3 74.3 74.3 74.3 74.3 76.6 85.9 92.8 99.4 106.6 121.8 140.4 159.7 184.5 210.5 249.7 287.9 316.4 354.7 366.9 368.3 367 365 359.8 356 352.5 349.2 344.6
110.7 109.8 111.8 113.9 115.2 115.9 116 116.4 117.1 113.9 121.3 125.8 128.9 130 137 132.7 119.1 102.9 88.7 82.5 81.5 79.6 74.3 74.3 74.3 74.3 74.3 74.3 74.3 74.3 74.3 74.3 74.3 74.3 74.3 74.3 76.7 74.3 74.3 74.3 74.3 74.3 74.3 74.3 74.3 74.3 74.3 74.3 74.3 74.3 74.3 74.3 74.3 74.3 74.3 74.3 74.3 75.6 81.8 87.5 94.3 103.8 117.5 132.8 152.5 176.9 204.7 247.8 292.1 331.3 334.8 359.4 361.9 363.2 362.8 360.2 357.4 354.2 351.3 348.2 342.2
115.6 115.4 117.3 118.6 120.3 121.4 121.3 122.4 123.9 127.7 132.2 140.2 145.6 152.7 166.7 152.6 129.6 108.5 91.8 80.9 79.6 77.9 74.3 74.3 74.3 74.3 74.3 74.3 74.3 74.3 74.3 74.3 74.3 74.3 74.3 74.3 74.3 74.3 74.3 74.3 74.3 74.3 74.3 74.3 74.3 74.3 74.3 74.3 74.3 74.3 74.3 74.3 74.3 74.3 74.3 74.3 74.3 78.8 82.4 90.3 98.2 112.2 126.7 142.5 164.6 191.8 237.4 307.4 332.9 347.5 354.1 354.6 357.5 357.1 356.7 356.5 354.2 353.3 351.5 348.1 348.4
120.2 121.2 121.9 125.4 126.9 128.8 130 130.4 134.1 147.1 155.7 165.7 171.1 180.2 186.9 166.8 140.6 115 96.3 83.6 77.7 75.5 74.3 74.3 74.3 74.3 74.3 74.3 74.3 74.3 74.3 74.3 74.3 74.3 74.3 74.3 74.3 74.3 74.3 74.3 74.3 74.3 74.3 74.3 74.3 74.3 74.3 74.3 74.3 74.3 74.3 74.3 74.3 74.3 74.3 74.3 74.3 80.6 82.1 93.8 105.5 120.2 137.4 153.4 175.7 209.4 277.8 324.3 336.9 342.3 346.6 348.7 351.7 352.9 353.5 353.5 353 352.8 352.2 349.3 350.3
125.3 125.9 126.2 130 133.9 136.8 139.8 142.3 152.5 168.3 180.6 192.2 198 208.2 195.9 171.7 145.5 121.3 101.8 87.1 78.3 74.3 74.3 74.3 74.3 74.3 74.3 74.3 74.3 74.3 74.3 74.3 74.3 74.3 74.3 74.3 74.3 74.3 74.3 74.3 74.3 74.3 74.3 74.3 74.3 74.3 74.3 74.3 74.3 74.3 74.3 74.3 74.3 74.3 74.3 74.3 76.3 81 82.1 97.7 110.6 124.8 142.6 162.6 188.2 225.9 275.2 314.7 326 334.4 343.1 344 345.3 347.6 352 353.6 352.5 352.6 350.7 350.2 350.6
