GeneralExemplars/GeoExemplars/data/LakeDistrict/terrain-50-dtm_3563996/ny/NY22.asc
ncols 200
nrows 200
xllcorner 320000
yllcorner 520000
cellsize 50
[rows 36 to 71 of 200, columns 0 to 80 of 200]
222.7 222.9 221.2 217.4 215.5 215.1 216.3 217.5 218.4 218.6 220.5 218.1 216.3 215.6 216.8 223.6 224.7 217.1 210.4 208.4 210.7 208.8 180.9 168.1 165.9 157.9 149.3 124.8 101.6 89.4 82.9 73.2 68.7 68.7 68.7 68.7 68.7 68.7 68.7 68.7 68.7 68.7 68.7 68.7 68.7 68.7 68.7 68.7 68.7 68.7 68.7 68.7 68.7 68.7 68.7 74.6 78.6 83.7 87.8 89.7 89.6 90.5 91.8 93 95.7 99 101.7 103.9 107.5 111.2 119.4 129.5 146.9 169 193.4 215.3 234.2 253.6 270.7 287.1 305.4
226.5 230.6 227.2 221.8 220.2 223.7 224 223.3 222.1 221 220.6 219.3 216.9 212.6 212.2 215.9 215.9 214.6 212.8 210.4 205.9 185.1 179.1 186.6 177.8 167.7 155.9 137.1 127 122.3 98.8 79.7 71.4 68.7 68.7 68.7 68.7 68.7 68.7 68.7 68.7 68.7 68.7 68.7 68.7 68.7 68.7 68.7 68.7 68.7 68.7 68.7 68.7 68.7 68.7 72.2 76.9 82.7 87.1 89.4 89.4 90 91.1 92.7 95.2 98.2 100.6 102.8 106 110.5 126.8 139.2 139.6 158 178.9 200.1 221 234.2 250.4 268.1 287.9
238.8 237.9 234.1 233.9 235.6 236.7 230.4 227.6 226.5 224.5 223.2 219.5 217.2 215.5 208.1 208 207.1 208.4 204.5 198.3 182.6 197.3 200.8 199.4 188.8 176.7 164.8 162.2 162.4 138.4 107 90.5 74.7 68.7 68.7 68.7 68.7 68.7 68.7 68.7 68.7 68.7 68.7 68.7 68.7 68.7 68.7 68.7 68.7 68.7 68.7 68.7 68.7 68.7 68.7 68.7 75.1 81.7 86.1 87.8 88.5 88.9 90.1 92.2 94.1 97.1 99.4 101.7 104.8 115.9 135.2 153.3 152.2 146.4 162.4 181.3 197.8 215.7 232.6 250.7 270.7
248.3 245.2 243.5 241.4 241.6 239.5 234.8 233.4 232.6 229.5 226 221.1 222.6 219.5 215.3 209.8 204.4 198.2 196.3 199.5 207.7 213.4 219.8 216.1 201.4 194.8 186.1 184.5 177.3 144.2 114.1 104 81.6 68.7 68.7 68.7 68.7 68.7 68.7 68.7 68.7 68.7 68.7 68.7 68.7 68.7 68.7 68.7 68.7 68.7 68.7 68.7 68.7 68.7 68.7 68.7 73.7 80.7 84 84.8 84.9 87.8 90.7 92.2 94.4 96.7 98.8 101.1 106 123.3 140.8 159.5 164.3 162.9 160 163 180.4 193.8 211.8 234.2 253.7
255.1 251 248.2 246.2 244.2 242.1 239.6 239.5 238.3 233.1 227.5 227.9 227.2 222.9 219.1 216.3 213.4 210.7 209 211.1 214.3 222.4 230.7 229.4 213.5 206.6 204.3 202.7 183.3 149 127.7 112.3 85.2 72.7 68.7 68.7 68.7 68.7 68.7 68.7 68.7 68.7 68.7 68.7 68.7 68.7 68.7 68.7 68.7 68.7 68.7 68.7 68.7 68.7 68.7 68.7 71.2 77.4 79.8 79.1 82.8 88.4 92.1 94.1 96 97.7 98.3 101.3 110.8 128.4 149 163.6 170.5 176.5 183.2 186.5 182.1 178 197.1 213.8 234.5
261.3 256.1 253.3 249.4 247.8 246.4 244.9 243.4 240.9 236.5 237.1 237.7 232.6 228.9 226 224.8 223.1 221.1 218.9 218.3 217.8 219.5 221.6 224.9 223.7 225.5 225.2 219.5 189.3 159 141.9 119.4 94.7 73.4 68.7 68.7 68.7 68.7 68.7 68.7 68.7 68.7 68.7 68.7 68.7 68.7 68.7 68.7 68.7 68.7 68.7 68.7 68.7 68.7 68.7 68.7 68.7 71.5 73.5 75.8 81.1 86 92.3 97 97.6 97.7 97.5 100.9 114.3 136 155.7 169.6 180.3 191 201.1 204.8 204.5 203.3 200.9 191.8 213.1
270.5 263.6 258 255.8 254.3 252.8 249.7 247.7 245.4 242.4 244.5 246.5 244.7 235.9 233.6 233.2 231.5 229.2 227.2 227.4 228.1 229.1 231.7 236.8 243.3 244.8 242 229 195.3 169.7 159.4 133.2 103.4 78.5 69.3 68.7 68.7 68.7 68.7 68.7 68.7 68.7 68.7 68.7 68.7 68.7 68.7 68.7 68.7 68.7 68.7 68.7 68.7 68.7 68.7 68.7 68.7 68.7 70 71.9 77.3 82.5 87.7 94.1 100.2 98.9 98.1 101.7 121.2 139.5 157.8 171.6 186.3 200.2 214.5 223.4 228.9 229.8 227.1 225.8 224.5
284.4 276.9 267.9 264.1 259.9 258.7 255.8 254.6 251.9 248.8 251.8 252.9 251.2 247.2 244.1 243.3 240.6 239.3 237.3 240.8 241.9 245.7 248.2 254.3 258.3 257.8 253.7 230.8 205 185.2 178.7 149.4 117.2 88.9 73.7 68.7 68.7 68.7 68.7 68.7 68.7 68.7 68.7 68.7 68.7 68.7 68.7 68.7 68.7 68.7 68.7 68.7 68.7 68.7 68.7 68.7 68.7 68.7 68.7 68.7 74.4 80 83.8 90.8 99 99.9 98.5 102.2 118.5 133.7 147.1 161.8 177.5 193.6 217 236.8 248.7 256.6 250.4 248.4 254
297.1 290.1 281.4 274.4 268.3 266.8 264.3 261.8 260 253.6 259.8 262.7 264 265 259.8 256.5 256.3 258.9 262.6 265.7 270.1 273.3 272.2 269.7 268.3 264.9 258.9 248 219.6 212 196.7 164.7 129 98.2 81.8 73.5 68.7 68.7 68.7 68.7 68.7 68.7 68.7 68.7 68.7 68.7 68.7 68.7 68.7 68.7 68.7 68.7 68.7 68.7 68.7 68.7 68.7 68.7 68.7 68.7 72.1 77.2 80.7 87.2 96.2 97.7 97.4 98.8 113.5 123.5 135 149.3 164.5 184.5 208.5 233.4 253.6 274.1 268.4 270.4 279.4
308.6 301 293.1 285.1 279.2 276.3 271 266.7 265.6 259.2 268.4 274.1 282 284.8 280.6 273.8 276 282.2 286.4 286.6 288.9 288.1 283.2 280.6 279.8 278.3 276.2 264.5 244.3 235.9 207.4 173.3 136 109.5 92.5 69.5 72.6 68.7 68.7 68.7 68.7 68.7 68.7 68.7 68.7 68.7 68.7 68.7 68.7 68.7 68.7 68.7 68.7 68.7 68.7 68.7 68.7 68.7 68.7 68.7 69.8 74.3 78.3 83.6 94 94.2 94.1 95.1 103.4 114.5 124 137.7 152.8 173.9 196.5 215.5 238.5 265.2 274.4 287.3 299.2
320.3 314.2 306.7 299.5 287.2 281.4 277.4 275.2 276.3 272 279.3 291.3 297.9 302.3 298.8 295.3 299.4 303.2 303.4 304 303.7 300.8 297.6 297.8 297.3 298.7 298.4 288 271.1 248.7 217.9 183.7 150.4 121 105.2 87.1 73.7 70.3 68.7 68.7 68.7 68.7 68.7 68.7 68.7 68.7 68.7 68.7 68.7 68.7 68.7 68.7 68.7 68.7 68.7 68.7 68.7 68.7 68.7 68.7 68.7 71.8 76 82.7 92.6 91.8 91.6 93 97.7 110.6 118.1 126.3 140.1 159.9 179.5 198.5 222.4 251.2 272.2 296.9 320.8
333.4 329.2 322.1 315.7 307 294.8 292.2 289.6 290.3 284 293.3 305.9 316.6 319.8 320 317.7 320.3 321.1 320.4 320.5 321.3 317.9 317.5 319.4 319.4 325.7 324 314.8 286.7 258.2 225 191.1 160.8 132.7 116.3 90.4 70.5 73.6 70.4 68.7 68.7 68.7 68.7 68.7 68.7 68.7 68.7 68.7 68.7 68.7 68.7 68.7 68.7 68.7 68.7 68.7 68.7 68.7 68.7 68.7 68.7 68.7 74.8 81.7 87.3 87.3 88.5 91 95.6 105.3 115.2 122.4 134.8 151.5 172.4 191 212.3 240.7 262.4 292.1 324.2
347 343.1 335.8 332.6 325.5 314.5 309.4 302.8 302.3 299.6 305.8 319.4 330.1 337.5 340.6 340.8 341.5 339.3 339.6 341.5 343.1 340.2 343.1 344.2 341.8 345.3 339.3 322 296.4 259.2 224.6 191.4 163.5 141.8 111.7 91 71.9 70 71.3 68.7 68.7 68.7 68.7 68.7 68.7 68.7 68.7 68.7 68.7 68.7 68.7 68.7 68.7 68.7 68.7 68.7 68.7 68.7 68.7 68.7 68.7 68.7 72.2 77.3 80.2 81.7 84.6 88.2 92.2 101.5 117.2 122.4 131.6 144 166.4 187.4 207.3 227.9 257.4 283 316.8
363.6 361.7 356.1 348.4 336.7 326.2 319.6 313.8 309.8 311.8 315.8 329.2 340.6 352.1 359.5 361.9 363.7 360 363.2 368.9 368.6 366.4 369.8 368.5 357.9 354.1 350.6 330 298.9 259.6 222 189.6 161.3 139.7 121.4 96.7 75.8 72.7 70.6 68.8 68.7 68.7 68.7 68.7 68.7 68.7 68.7 68.7 68.7 68.7 68.7 68.7 68.7 68.7 68.7 68.7 68.7 68.7 68.7 68.7 68.7 68.7 68.7 72.6 76.3 78 81.2 84.8 89.5 95 106.8 121.2 130.7 141.1 159.9 181.9 203 221.6 244.3 272.1 306.8
384.8 374.2 369.4 361.7 344.6 335.3 330.8 326.1 320.6 321 324.7 334.9 346.3 357.3 373 381.6 388.3 384.8 381.6 386.8 391.4 397.8 396.2 387.1 375.9 371.7 356.6 328.3 292.5 256.2 220.8 193.8 175.6 157.4 127.4 96.1 79.9 75.8 73.2 72.1 69.1 68.7 68.7 68.7 68.7 68.7 68.7 68.7 68.7 68.7 68.7 68.7 68.7 68.7 68.7 68.7 68.7 68.7 68.7 68.7 68.7 68.7 68.7 68.7 72.4 74.3 77.8 82.8 87.7 93.5 97.7 112.4 128.1 138.8 153 174.5 199.1 217.7 238.9 264.6 296.7
408.1 394.5 380.5 367 353 344.9 341.9 338.4 332.4 326.6 332.7 337.7 349.5 362.2 374.1 381.8 401.9 405.6 404.3 406.5 417.4 419.9 421.7 408.3 400.2 388.5 357.8 319.8 283.9 257.1 229.8 214.5 196.7 163.4 129 97.9 85 78.9 75.7 72.6 73.2 68.7 68.7 68.7 68.7 68.7 68.7 68.7 68.7 68.7 68.7 68.7 68.7 68.7 68.7 68.7 68.7 68.7 68.7 68.7 68.7 68.7 68.7 68.7 70.2 70.3 72.5 78.6 86 90.5 91.5 102.4 116.8 131.2 145 163.7 190.1 212.8 234.4 258.2 288.9
422.8 410.8 395.7 377.4 361.9 354.1 351.5 348.7 342 337.3 339 340.9 354.4 371.2 386.8 403 410.5 409.7 418.3 424.6 434.5 435.8 431.8 423.8 415.2 393.5 358.3 324.2 294 263.8 245.8 233.4 198.2 161.8 130.7 104.8 92.4 82.2 79.3 76.1 71.9 71.7 70.3 69.5 68.9 68.7 68.7 68.7 68.7 68.7 68.7 68.7 68.7 68.7 68.7 68.7 68.7 68.7 68.7 68.7 68.7 68.7 68.7 68.7 69.1 70 70.5 74 81 83 85.9 92.3 104.3 120.5 131.1 152.1 179.9 206.9 229.3 255.4 282.3
431.1 419.7 406.1 386.9 367.5 362.7 363 357.5 349.9 345.6 345.8 347.9 356 372.6 392.6 411.3 423.4 431.9 429.3 432.5 440.6 439.4 441.8 432.4 426 411.4 373.5 335.3 298.4 268.4 246.4 215.3 187.5 160.2 129.5 110 95.4 84.1 81.2 77.5 75.3 71.2 72.2 71.8 70.9 68.7 68.7 68.7 68.7 68.7 68.7 68.7 68.7 68.7 68.7 68.7 68.7 68.7 68.7 68.7 68.8 68.7 68.7 68.7 68.7 69.9 70.3 70.5 74 76.4 78.3 83 93.9 106.8 119.8 141.1 170 199.1 227.3 255 276.6
439.8 428.2 411.6 396.9 387.1 374.1 368.1 363.8 355.9 351 350 352 359.2 374.4 393.8 414 429.8 440.8 441.2 436.7 449.8 449.4 446.3 440.2 438 416 387 342.6 301.4 267.6 231.5 206 177.4 152.7 131 108.5 94.8 86.1 81.8 78.6 75.4 72.2 71.4 71 70.1 68.7 68.7 68.7 68.7 68.7 68.7 68.7 68.7 68.7 68.7 68.7 68.7 68.7 68.7 68.7 68.7 68.7 68.7 69.3 67.8 68.8 70.5 70.5 70.9 71.4 72.4 76.4 84.3 93.5 110.5 131.4 159.9 189.9 219.3 247.6 271.4
451.2 439.4 424 412.4 401.9 388.3 376.6 367.8 357.3 355.6 354.2 355.2 361 376.7 396.7 417.1 435.1 447.5 446.6 450.5 454.9 450.7 447.4 443 430.9 410 383.6 346.4 308 276.7 252.4 218.8 198.9 175.8 138.2 107.5 94.6 89.3 83.8 78.1 74.7 72.5 71 72.4 70.4 68.7 68.7 68.7 68.7 68.7 68.7 68.7 68.7 68.7 68.7 68.7 68.7 68.7 68.7 69.4 69.3 69.3 68.3 68.8 69.6 68.7 70.2 70.1 70.8 70.8 70.6 71.7 76.8 85.5 100.3 123.3 147.7 180.5 207.6 234 261.6
461.4 451.9 438.9 427.7 414.7 403.8 389.3 371.6 359.5 358.6 356.8 358.1 363 379.2 400.2 418 438.4 451.6 454.9 462 462.9 456.2 446.5 438.6 422.1 403.3 372.7 366.2 332.1 309.8 271.1 242.6 220.9 186.3 144 116.2 100.1 94.2 85.2 80.1 78.4 75.3 74.3 73 70.5 68.7 68.7 68.7 68.7 68.7 68.7 68.7 68.7 68.7 68.7 68.7 68.7 68.7 68.7 69 69 68.4 68.1 68.1 69.3 69.4 69 68.7 69.9 70.2 70.4 70.6 71.5 81.3 96.6 115.5 137 168 193.7 217.1 241
470.2 463.6 452.2 442 428.7 412.6 398.7 377.3 362.5 361.3 359.8 361.2 367.5 382.5 400.4 420.6 442.9 459.5 462.2 469 466.3 458.1 448.3 431 414.2 409.7 403.5 392.2 358.3 321.6 291.9 267.3 231.4 204.5 163 131 110.1 96.8 86.3 81.9 81.4 83.4 82.9 78.2 72.9 69.2 68.7 68.7 68.7 68.7 68.7 68.7 68.7 68.7 68.7 68.7 68.7 68.7 68.7 68.7 68.3 68.1 68.1 68.1 68.7 69.7 70 70.7 70 68.7 69.9 70.5 70.9 76 90.2 108.9 129.9 153.8 178.6 200.9 221.5
477.1 472.3 463.6 452.8 439.6 425 407.1 385.7 370 364.9 363.1 364.1 374 385.6 405.7 426.4 447.6 463 471 470.9 467.1 457.6 443.6 431.5 432 428.5 421 396.9 356.8 324.3 319.1 286.7 249.7 216.2 176.7 147.2 126.2 101.2 88.8 83.3 84.1 88 86.4 81.9 75.7 71.5 68.7 68.7 68.7 68.7 68.7 68.7 68.7 68.7 68.7 68.7 68.7 68.7 67.5 68.7 68.5 68.5 69.4 68.1 69.3 69.8 70.2 70.4 70.4 69.3 68.7 70.4 70.6 72.4 85.7 103.6 123.5 142.4 165.1 186.8 207.2
482.7 476.3 471 462.2 451.7 438.2 419.1 400.9 383.3 373 368.3 370.6 384.2 396.4 416.7 440.2 458.5 469.5 469.8 467.7 461.6 451.3 451 442.9 444.8 440.6 414.7 387.7 364.7 353.5 343.3 305.9 268.2 228.3 191.8 166.6 144.1 106.6 93.5 86.7 85.7 90.4 94 90.3 79.5 72.7 69.1 68.7 68.7 68.7 68.7 68.7 68.7 68.7 68.7 68.7 68.7 69.5 68.4 68.7 68.7 68.7 68.6 68.4 69.1 69.6 69.9 69.9 70.4 70 70.2 68.7 69.5 71.5 82.7 98.8 117.5 134.9 152.8 178.3 196.5
479.9 479.8 477.4 473.7 461.5 448.9 434 418.7 402.2 386.4 377 379.8 395.9 409.6 429.5 450.6 467.1 470.2 470.5 471.8 459.2 455.3 456.2 459.2 455.6 432.6 406.3 394.6 381.4 384.8 369.6 324.5 285.5 243.8 206.7 178.6 154.4 115.7 99.1 89.9 88.1 94.4 100.8 94.6 83.7 75.4 70.2 68.7 68.7 68.7 68.7 68.7 68.7 68.7 68.7 68.7 68.7 68.8 68.7 68.7 68.7 68.7 68.7 69.2 69.7 69.5 69.5 69.6 69.7 69.8 70 68.7 70.3 71.2 79.3 92.5 110.8 130.7 144 167.2 186.7
481.2 483.8 485.9 482.8 471.4 461.5 451.3 436.9 420.6 402.6 391.9 393.4 409 428.7 444.3 466.9 479.9 480.8 477.6 467.4 458.7 457.1 459.8 460.9 442.2 420.6 414.8 419.1 407.8 407.2 369.9 330.6 292.3 263.6 223.6 191.5 169.2 131.6 105.6 96.5 89.6 95.1 104.6 101.1 87.4 78.1 72.9 70.9 68.7 68.7 68.7 68.7 68.7 68.7 68.7 68.7 68.7 68.7 68.5 68.7 68.7 69.5 69 69.9 70.1 70 69.7 69.4 69.5 69.7 70 69.6 70.3 70.5 75.8 86.5 101.9 120.2 136.1 157.7 175.8
483.6 486.4 488.1 485.2 481.9 473.7 467.3 455.8 440.1 422.9 411.4 411.2 426.5 446.6 461.9 479.4 489.3 485 479 467.4 461.2 457.2 454.3 445.8 427.9 429.6 440.4 435.7 431.2 415.1 380.6 344.8 322.3 285.6 240.7 212.6 178.8 142.7 114.3 102.7 90.8 94.6 107.2 107.1 92.9 79.9 73 70.2 68.7 68.7 68.7 68.7 68.7 68.7 68.7 68.7 68.7 68.7 68.7 68.7 68.9 68.6 68.4 69.6 70.4 70.4 70.1 69.8 69.5 69.7 70 70.5 69.2 69.9 72.3 80 91.1 108.6 127.9 147.6 164.6
471.2 483.3 489.8 489.2 486.5 485 480 473.5 460.8 445.5 435.3 435.1 446.1 463 476.8 483.9 482.2 477.4 470 462.4 456.3 452.3 437.8 431.6 433.7 441.9 444.6 443.9 452.6 432 400.2 367.1 346.7 299.3 258.1 228.4 196.1 161.3 122.4 107.6 93.9 97.4 113.3 113.3 98.1 83.1 73 69.8 68.7 68.7 68.7 68.7 68.7 68.7 68.7 68.7 68.7 68.7 68.7 69.1 69.6 69.3 69.6 68.6 70.7 70.2 70 69.6 69.6 69.7 70.1 70.2 69.3 70.2 70.2 74.5 82 95.5 113.2 132.7 151
459.3 467.7 479.7 492.9 496.2 493.9 489.7 489.3 483.5 470.6 460.6 459.7 465.7 477.4 483 482.6 476.1 467.1 459.7 451 449.4 443.2 429.3 427.7 426.3 431.9 444 456.8 461.6 452.9 417.3 387.8 356.2 312.7 274.5 239.9 204.6 170.1 129.7 108.8 94 101.1 118 120.8 106.2 86.3 73.8 70.8 68.7 68.7 68.7 68.7 68.7 68.7 68.7 68.7 68.7 68.7 68.7 69.8 70.4 70.6 70.4 70.4 69.8 70.2 69.6 69.6 69.7 69.9 70.1 70.2 70.3 68.8 70.4 71.8 77.1 84.9 98.4 112.2 126.7
443.6 452.6 467 484.4 497.3 501.1 502.5 506.5 504.7 498 488.4 483 481.4 484.6 485.6 480 469.5 459.8 450.4 445.5 440.1 429.1 426.1 416.5 415.7 428.3 442.9 453 463.8 461 444.6 413.3 378.5 329.6 299.4 253.3 213.8 175 141 113.6 93.6 106.9 123.1 127.8 111.2 87.1 73.8 73.6 68.7 68.7 68.7 68.7 68.7 68.7 68.7 68.7 68.7 68.7 70 69.9 70.3 70.1 70 70.2 70.3 69.8 69.6 69.8 69.9 70 70.1 70.2 70.4 68 70.2 70.1 73.3 77.5 84.9 94.4 108.9
433.4 442.2 455.6 472.7 491.5 505.4 511.1 516.1 518.8 520.8 512.4 507.8 500.5 491.5 487.4 477.4 464.9 454 445.3 438.5 427.3 420.5 408 406.1 419.1 430.9 443.6 440.6 439.4 450.2 440.6 431.7 398.5 348.1 299.6 260.3 220.8 178.9 145.1 114.6 95.1 109.9 125.4 127.3 106.3 84.9 73.4 73.6 68.9 68.7 68.7 68.7 68.7 68.7 68.7 68.7 68.7 68.7 69.6 69.5 70 69.7 69.9 70.2 70.3 70.2 70 69.9 70.1 70.1 70.2 70.3 70.4 69.9 69.8 69.9 70.2 71.8 75.8 83.5 90.7
415.5 426.4 441.7 460.8 478.8 498.5 511.7 522.3 535.6 538.5 532.9 521.7 510.7 498.9 483.2 472.1 457.3 445 435.2 426.3 414.2 403.7 394.7 397.2 408.2 420.7 427.9 422.1 420.7 410.4 413.7 410.6 398.5 344.6 308.4 265.2 223.1 184.1 148.6 116.1 96.3 109.9 123.1 118.9 98.8 83.9 74.1 71.1 70.7 68.7 68.7 68.7 68.7 68.7 68.7 68.7 68.7 68.7 69.6 69.2 69.6 68.5 69.7 70.1 70.2 70.3 70.5 70.3 70.1 70.2 70.3 70.3 70.4 70.7 69.7 70.3 70 70.4 72 75.7 80.7
398.7 411.8 428.5 444.8 469 493.7 510.8 532.5 549.7 545.8 534.1 523.5 512.3 497.4 482.7 465.8 449.4 434.5 424.9 417 408.7 399.7 393.6 390.7 392.1 401 404 392.5 382.1 375.1 372.6 361.8 348.7 333 303.8 271.5 227.5 186.2 151.4 117.9 96.9 107.8 117.1 109.2 93.6 82.6 75.8 73.1 71.4 70 68.7 68.7 68.7 68.7 68.3 68.7 68.7 68.7 68.7 69 69.6 69.8 69.5 69.4 70 70.1 69.9 70.3 70.2 70.2 70.3 70.3 70.4 70.2 69.5 70.3 70.1 70 70.3 71.1 71.4
394 404.7 422.8 443.7 467.7 491.5 511.8 531.7 544.6 538.8 532.5 523.2 508.5 495.2 483.3 461.3 445.3 434.2 424.9 419.1 412.6 402.4 391.8 383.3 379.6 377.2 368.4 353.9 336.2 325.8 322.7 319.8 303.7 300.6 286 263.8 228.9 186.4 150.4 118.6 96.6 99.7 104.8 99.2 89.8 83 78.3 74.1 73.2 70.3 69.7 69.1 68.7 69.2 69.5 69.2 69.6 68.7 69 69.9 70 70 69.7 69.5 68 69.9 69.6 70 70.2 70.2 70.2 70.2 70.4 69.9 70.9 70.6 70.2 70.1 70.2 70.5 70.7
410.6 421.1 429.7 450.1 471.8 492.9 511.3 526.5 532.2 533.1 529.8 520.6 505.3 494.6 481.5 467.9 461.8 451.5 440.5 427.1 419.2 408.4 399.5 389.5 372 357.1 336.9 318 299.6 286.7 279 269.9 262.2 259.2 259.5 238.2 218 176.7 141.8 113.2 98.2 98 96.5 93.1 88.3 82.7 78.6 74.7 74.1 70.6 69.9 69.7 69.4 70 70.2 67.8 69.6 69.5 69.5 69.8 70 70.2 70.1 70.2 70 69.9 70 70 70 70 70.1 70.2 70.4 70.6 70.4 70.6 70.2 70.2 70.2 70.3 70.5
427.1 436.6 443.6 456.7 472.4 492.1 510.1 522.2 529 530.2 527.6 515 504.1 497.2 489.9 481.3 478.3 467.5 454.9 445.5 437 427.4 414.9 403 385.3 364.1 346.9 314.9 287.9 258.7 247.2 237.1 226 216.3 205.8 198.5 180.1 154 125.6 106.7 100.4 98.2 96.9 91.4 87.6 83.1 76.8 73.6 73.1 71 70.2 69.9 70 70 69.9 69.9 70 69.8 69.8 69.9 70 70.2 70.2 70.1 70 69.9 69.8 69.6 69.9 69.9 70 70.1 70.4 70.6 68.4 71 70.3 70.3 70.5 70.5 70.4
