GeneralExemplars/GeoExemplars/data/LakeDistrict/terrain-50-dtm_3563996/ny/NY22.asc
ncols 200
nrows 200
xllcorner 320000
yllcorner 520000
cellsize 50
[rows 72 to 107 of 200, columns 0 to 80 of 200]
439.7 451.7 457.6 469.9 481.3 494.1 510.4 522.2 525.9 527.6 518.7 510.4 506.2 499.6 493 488.5 486 481.4 467.6 457.4 452.2 443.4 431.9 418.5 402.9 381.2 359.8 332.9 297.6 261.5 239.3 221.9 204.9 185 170.3 162.7 149.8 131.2 116.6 108.1 102.5 98.4 93.6 88.8 85.8 81.7 77.3 74.3 71.3 71.2 70.4 70.2 70.1 70.1 70.2 70.2 70 69.9 70 69.9 70.1 70.2 70.2 70.1 70.1 69.9 69.9 69.7 69.7 69.9 70.1 70.1 70.2 70.7 70.9 71.2 70.9 68.4 70.8 70.7 70.6
454.9 462.2 468.3 481.1 489.9 499.5 508.6 517.5 523.3 518.6 514 512.1 505.9 497.6 492.4 491.7 491.1 489.6 478.2 471.2 464.9 457.6 446.2 433 418.1 401 378 352.9 316.8 277.8 253.4 231.7 215.9 196.8 175.7 155.6 137 122.3 116.6 109.3 103.1 98.7 92.2 88 84.5 81.1 77.3 74.6 72.1 71.8 70.2 70 70.1 70.2 70.2 70.1 67.8 70.1 70.2 70 70.1 70.1 70.2 70.1 70.1 70 70.1 69.1 69.7 69.9 69.9 70 70.5 70.7 70.8 70.6 70.5 70.8 68.8 70.9 70.9
460.5 470.7 479.2 489.1 495.8 501.1 507.3 509.1 510.7 512.7 512.5 506.8 498.6 490.1 487.2 489.8 494.5 493.4 486.2 482.9 476.8 468 456.8 443.9 433.1 416.9 394.6 359.9 326.6 295.4 275 255.6 234.9 215.6 195.2 173.8 150.3 137.1 124.1 110.1 102.1 96.5 91.8 88.3 84.2 80.6 77.1 74.4 71.9 73.9 70.9 70.1 70.3 70 70 69.8 69.5 68.1 70.1 70 70 70.1 70.2 70.2 70.1 70.1 70.2 70 69.1 69.6 69.7 70 70.4 70.5 70.6 70.3 70.6 70.8 71 71.1 69
470.7 476.3 484.5 493.4 500.4 499.2 500.6 504.6 507.2 509 507.4 502.7 491 480.4 482.2 489.1 495.3 496.3 494.2 490.9 488 480.8 470.8 461.6 450.1 432.6 410.1 382.8 356.5 325.5 306 285.7 262 238.2 214.3 189 173.4 161.1 142.9 119.1 103.7 99.4 94.4 90.6 84.9 80.9 76.5 73.3 71.5 73.2 70.4 70.4 70.6 70.1 69.5 69.8 70.1 69.8 69.8 70 70.1 70.2 70.3 70.3 70.2 70.1 70.2 70.3 70.2 69.6 69.7 70.1 70.2 70.3 70.3 70.3 70.6 70.8 71 71.1 71.3
472.5 478.2 486.2 492.2 495.6 491.8 487.6 493.4 499.2 502.6 500.3 491 477.9 469.5 484.4 497 498.9 499.6 504.7 502.3 501.3 492.3 485.7 479.4 466.1 449.4 428.2 410 395.3 363.7 333.9 311.9 288.9 255.6 230 213 201.6 184.7 164 133.3 112 102.8 95.8 91 85.8 81.3 76.8 72.8 71.6 70.4 70.6 70.7 70.6 70.1 69.3 70.5 70.1 69.6 69.8 70.1 70.1 70.3 70.4 70.3 70.2 70.1 70.1 70.3 70.1 70 70.2 70 70 70.1 70.2 70.4 70.6 70.8 70.9 71.1 71.2
479.1 487 492.7 494.5 489.6 478.9 472.4 478.6 486.9 491.6 486.6 474.4 460.7 468.3 482.3 496.6 502.7 505.6 509.7 509.4 510.6 502.4 493 486.1 474.2 457.2 437.7 427.8 415.3 390.4 352 320 294.6 275.3 259.1 243.2 224.9 206.7 183.2 148.6 124.1 110.4 98.9 92.3 88 82.9 77.5 73.9 71.7 71.6 70.9 70.6 70.2 69.8 70.3 70.4 70.1 69.8 69.8 70.3 70.2 70.2 70.3 70.3 70.2 70.1 70 70.2 70.1 70.1 70.4 70.1 69.9 70 70.2 70.3 70.6 70.8 70.9 71.1 71.2
480.5 486.6 491.5 489.4 477.2 464.8 457.5 463.3 470.1 473.3 468.3 454.7 450.2 467.9 482 496.3 503.2 513.9 515.3 518.4 515.9 505.1 500.7 491.7 478 461.5 447.4 439.4 423.6 397.4 364.8 334.1 313 297.8 283.4 265.7 246 226.7 201.5 166.6 137.8 122.9 107.5 95.3 89.1 83.5 79.2 75 74.1 73.1 72.8 70.7 70.3 70.1 70.2 70.3 70.2 69.8 69.8 70.3 70.2 70.1 70.2 70.3 70.3 70.4 70.3 70.1 70.2 70.2 70 70 69.9 70.1 70.2 70.3 70.4 70.7 70.8 71 71.1
475.8 480.4 482 476.4 465.6 452.7 445.4 452.5 458 457.7 449.3 436.5 454.8 471.8 485.4 498.3 510.5 514.3 521.8 521.9 515.1 508.1 507 497.8 484.5 470 460.4 445.9 426.5 397.5 372.7 347.4 332.4 318.8 301.9 284.3 267 244.1 217.9 182.6 156.8 139.5 124.8 105.2 91 84.5 79.5 74.9 75 73.7 72.3 70.9 70.5 70.3 70.2 70.2 70.1 70 69.8 69.4 69.9 69.9 70.1 70.2 70.3 70.3 70.3 70.1 70 69.5 70.1 70.1 70 70.1 70.2 70.3 70.4 70.6 70.7 70.9 71
475.3 474.7 472.9 464.5 453.3 440.7 435.5 442.4 446.5 444.5 436 439.7 459.8 475.1 487.8 500.3 510.6 515.7 518.4 515.3 511 512 512 505.5 493.6 480.2 467.7 451.1 434.1 415.6 391.1 366 350 336.5 317.8 303.5 289.3 264.9 231.5 200.3 178.4 160.3 144.3 124 100.7 86.9 80.1 78.3 76.2 74.7 73.4 71.2 70.8 70.6 70.4 70.3 70.3 70.3 70 69.8 70 70.2 68.5 69.9 70.2 70.3 70.3 70.2 70.1 70.1 70.1 70.1 70.1 70.2 70.3 70.3 70.4 70.4 70.6 70.7 71
464.5 463.4 458.9 448.2 439.2 428.1 424.1 429.1 432.9 433.3 425.2 442.3 461.5 475 488.3 504.1 515.2 519.9 516.9 511.5 508.8 510.8 514.8 512.5 502.3 488.5 472.6 458.5 443 424 403.9 383.2 367.8 354.7 338.7 320.8 305.6 280.9 246.9 221.8 198.6 180.8 164.4 142 112.4 88.1 82.2 79.3 77 75.5 73.9 72.4 70.9 70.7 71.1 70.9 70.7 70.5 70.2 70.3 70.3 70.2 70.8 70.3 69 69.8 70.4 70.4 70.4 70.1 70.1 70.1 70.1 70.3 70.4 70.5 70.6 70.4 70.7 70.8 71.1
448.1 444.9 439.4 431.5 423.7 411.8 409 412.9 416.3 415.8 423.8 446.5 463.8 479.1 495.9 510.4 517.3 512.9 510.6 505 501.4 504.9 511.5 510.7 503.2 491.3 477.9 463.7 450 431.7 414.5 395.5 380.6 366.9 352.5 337 316.5 295.7 269.3 243 217.1 199.2 181.8 157.7 123.7 93 82.6 81.6 78.7 75.7 71.7 71.8 71.8 71.9 72.4 72.1 71.6 71.2 70.7 70.4 70.3 70.4 71 70.2 70.5 69.5 70.5 70.5 70.2 70.2 70.2 70.2 70.2 70.3 70.4 70.6 70.7 70.8 70.7 70.9 71.2
426.4 423.5 418.4 413 403.3 391.4 393.5 394.1 400.8 412.6 429.3 444.1 459.4 477.3 497.6 509.9 514.2 509.5 505.2 493.5 484.7 491.8 500 503.5 500.7 493.2 482.5 471.5 457.9 441.8 422.3 406 390.3 375.4 359.9 347.1 329.7 307.7 281.7 253.5 228.9 214.1 197.4 171.2 134.1 100.9 84.8 80.5 80.1 78.9 74.7 73.6 72.3 73.4 73.6 73.1 72.6 72 71.3 70.9 70.7 70.9 71.7 70.7 69.2 70.7 68.9 70.1 69.6 70.3 70.3 70.3 70.3 70.3 70.5 70.7 70.7 70.7 70.7 71 71.3
408.3 404.9 396.3 387.8 381.5 381.4 392.5 398.6 408.8 423.7 434 444.7 459.5 476.6 491.8 501.1 504.8 503.8 494.1 480.7 473.4 476.7 484.4 491.7 493.9 493.6 489.1 481.3 465.5 447.8 429.1 412.7 399.1 382.8 369.6 354.6 334.5 313.1 289.3 263.6 244.1 231.4 214.9 184.9 145.9 109.1 85.3 84 85.2 82.7 77.8 76.1 75.3 74.8 74.4 74 73.3 72.7 72 71.6 71.3 71.4 71.5 70.9 70.3 70.8 69.9 70.1 70.1 70.1 69.3 70.4 70.4 70.3 70.3 70.4 70.4 70.1 70.8 71 71.2
391.6 383.7 374.2 372.3 376.9 384.2 391.8 403.1 419.6 431.1 438.5 446.5 456 469.6 481.2 488.8 494.1 492 484.4 474 460.5 458.7 466.9 476.2 484.6 490.9 494.2 486.5 467.2 449.6 433 418.8 404.4 390 374.6 353.8 335 314.9 293.9 271.6 258.8 246.1 227.5 194.5 164.3 115.2 89.8 85.2 89.3 96 87.1 78.1 76.7 72.4 75.6 75.3 74.5 73.6 72.7 72.3 72.5 72.3 71.3 70.8 70.4 70.9 70.3 70 69.9 70 70.1 70.2 70.2 70.2 70.4 70.2 70.5 70.6 70.3 70.6 71
374.8 369.8 363.2 372.6 378.7 387.4 400.2 416.4 428.6 441.5 448.4 455.2 462.8 471.8 483.4 487.7 486.5 482.1 477.3 467.3 446.5 437.8 445.5 456 470.3 483.6 491.1 483.1 465 448.2 434.6 423.2 408.1 392.6 374.9 357.3 338.8 318.9 300 283 274.6 258.6 235 196.8 153.7 119.1 95.4 85.9 94.2 93.9 86.9 79.9 78.3 76.4 77 76.1 75 74.4 73.9 73.5 73.8 71.9 71.5 71 70.5 69 69.2 70.6 68.7 70 70.1 70.1 70.2 70 70.5 70 70.5 70.7 70.9 71 71
363.5 362.1 369.2 378.8 390.3 400.4 412.4 424.6 436.6 449 458.2 467.1 474.3 480.2 488.1 490.3 483.6 476.2 471.9 457.3 433.1 411.4 419 435.3 452 473.7 495 481 461.2 447.9 436.6 425.9 409.6 395 377.4 359 341.6 322.9 307.8 296.6 286 267.5 239.1 194.8 154.6 120.1 98.2 87.1 91.7 91.2 86.1 81.6 79.8 77.9 72.4 76.3 75.6 75.2 75.2 73.9 72.8 72.3 71.8 71.1 70.4 69.8 69.2 70.6 70.5 70 70 70.1 70.5 70.2 69 69.7 70.5 70.7 71 71.1 71.1
351.9 362 374.4 390.3 403 413.1 421.8 431.1 441.7 455.5 466.8 475.7 480.6 483.8 485.6 479 476.3 472.5 465.2 449 422.2 397 397.3 410.5 433.8 459.8 476.1 470.5 456.1 444.9 435.3 423.2 409.2 393.9 376.4 361.6 343.2 329.4 314.4 300.4 286 269.9 235.2 189.6 149.1 116.7 97.7 89.2 90.1 90 87 83 81.3 79.5 75.7 77.3 76.2 75.9 74.3 73.4 72.9 72.6 71.9 71.1 70.5 69.2 70.6 69.7 70.6 70.7 70 70.7 70.5 70.2 70.3 70.3 70 70.9 71 71.1 71.2
358 367 386.5 403.5 415.2 425.5 432.9 439 447.6 457.7 467.4 477.6 483.7 481.3 471.9 469.3 471 466.7 456.3 439.9 416.9 391 376.4 388.9 414.9 442 460.1 460.9 449.4 440.2 430.8 419.8 405.5 396.2 381.5 361.5 346.2 332.9 312.6 291.9 270.3 243.9 212.6 175.6 141.8 110.2 95.2 90.9 90 90 86.9 83 81.3 79.9 78.1 74.6 75.7 75.7 74.7 73.8 73.1 72.7 71.9 70.9 70.7 70.5 70.3 70.8 70.8 70.6 70.6 71.2 70.2 70.3 70.3 68.8 70.6 71 71.1 71.2 71.3
363.5 377.6 397.1 413.8 427.4 439.2 447.9 453.1 458.6 461.5 466.1 472.6 475.8 470.7 468.9 465.5 463.2 455.3 444.8 431 408.6 381.9 365.7 372 400.5 429.6 448.5 448.6 444.9 440.5 431.6 417.2 407.1 394.6 375.7 364.3 345.1 326 300.9 277.1 250.2 220.4 190.4 160.4 132.5 105.6 94.9 90.7 88.1 87.2 85.1 82.9 82.4 81.2 79.2 75.4 76.6 75.8 75.1 74.2 73.3 72.5 71.5 70.8 71.1 70.9 70.8 70.7 70.7 70.7 69.2 70.8 70.6 70.5 70.7 70.8 71 71.1 71.2 71.3 71.4
371.8 386.9 405.6 423.1 436.5 450.8 463.3 471.3 475.2 474 471.8 472.7 472.8 471.1 467.8 459.4 449.3 438.4 428.7 416.5 399.9 373.9 355.5 361.5 389.5 416 440.5 445.7 444.1 437.4 427.4 413.9 399.1 380.8 363.1 350.9 334.6 314.4 291.6 269.1 235.2 206.8 179.4 152 127 107.9 94.8 91.7 89.1 88.3 86.5 84.4 81.8 80.4 78.3 76.8 75 75.5 74.5 74 73.3 72.3 71.4 70.8 70.6 70.9 70.6 70.5 69.9 70.8 71 71.2 70.8 70.8 70.8 71 71.2 71.3 71.4 71.4 71.4
375.2 395.3 411.1 428.5 442 452.4 470.2 482 484 480 478.4 481 484.6 482.9 472.1 455.4 437.8 420.5 410.4 401.9 389.9 367.7 347.3 352.2 374.9 395.1 419.8 432.3 430 424 410.5 396.3 382.1 364 344.1 324.4 306 290.7 276.3 262.8 236 209 182.3 162 135.1 109.9 98.3 93 87.9 87.1 82.9 81 80.2 79.6 79 78 74.7 75.9 74.6 73.3 72.6 71.8 71.3 70.7 70.6 70.5 70.5 70.7 70.9 70.9 70.8 71.1 71.5 70.6 69.1 70.8 71.2 71.4 71.3 71.5 71.5
395.1 401.3 413.8 429.6 442.9 456.4 472.4 483 489.5 485.9 484.8 486.4 488.5 481.8 468.7 450.9 431.5 410.7 394.6 388.1 375.3 357 338.9 333.8 352.4 368.5 389.8 405.7 407.3 400 388.8 378.5 362.7 341.3 322 302.5 276.4 262.4 253 249.4 245.6 219.6 187.2 163.7 134.2 106.3 107.3 95.7 85.6 84.2 83 82 81.6 81.5 80.6 79.3 77.1 75.9 75 73.6 72 71.3 71.2 71 70.8 70.6 70.7 70.9 71.1 71 71 70.9 71.3 69.3 71.5 70.6 70.5 70.8 71.2 71.5 71.5
415.3 410.6 419.1 433.9 446.1 458.5 471.5 484.8 490 488.6 487.9 486.5 482 473.9 460.3 443 424.6 404.3 383.5 370 360.5 348.4 332.9 322.4 322.5 343.1 367.3 379.9 384.8 378.7 373.9 362.2 341.6 321.9 305.9 283.8 250.1 231.9 219.9 215.1 216.3 205.7 177.7 151.8 122.4 106.8 106.7 92.8 86.4 86.5 85.5 85 84.1 82.6 81.4 80 77.9 73.8 75.1 73.5 71.7 71.3 71.3 71.1 70.9 70.8 70.8 70.9 71.1 71.1 71.1 71 71.2 71.2 70.7 71 71.3 71.3 71 71.2 70.9
436.8 426.9 425.7 442.4 451.3 468.7 469.9 480.9 488.7 488.7 486.2 481 473.4 463.3 449.5 433.5 417 397.5 377.7 365.2 354.7 342.2 329.4 315.5 306.5 318.5 344.4 359.6 366.3 364.5 360.5 350.5 330.6 310 274.6 251.7 225.7 201.3 186 179.7 177.5 171.3 152.9 130.8 112 105.6 98.8 90.7 89.1 87.9 87.7 86.2 84.7 83 81.4 79.3 77.4 75.6 74.1 72.8 72 71.5 71.4 71.3 71.1 71 70.9 71 71.2 71.2 71.2 71.1 71 71 71.2 71.7 71.6 71.6 70.7 70.4 70.8
454.3 447.6 435.4 444.2 455.1 470.8 475.5 477.3 482.2 482.2 480.4 474 464.6 453.3 439.1 424.9 412.3 394.5 374.3 360.8 352 343.2 333.2 316.5 303.2 293 318.8 338.7 346 347.2 340.8 326.1 308.1 280.9 248.7 219.2 195.3 175.7 156.9 145.2 150.4 148.9 128.3 118.1 121.3 112.7 105.9 95.2 91.6 89.3 87.6 86.4 84.8 83.1 81.7 79.8 76.4 75.8 73.2 72.4 71.8 71.6 71.6 71.4 71.3 71.1 71 71.1 71.1 71.2 71.3 70.6 71.1 71.2 69.6 72.2 71.7 71.4 71 71.7 71.3
463.7 457.1 446.4 446.6 451.4 464.9 474.1 473.5 475 476.7 476.2 468.5 458.4 444.9 427.8 415.5 403.1 387.8 369.7 357.1 348.9 341.3 333.6 316.6 300.2 290.7 298.1 320.2 330.6 325.6 314.4 301.9 282.4 254.9 224.5 195.7 174.1 168.5 174.3 163.3 147 133.6 135.3 146.5 143.1 117.3 117 98.5 92.5 89.7 87.6 86.4 84.6 83 81.5 80.3 77.8 74.8 73.7 72.9 72.7 72.3 71.9 71.6 71.6 71.4 71.3 71.1 71.1 71.1 71.2 70.7 71.1 71.4 71.5 72 71.8 71.5 71.5 71.5 71.3
476.1 468.7 457.1 452.7 453.2 454.6 459.5 470 471.3 471.8 470 462.1 453.7 437.4 417.1 405.2 392.1 378.9 362.3 352.8 344.5 336.1 327.9 312.5 296.8 285.8 275.8 296.9 307.6 303.4 293.3 278.8 257.1 231 200.3 179 178.9 188.5 186.8 178 168.3 160.2 159.5 161.5 148.6 119.2 113.1 100.7 94.4 90.7 88.3 86.3 84.3 82.8 81.3 79.9 77.8 75.5 74.3 73.5 73.4 72.9 72.2 72 72 71.8 71.5 71.4 71.3 71.3 71.6 71.4 71.5 71.8 72.1 72 72 71.9 71.9 71.9 69.6
484.7 474.2 464.6 462.8 459 457.6 457.3 465.6 468.5 467.2 462.3 453.6 444.3 430.4 410.6 398.5 386.3 373.8 362.6 350.8 340.2 329.7 320.1 308.6 294 281.2 270.1 270.6 281.7 281.5 273.1 259.4 237.2 214.4 191.6 185.4 199.9 200.7 195.3 189.4 183.4 178.5 173.5 171.1 152.1 122.4 113.2 105.5 96.8 93.7 88.6 86.2 83.7 81.6 80.3 78.6 76.9 76.4 75.4 74.2 73.5 72.8 72.5 72.2 72.4 72.1 71.8 71.6 71.6 71.8 71.6 71.6 71.8 72.1 72.6 69.7 72.2 72 72.1 71.9 71.9
479.2 475.2 470.4 472.3 472.3 466.1 467.3 465 464.3 462.8 459.6 452.6 442.8 428.3 409.6 396 384 374.1 364.1 350.7 339.1 328.2 319.4 309.3 294.3 281.7 266.8 256.9 256.5 258.7 253 239.4 217.4 198.7 187.2 204.6 211.8 207.6 202.3 198 193 185.6 178.8 170.9 152.1 126.1 118.3 108 100.1 95.8 89 85.9 83.5 82.1 80.4 79.2 77.5 76.5 75.7 75 74.5 72.9 72.8 72.4 72 72 71.8 71.5 71.4 71.2 71.4 72 72.6 72.1 72.9 73.3 72.4 72 72.1 72.2 71.8
485.7 488.5 487.4 478.3 472.6 470.4 470.6 470.4 466.6 463.1 460.3 453.5 444.5 433.1 417.7 403.6 387.4 377.9 368.9 354.6 340.9 326.6 314 303.1 291.4 277.5 266.8 257.2 248.6 237.9 234.7 223 200.3 204 210.7 219.7 219.8 214.1 208.5 205 198.1 190.1 180.6 170 153.7 123.5 115.4 110.5 99.9 93.2 86.5 86.5 83.5 82.5 80 79.1 78 77.2 76.2 74.9 74 73.6 73.1 72.5 72.1 72.1 71.8 71.6 71.4 71.4 71.5 72.3 72.2 72.1 72.5 72.5 72.5 72 72.1 72.1 72
496.7 489.7 485.5 481.3 480.5 478.9 478.8 477.7 472 464.1 457.3 450.1 444.5 435.6 423.7 410.5 394 382.3 373.1 363.4 351 336.6 321.7 306.9 294.5 283.4 268.8 258.7 250.7 240.4 230.4 219.3 216.1 219.1 228.9 229.3 224 220.8 217.1 211.1 204.1 194.8 187.3 176.7 158.7 127.7 115.4 108.5 100.5 95.8 91.8 92.8 88 83.5 80.1 78.7 78.1 77 75.8 75 74.5 75.4 73.3 72.8 72.5 72.5 71.7 71.7 71.6 71.4 72.1 72.2 71.9 72.2 72.5 72.9 72.5 72.1 72.1 72.2 72.2
497.3 491.6 490.4 485.7 484.9 483.3 478.8 472.3 462.5 453.1 446.1 442.2 439.8 429.4 417.3 404 392.5 383.7 375.3 364.8 353.4 335.5 321.3 303.9 293 279.8 270.7 259.2 246.9 239.3 232.7 226.6 230.7 234.2 235.7 233.6 230.1 226.9 224.2 217.5 207.8 199.4 190.3 177.4 157 135.5 119.6 109.9 101.7 98.8 97.7 94.2 90.4 87.4 83.3 80.2 77.6 76.6 75.5 75.1 75 75.4 73.5 73 72.4 71.7 71.5 71.6 70.8 71.7 71.7 71.8 72 72.2 72.5 70.3 72.6 72.3 72.2 72.3 72.2
502.1 493.4 486 483 478.3 472.6 465.6 456.8 445.2 437.8 433.1 428.2 422 412.5 404 393.5 387.8 380.2 370.4 359.6 346.8 331.4 318.6 305.4 292.5 278.6 270.4 261.9 250.3 246.2 241.2 239.2 241.4 243 242.7 240.3 237 232 227.5 218.3 208 198.9 184.1 168.4 153.1 137.1 125.6 109.6 107 101.7 98.5 94.8 91.5 88.4 85.2 81.2 77.7 76.7 76.3 75.7 76.7 76.8 75.6 73.6 72.5 71.6 71.5 71.4 71.3 71.7 71.7 71.7 71.9 72 72.1 73.2 72.7 72.6 72.5 72.3 72.3
479 472.3 473.9 465.3 453.9 448 442.7 434.7 421.6 417.3 415.3 411 404.9 397 389.7 383 375.8 367.1 359.5 347.8 335.1 323.8 312.2 298.8 288 278.6 266.8 255.7 247.9 252.3 250.6 249.3 250.8 250.8 248.9 246.2 243.2 237.4 229.9 222.4 209.9 198.3 175.1 163.7 153.3 136.8 131.8 125.4 114.2 104 98.6 94.9 91.9 88.7 85.5 81.3 78.3 77.4 78.3 79.5 79.3 78.3 76.1 75.1 72.9 71.7 71.5 71.5 71.5 71.3 71.7 71.7 71.8 71.9 72.2 72.8 73 72.8 72.6 72.4 72.4
444.1 438.5 439.1 432 425.2 421.4 416.2 406.4 398 394 394.7 392.6 388.2 382.5 373.6 368 361.7 353.2 344.2 334.6 326.2 316.6 304.6 293.4 287.5 278.4 262.7 258.9 247.9 258.4 259.3 258.3 258.7 257.3 255.1 251.7 248.4 242.2 235.3 220.1 205.5 190.9 174.4 162 157.1 150.2 147.6 142.2 125.9 109.4 100.8 95.1 91.9 88.7 85 80.5 79.6 79.1 81.2 82.6 82.4 80.2 77.5 75.9 73.8 72.9 71.8 71.7 71.7 71.5 71.2 71.7 71.7 71.7 72.1 72.3 73.4 73 72.9 72.6 72.5
408.7 404.7 408.2 401 398.8 397.7 391.7 381.4 371.4 368.7 367.9 367 365.6 361.6 356.6 351.1 345.4 341 334.7 323 315.2 307.1 294.9 286.6 276.8 267 262.9 256 261.6 264.5 265.5 265.6 265.2 263.1 261 257.1 251 244.8 235.5 219.2 203.4 189.2 180.5 179.7 170.9 171 172.6 160.6 139.7 115.5 101.6 95.8 91 87.1 83.5 81.3 80 81.1 83 85 84 81.1 78.6 76.9 74.6 73.2 72.3 72.1 72 71.8 71.7 71.4 71.8 71.7 72.2 73.6 73.6 73.3 73.1 72.8 72.6
