GeneralExemplars/GeoExemplars/data/LakeDistrict/terrain-50-dtm_3563996/ny/NY30.asc
ncols 200
nrows 200
xllcorner 330000
yllcorner 500000
cellsize 50
[rows 36 to 71 of 200, columns 81 to 161 of 200]
83.8 88.1 85.9 86.2 96 113.2 128.1 151.2 172.1 196.8 224.6 254.9 285.9 316.5 343.7 353.9 359.8 382.3 399.3 411.1 421.5 439.4 461.6 485.6 500 521.3 538.4 555.9 577.4 591.2 598.8 595.7 573.2 532.8 497.5 468.4 448.9 431.6 410.7 394.3 383.2 377.9 362.7 343.1 328.4 310.5 288 269.8 260.6 253.7 252.6 256 261.2 266.9 278 288.2 300.3 319.3 345.2 370 392.7 413 430.9 445.3 470 492.1 518.9 501.1 478.3 435.3 400 376.2 352.9 335 317.6 308.2 308.4 309.6 311.9 312.2 316.4
80.6 80.8 79.2 82.1 90.5 109.9 128.6 147.8 167.3 198.5 231.3 261.6 293.9 331 345.7 357.7 365.6 383.1 401.1 409.1 417.2 438.5 462.1 481.8 497.1 515.7 535.9 555 574.3 583.4 589 590 570.9 542.4 515.2 480.5 459.2 436.4 415 395.1 376.9 363.5 356.4 343.6 332.2 318.7 298.5 275.1 263.1 255.1 251.3 252.8 258.1 264 273 283.8 301 322.3 343.2 364.6 386.4 405.9 421.7 435.2 460.6 487.5 508.1 490.4 464.1 426.4 398 373.7 352.7 337.4 319.1 308.5 308.5 309.8 312 314.7 318.4
77.5 77.4 78.2 82.1 91.6 110.5 124.5 145.9 168.9 203.3 237.6 267.7 299.9 328.3 347.3 369.1 370.1 376.5 389.5 397.8 414.7 434.3 453.9 473.5 490.6 507 530.3 551 567.2 572.2 577.3 578.8 564.6 538.7 522.2 498.5 472 452.5 420.7 399.6 382.5 370.7 358.7 347.3 338.2 324.5 306.2 285.5 268.1 256.3 249.8 251.4 258 263.7 269.3 282.1 303.2 321.6 338 359.6 374.3 396.9 414 431.4 460.5 485.9 498.8 486.4 452.9 417.5 396.4 371.7 352.5 334.6 318.7 308.9 309.3 311.6 315.4 318.4 321.2
76.4 76.1 75.5 80.5 93.4 109.8 127.7 145.2 170.9 203.7 239.5 272.6 299.9 325.7 352.5 372.6 368.9 373.8 384.5 396.5 415.1 429.1 445.4 470.1 476.3 495.9 523.1 539.4 555.5 560.8 566.6 566.4 556.7 539.2 522.3 503.4 481 462 425.8 401.7 384.7 374.8 361.3 349.5 338.9 326.5 310.9 294.5 275.3 259.4 249.9 252 260 266.8 270.6 280.7 300.1 319.2 334.4 352.1 372.6 394.2 412.1 428.1 454.4 479.7 490 483.6 451 416.7 396.4 370.3 350 334.1 319.9 311.4 310.1 321.6 320.1 322.2 325.5
74.8 74.9 74.6 78.3 90 105.7 122.4 145.8 170.9 201.2 235.5 266.2 292.5 322.5 355.9 372.2 368.2 369.9 381.3 395 409.6 421.2 435.9 458.5 467.6 488.7 509.5 531.5 546.2 553.6 559.9 558.6 547.4 530.3 514.5 496.9 476.5 457.9 436.4 405 384.4 371.8 357.6 347.2 334 325.6 314.4 300.4 286.3 264.2 248.8 250.9 256.4 262.7 268.1 276.5 298.5 317.6 335.8 357.2 377.1 399.3 414.3 429.9 451.4 473.7 492.1 480.5 445.6 417.6 396 370.7 346.8 326.3 317.3 307.1 311.8 323.4 323.4 325.7 328.9
71.4 73.7 74.1 76.3 88.1 106 124.2 145.9 170.2 197.8 227.7 261.2 288.4 320.5 349.1 365.5 368.1 368.2 382 391.3 399.9 412.3 429.7 447.4 465.4 489.3 511.9 529.7 538 542.9 545.4 543.7 529.3 521.7 504.7 484.6 464.1 441.9 426 406.7 383.3 368.8 349.5 338.5 337.1 323.2 314.9 303.6 291.9 269.9 254.4 248.9 250.7 255.3 262.3 273.2 295.4 314.2 337.5 360.9 380.2 398.9 415.5 435.1 457.4 477.9 493.9 477.9 439.6 420.4 391.6 370.8 348.4 323.1 309.6 304.9 308.7 312.3 320.5 324.6 332.4
69.7 71.4 72.2 75.3 93.4 111.6 126.8 143.8 170.5 198.9 227.7 259.2 289.2 329.4 355.4 367.2 368.9 367.7 377.6 389.2 398.2 411.2 429.1 440.9 463.9 488.6 506.1 519.2 528.1 529.5 528.4 519.6 515 506.2 486.2 468 440.1 424.9 405.5 397 377.2 360.2 344.6 331.9 330.8 319.4 318.1 308 294.2 276.6 258.5 248.6 249.9 253.2 257 266.7 288.7 311.9 338.2 361.4 382 399.9 419.5 440.9 462.2 485.7 488.7 459.2 436.2 416 394.2 375 351.2 326.1 311.6 301 302.8 308.5 317.6 324.2 335.2
69.2 68.9 71.2 78.7 97 110.5 123.2 141.9 167.3 196.4 220.1 249.4 282.6 324 353.7 362.4 366.2 367.7 370.5 381.7 398.2 410.1 419.1 438.9 459.9 479 496.2 512.5 517.1 515.1 511.4 504.3 501.5 489.6 473.1 450.3 424.2 409.2 390.6 381.5 370.2 351.5 336.7 327.7 323.2 318.3 317.1 311.6 298.6 283 263.7 246.9 250.6 249.6 250.8 263.5 285.7 310.6 334.7 356.4 380.5 398.5 420.9 441.2 467.5 494.9 491 458.7 434.2 413.4 390.9 373.4 351.3 329.3 310.9 292.9 298.6 303.7 312.6 320.8 336.6
69.2 69.1 70.9 81.1 98.5 112.2 123.7 140.9 167.3 191.2 212.7 242.3 277 319.7 347.1 357.9 361.2 360.5 372.8 386.7 396.9 402.2 413.8 433 451.8 473.2 488.8 512 511.2 503.3 496.1 489.1 489.5 475.5 458.6 439.3 417.7 399 382.5 375.3 366.4 345.5 328.7 327.1 323.3 313.7 311.7 303.7 291.1 279.2 261.5 244.7 250.7 240.9 245.5 257.8 279.9 307.2 337.7 359.5 378.2 397.8 419.3 439.3 461.3 477.5 477.9 455.7 439.2 412 387.6 378.2 357.3 331.8 311.1 290.1 294.2 299.4 305.4 316.9 328.2
68.5 68.4 72.3 81 93.2 105.1 118.7 142.8 167.6 188.4 208.9 242.4 279.4 313.8 337.9 359.1 359.2 357.5 366 381.3 383.8 393.6 404.4 424.1 440.4 457.3 478.1 500.8 504.2 489.8 480.8 481.9 477.6 461.8 443.5 427.5 410.4 395.5 377.7 367.5 352.2 332.8 318.1 311.3 310.3 305.9 306.2 296.5 285 274.9 256.5 242 244.3 234.6 240.3 252.8 279.3 306.8 339.5 362.8 380.9 396.2 412.5 432.4 452.5 473 463.5 452.8 433.3 405.6 384.4 377.4 358.2 331.8 307.7 290.7 290.5 293.4 299.4 307.6 318
67.8 68 70.5 79 87.9 101 119.8 143 164.2 182.3 210.2 245.5 273.5 304.8 341.4 352.9 345.1 351.8 357.3 365.7 372 382.6 393.3 412.3 427.4 446.4 463.9 489.1 495.1 479.2 472.2 471.9 465.8 449.9 431.8 422.8 404.1 393.8 376.1 361.7 346.8 323.3 307.5 298.6 293.1 294.3 296.3 288.1 276.7 266.4 255.2 234.7 241.1 232.3 240.4 253.6 279 306.2 340 363.4 370.8 390.4 409.8 431.2 456.6 462.7 455.9 446.2 425 397.8 382 374.5 355.7 328.7 303.2 289.7 289.1 296.3 298.2 305.4 313.4
67.2 67.8 69.9 74.6 87.7 99.6 118.5 141.1 162.1 183.3 211 243.6 275.9 305.3 325.1 328.3 335.6 346 351.5 352.9 362.2 370 381.7 398.4 416.7 435.3 456.1 481.7 487.9 475.3 464.9 458.1 450.3 439.3 424.8 413.5 399.2 383.3 365.8 354.8 334.4 316.4 301.6 293.6 287.7 290.6 289.3 281.7 271.1 257.3 244.7 231.9 228.6 227.8 231.9 252 278.3 303.7 344.1 361.4 367.2 383 406.1 431.8 450.7 447.5 446.2 438 414 395.6 379.7 370.9 351.4 329.2 303.8 292.3 287.5 291.9 297.9 306.2 313.8
67.1 67.7 70.1 76.1 89.5 97.9 117.4 141.7 163.6 189.4 215.8 245.3 272.1 297.9 306 318.6 334.5 337.2 341.2 340.4 352.3 357.3 371.8 390.6 408.1 422.4 442.6 466.5 475 472 462.4 450.9 441.5 432.3 420.2 403.7 393.2 376.7 357.3 339 325.4 302.9 289.7 287.1 282.2 279.4 280.2 274 264.6 244.9 233.5 223.5 220.8 221.3 227.3 247.4 274.1 301.4 331.7 355.1 367.9 381.3 405.7 424.3 434.8 437.4 432.8 421.8 409.2 392.4 379.3 363 347.9 328.5 313.3 298.3 284.2 289.5 296.3 306.6 315.8
67 69.1 71.7 76.4 90.2 99.3 115.6 141.3 163.9 192.1 219.7 245.6 264 285.4 297.4 315.7 322.5 331.5 327.7 334.1 345.7 355.6 367.7 383.4 404.8 417.3 431.2 450.2 459 462.8 458.6 446.7 437.1 427.5 417 399.2 383.4 370.2 352.4 337.2 323.8 302 277.9 270.3 274.3 267.9 261.5 252.7 245.4 236.5 228.4 219 217.9 219 226 241.4 271.7 302.2 332.8 346.2 358.7 377.2 395.3 411 422.2 420.4 421.4 418.5 405 392 380.3 366.2 351 331.8 311.6 296.2 281.5 285.3 292.8 299.3 310.4
68 72.1 74 79.5 87.9 97.3 113.7 139.3 162.4 188.9 216 235.9 258.1 281.4 299.7 310.9 316.5 326.1 316.9 325.2 340.4 350 360.9 376.4 397.8 411.5 424.1 442.3 454.6 460.1 453.2 441.4 430.5 421.1 410.9 395.1 374.3 361.1 346.3 333.4 316.7 294.5 267 260.6 264.5 252.7 244.6 240.6 229.2 226 224.8 216.3 211.6 215.3 225.8 241.2 270.8 301.4 321.4 331.2 349 370.7 382 400.6 410 411.1 419.6 410.5 401.5 392.1 382 364.9 353.1 334.5 311.4 289.5 278.2 281.1 287.7 295.6 308.3
66.6 68.7 72.5 79.8 90.6 105 120.4 138.7 163.6 189.6 221.1 242 262 284.8 300.8 304.4 306.5 309.2 303.9 318.6 338.4 346.1 353.5 372.4 385.9 402.5 411.1 431 449.1 454 451.7 437.9 426.7 417.9 407.5 388.3 375.1 360.1 350.3 332.5 306.9 282.6 260.9 250.5 249.9 241.4 235.7 240.1 232.9 227.6 220.9 214.9 207.8 213.8 227.4 245.5 264.2 284.7 303.6 321.3 340.5 358.3 371.8 385.2 395.9 399.6 408.4 404.1 399.5 393.9 383.7 362.5 349.9 333 307.9 287.5 274.1 280.7 283.9 291.7 304
66.2 66.9 71.5 79.4 94 108.5 127 143.6 164.2 193 220.7 239.2 260.8 281.9 293.9 296.5 298.4 295.2 292 309 327.9 341.8 352.7 365.4 378.6 393.1 400.9 421.9 443.2 457.7 454.8 437.8 423.7 413.3 401.3 386.3 371.3 356.8 347 325.9 296.6 275.1 260.9 249.8 236.1 231.5 228.6 235.9 234.2 225.6 217.8 211.3 204.7 212.6 226.4 241.7 258.9 275.9 294.9 317.4 330.8 345.3 365.9 377.1 383.6 391.3 401.4 400.4 395.5 391.3 385 367.6 351.3 332.2 306.2 284.6 271.8 276.8 283.5 292.3 307
66.5 66.9 71.6 82.7 97.8 111.3 128.2 147 165.5 188.8 207.6 234 248.6 268.7 277.5 289.8 286.4 267.2 280.5 298.3 316.4 334.2 349.8 360.9 375.1 385.1 396 414.4 439.8 453.6 453.7 440.8 424.6 411 398.8 379.8 367 357.2 344.8 315.3 288.6 277.1 267.1 253.5 237.7 228.4 223.3 225.3 226 221.5 212.9 206.7 201.8 210.4 223.1 235.2 252.4 270.2 282.9 305.1 315 330.6 356.2 368.6 374 382.2 389.3 394.4 394.2 391.9 381.4 357.9 359.2 334.1 305.1 281 269.8 275.3 280.5 293.8 306.9
66.4 67.2 75.3 89.1 101.8 111.6 132.1 151.2 169.7 191.7 207.7 222.1 235.4 249.9 265.3 267.5 263.9 247.7 257.2 281.1 308.4 337.9 343.3 357.7 374.5 379.3 382.6 406.2 434.4 450.2 451 442.8 425.8 411.2 398.4 381.9 365.8 354.5 334.7 311.5 295.9 282 267.4 254.8 236.9 222.7 218.9 217.7 220.3 217.1 208 200.2 199.2 209.1 220.1 230 245.3 262.8 279.4 295.3 309.2 330.7 343.9 357.1 365.8 371.7 383 390.1 393 387.1 369.7 359.4 354.6 326.4 304.6 277.4 268.7 272.4 280.1 293 303.2
66.1 67.1 78.3 92.1 99.3 112.2 132.5 158.9 177.2 196.1 213.2 222.5 235.1 243 252.8 247.3 239.2 222.8 242.1 272.4 295.7 321.5 323.4 342.8 358.9 366.5 382.4 397.4 426.7 441.8 449.2 439.8 423.2 409.2 398.3 383.1 365.5 354.9 337.6 315 294.3 281.8 269.2 260.6 242.5 217.6 208.9 205.5 205.6 201.9 200.7 192.9 194.1 202.8 214.5 225.3 240.7 257.8 274.2 290.2 307.9 322.1 335.9 346 354.1 364.7 375.9 383.1 386.1 374.5 360.5 362.6 339.4 322 292.1 271.2 259.3 270.5 275.4 289.3 300.9
65.6 66.8 83.5 90.1 96.1 114 139.6 163.1 171.4 189.6 200.1 211.7 229.3 244 245.1 235.7 215.9 203.4 227.9 252.4 274.3 294 308.4 326.8 342.3 360.9 376.7 392.3 418.6 432.5 440.1 441.1 432.3 414.8 399.6 382.9 366.5 351.6 337.2 315.8 298.4 283.2 270.8 261 241.2 214.2 200.6 194.9 198.1 198.1 194.7 187.9 192.2 197.4 208.4 218.4 239.1 251.3 268.7 281 293.1 306.1 323.3 338.8 346.1 356.6 368.1 374.2 372 367.9 364.8 354.6 336.5 311.6 295.8 275.9 259.3 263.4 274.2 287 299.6
65.9 66.6 79.3 83.8 95.5 115.4 140.1 148.4 162.1 171.7 179.5 191.1 210.9 222.4 218.7 209.2 194.6 186.3 214.3 229.5 246.5 266.4 283.5 304.7 327.5 351.3 367.8 383.1 408.1 424.7 436.5 441.6 436.9 417.2 400.1 384.9 370.5 353.4 337.3 320.1 303.4 282.9 261.4 244.1 225.1 204.7 190.3 187.7 188.7 190.6 186.7 183.6 190.2 194.2 201.4 214.6 236.2 247.8 263.4 276 285.5 297.1 313.6 329.1 341.2 350.8 363.4 370 370.5 369.9 362.2 350.4 333.7 313.9 301 277.5 260.9 259.9 269.5 283.1 296.3
65.2 65.6 69.8 77 96.8 110.6 132.4 144 156.9 161.3 168.6 178.2 192.1 197.1 199.8 183.8 175 174.1 198.9 208.3 222.1 240.4 263.9 286.3 309.8 337 353.2 369.6 386.8 411.7 425.6 436 429.2 412.7 397.6 387.6 377.1 356.8 338 320.3 309.1 285.6 251.4 232.5 221.8 207.3 191.3 182.2 182.2 180.4 175.4 181.9 190.6 193.5 198.3 211.4 230.8 245.6 259.1 270.4 279.4 291.9 305.5 317.6 331.9 346.6 359.4 361.7 366.7 369.6 361.9 349.3 326.4 313.8 302.2 271.6 257.4 255.8 263.1 275.9 291.9
64.9 65.5 66.4 72.5 90.6 106 122.3 137.1 141.7 146.7 147.6 164 174.7 170.4 166.2 162.5 155.1 152.7 172.2 180.4 205.7 230.7 252.4 272.6 292.7 314.5 328.9 349.4 369.8 397.3 407.6 418.1 409.4 402.3 400.6 395.5 385.9 359.4 338.1 318.3 304 276.5 248.9 230.8 217.3 205.4 190.1 180.3 173.4 169.1 168.5 182.8 191.3 192.5 195.4 205.2 228.6 241.6 252.7 263.8 274.7 285.4 296.6 309.7 329.8 342.4 349.9 354.1 360.5 368.1 363 341.8 325.3 308.4 293 270.8 253.6 250 262.4 276.2 290.8
64.5 65 66 72 88.7 102.4 111.1 112 123.6 130 138.6 148.4 157.9 149.9 141.1 139.4 137.9 135.4 154.2 160.1 179.9 210.9 233.8 255.1 270 288.9 308.1 330.2 350.5 370.3 379.7 383.2 389.2 394.1 394.8 389.4 384.1 362 338.2 318 298.8 272.1 249.1 227.7 214.1 205.8 187.8 176.8 170.6 161.1 166.1 177.7 186.1 187.4 189.1 198 218.7 232.5 246.8 255.9 264.2 276 284.7 303.9 322.3 335.2 336.5 344.4 352.5 365.4 355.6 333.8 315.9 302.8 287.8 270.8 255.2 247.8 260.8 276.1 291.1
64 64.3 65.6 70.9 87.2 98.5 102.1 107.4 115.5 123.9 133.8 141.6 148.3 147.1 134.6 121.4 119.3 120.2 135.1 145 155.6 177.7 199.8 223 245.8 264.9 289 312 336.5 353.2 363 359.6 363 363 365.4 362 378.5 363.7 339.8 316.7 297.5 266.6 251.7 227.4 211.4 207.3 194.7 173.6 165.1 155.7 161.8 171.3 179.2 183.8 181.3 186.6 204 220.1 235.7 245.3 251.2 261.5 275 294.2 312.8 323 332.7 339.6 348.4 359.9 342.1 328.6 315.5 299.9 284.9 272.1 256.5 243.4 259.5 274.8 286.4
63.4 64.1 65.4 73.5 77 82.6 93.6 99.1 108.3 123.8 130.5 142.7 148.6 141.5 127.3 119.7 114.3 113.1 121.7 131.3 146.6 159 179.2 204.9 228.9 239.9 260.8 285.5 318.8 340.7 331.6 324.1 326.3 328.7 331.7 320.9 330.4 355.2 335.3 305.6 283 259.8 249.8 227.9 208.9 201.6 192.8 170.5 155.8 148.8 155 165.3 172.2 173.9 171.8 174.5 189.7 206.6 223.5 235.4 244.3 250.4 265.9 286.5 300.9 313.2 319.2 336.3 340 341.8 338 323.5 306.1 290.6 278.2 265.5 256.4 240.2 254.8 269.1 282.9
62.8 63.2 65.6 77.9 90.7 88.8 89.8 93.1 102.5 118 125 121 120.8 117.8 122.5 114.7 109.5 105.7 111.9 120 131.6 145 164 180.9 200.7 211.5 233.2 268.8 298.7 309.2 292.5 285 279.4 287 282.4 278.6 293.6 320.5 315.2 295.9 269.8 245.7 223.9 208.1 196.8 184.3 178.3 165.7 153.2 142.8 145 156.9 161.9 164.1 162.6 166.2 176 192.8 208.8 223 235.5 245.8 260 276.3 285.7 300.5 313.9 325.6 331.9 336.8 329.8 313.3 298.9 281.7 276.5 262.4 249.5 238.1 249.5 260.7 280
62.5 62.5 64.5 80.7 93.2 90.8 89 97.6 108.5 115.6 117.6 118 117.5 115.8 110 104.4 101.8 99 101.6 108.4 116.3 127.8 135.8 159 169.5 180.7 198.5 217 237.5 260 247.9 238.4 236 240 248.4 249.1 256 271.8 260.4 261.2 254.6 229 209.9 201.5 197.4 171.4 161.3 154.7 145.7 139 137.1 144.8 154.5 160.3 157.6 158 169.5 178.2 194.6 210.4 227 237.4 247.8 265.1 277.8 290.9 307.8 319 326.8 325.7 320.9 304.4 294.3 281.7 275.3 256.4 241.8 235.4 243.3 257.9 277.4
62.5 62.5 64.2 81.4 95 87.7 89.1 110.2 117.4 124.1 127.1 130 130.3 120 97.1 93.6 88.1 94.1 92.2 96.4 102.6 108.7 126.5 143.8 154.2 157.9 164.7 177.1 186.1 197.4 207.7 201.5 194.7 203.6 213 211.3 214.5 225 222.5 229.6 230.5 218.8 206.1 196.1 179.6 163 151.5 142.1 136.5 128 125 135.5 150.4 154.7 152 151.9 166.5 176.4 189.3 204.1 219.9 232.4 241.3 248.7 265.9 280.9 299.3 305.1 315.4 318.1 312.5 292.6 289.3 272.7 264.7 252.3 239.2 228.8 231.6 249.8 275.8
62.5 62.5 63 80.5 81.9 81.3 92.7 103.6 117.9 130.2 133.2 136.8 128.1 115.2 88.9 85.5 80.8 78.5 80.5 90 91.5 94.9 111.9 135.5 127 133.3 132.6 147 149.9 152.9 156.4 150 160.4 177.3 181.7 177.5 177.8 178.6 183.6 199.6 204.3 201.3 194.4 187.6 166.7 154.3 143 136.3 131.3 122 124.8 128 131.1 147.9 146.3 139.3 155.9 169.4 182.5 194.6 212.8 220.6 228 237.8 248.6 270.4 288.4 289.5 294.9 299.3 301.7 285.8 278.5 269.8 262.3 254.2 240.8 231.8 226.6 246.8 275.7
62.5 62.5 62.5 70.2 68.3 74.8 86.3 103.2 124.4 131.4 128.8 130.3 125.3 108.2 86.2 78.6 82.6 69.4 71.2 91.2 79.4 78.1 88.7 91.7 102 104.1 115.2 117.9 121.9 123.3 125.1 123.4 128.9 145.9 157 146.7 142.2 151.2 160 164.3 169.9 173.5 179.9 173.2 158.1 145.8 133 130.7 123.6 112.9 112.3 120.1 126.1 130.7 132 128 146.6 160.9 172.8 184.4 205.6 208.3 221.3 231.2 239.4 259.6 272.6 280.8 286.6 287.1 294.6 280.4 277.6 270.6 263.1 251.6 237.3 215.1 230.4 252.7 277.3
62.5 62.5 62.5 65.7 71.4 84.3 93.2 118.1 128.4 139.4 128.3 118.5 111.7 105.6 79.2 64.1 66.8 62.4 63.1 65.2 63.3 64.3 65.1 75.5 84.8 99.1 107.5 102.5 102.2 99.2 100.9 106.1 108.9 114.8 123.1 121.4 121.5 120.3 132.3 141.3 152.3 156.8 161.3 159.4 145.6 135.6 128.4 118.8 114.8 104.5 102.9 115.2 112.4 116.9 116.7 118.9 137.2 150.4 161.6 176 189.2 204.1 212.7 216.9 231.9 245.5 257.4 272.9 278.5 283.8 291.2 280.1 272.7 269.2 259.6 249.6 225.5 215 233.3 252.3 275.9
62.5 62.5 62.5 62.5 76.1 91.4 102.6 111 121 127.6 123.8 109.1 101.3 92.3 64.4 63.5 58.2 59.5 60.7 57.4 56.4 55.6 57.7 64 68.1 74.6 84.1 96.8 95.3 88.1 87.9 89.3 95.6 106.2 108.6 106.1 102.2 96.3 109.4 119.5 134.3 143.5 146.9 141.8 134.9 125.8 118.8 112.2 106.9 102.8 93.5 97.7 100.3 105.4 107.5 111.8 129.4 142.1 153.1 168.6 182 200.6 202.6 211.5 225.7 237.9 248.1 262.2 271.4 281.1 290.3 277.5 267.3 261.3 257.9 246.3 222.7 208.3 230.7 254.6 280.3
62.5 62.5 62.5 62.5 69.4 88.2 100.4 103.3 107.1 114.4 111.8 101 89.6 74 61.1 56.3 56.5 56.8 56.6 56.1 56.1 55.6 55.7 57.2 59.2 63.8 77.1 80.2 74.6 73.4 74.7 72.1 77.6 82.3 91.4 89.6 85.6 82.7 92.3 103.2 119 128.7 128.9 130.4 123.8 115.9 111.1 106.4 100.8 98.3 89.9 90.9 96.6 95.2 98.3 99.3 117.8 132.8 145.7 158.8 174.4 184.5 190.9 205.4 221 231.8 240.3 255.4 266.3 275.2 280.3 271.6 265.7 259.8 254.3 237.7 216.9 208.3 228.5 252.4 280.8
62.5 62.5 62.5 62.5 70.6 83.8 92.5 97.4 102.3 104.1 103.1 99.7 78.8 64.5 56.4 55.4 55.3 55.6 55.9 55.5 55.3 55.3 55.4 55.3 55.4 57 63.5 66.4 64.8 66.8 63.2 64.9 68 71.2 77.2 75.9 72.3 67.4 76.6 89.2 95.3 104.5 108.1 109.6 113.7 111.1 104.7 99.4 95 93 87.1 86.5 89.5 88.5 90.9 92.6 104.1 116.9 134.8 148.9 167.5 178 181.9 198.5 213.5 225.4 235.6 247.2 258.9 265.5 271.8 266.3 264.1 260.3 250.4 230.9 209.1 206.9 227.2 254.9 283.7
