GeneralExemplars/GeoExemplars/data/LakeDistrict/terrain-50-dtm_3563996/ny/NY30.asc
ncols 200
nrows 200
xllcorner 330000
yllcorner 500000
cellsize 50
[rows 36 to 71 of 200, columns 0 to 80 of 200]
361.2 331 331.3 339.3 346.9 351.9 359.5 355.4 353.7 354.8 359.8 357.7 367.7 370 369.3 367.7 372.1 379.2 377.4 369.4 371.7 364.5 348 334.7 334.9 314 305.6 295.3 279.5 260.9 259.5 260.1 253.3 242.5 236.1 234.9 227.6 225.5 224.7 215 202.1 185.1 157.1 126.8 110.8 108.9 103.2 99.3 97.3 98.2 99.3 102 92.6 92.3 91.1 89.6 88.5 87.9 85.6 84.1 83.2 85.8 91.1 85.3 83.7 82.7 77.8 77.2 75.4 74.8 74.4 73.5 72.5 72.5 72.7 72.8 73.8 75.4 76.9 78.2 82.1
393.5 358.4 354.8 364.9 367.5 369.9 372.8 370.8 368.9 371.1 373.5 373.8 382.9 382.2 388.3 384.9 391.4 396.2 397.7 378.7 385.1 377.3 354.1 341.7 340.3 330.1 315.3 305 275.4 254.8 243.9 244.7 242.5 234 229.3 230.2 225.2 228 227.6 220.5 211.2 186 154.1 133.1 117.8 111.9 106 102.7 101.2 101.6 112.6 121.1 96 93 94.5 93.6 90.5 89 88.5 86.6 87 83.8 83.2 85.6 81.3 79.2 75.9 75.3 74.6 74.2 73.8 72.8 71.9 72.1 72.4 72.4 72.6 74.1 74.5 76.1 79.7
424.3 395.1 387.5 385.7 389.4 389.6 387.4 385.6 384.8 384 386.7 395.1 399 401.7 406.4 401.7 407.6 416.6 401.3 391.9 391.6 380.2 361.3 354.7 345.2 338.1 307.4 286.1 262.1 245.6 235.3 230.6 230.9 229.1 228.5 225.5 223.9 225.1 225.9 222.2 209.7 177.4 152.8 136.1 127.3 123.7 122.5 115.9 108 112.3 119.2 113.3 101 95.8 96.8 93.6 90 89 90.1 92.2 88.3 86 80.8 86.4 80.6 77.2 76.6 76.1 75.2 74.1 73.2 72.7 72.4 72.2 72.2 72 72.5 74.2 73.6 73.4 75.6
457.5 436.7 429.7 425.7 416.4 413 415.6 411.4 404.8 403.7 408.1 411.6 413.2 418.9 416.4 420.7 423.3 418.4 409.9 406.2 394.1 383.9 375.7 365.9 347.4 323.6 295.3 273.8 245.6 234.9 230.6 227.3 226.3 227.6 227.8 224.2 222.5 222.4 223.2 211.8 190.2 169.6 150.9 151.9 145.6 136.7 140.9 126.6 120.7 113 114.1 108.7 105.1 99.1 98.1 96.2 98.9 96.8 98.3 102.3 94.5 90.1 80.4 79.7 79.1 77.1 77.4 76.7 76 74.9 74.5 74.3 78.5 78.5 77.3 72.6 73 72.5 72 72.8 74.3
502.4 491.8 497 492.3 476 447.5 436.1 431.7 424.8 425.2 429 430.5 429.6 438 443.9 435.9 441.8 436.9 427.8 424.5 417 400.1 392.1 383.6 367 330.5 296.6 264.5 240.3 227.4 225.7 223.9 223.7 223.4 223.4 221 219.9 219.8 213.8 198.2 176.8 169.2 168.9 171.1 165.5 150.6 152.8 141.2 131.7 122.4 113 118.4 112.2 108.6 100.7 105.2 119.4 121.2 116.8 111.5 99.9 88.9 81.5 76.5 77.9 75.5 78.2 77.6 76.9 76.4 76 87.7 92 92.7 78.6 74 71.5 71.1 70.6 70.3 70.1
528.1 521.9 518.6 520.9 520.8 501.2 470.8 448.7 446 445.9 446.8 451.7 446.7 460 458.4 457.4 459 458.9 449.7 432 425.9 413.2 404 395.2 372.7 326.3 288.5 266.1 241.7 224.8 223.6 223.4 223.3 223 222.7 222 219.6 215.2 203.3 201.6 199.5 194.1 192.6 190.1 176.5 164.9 165.6 162.8 156.2 134.1 115.9 115.4 112.6 109.7 110.4 119 127 129.4 124 114.9 108.3 92 82.5 77.6 75.5 80 78.6 78.1 77.6 77.3 82.8 98.5 99.2 84.1 77.8 74.5 70.9 70.4 70.2 69.6 69.2
531.5 536.1 536.1 529.9 520.7 501.2 474.8 462.2 461 461.6 459.9 456.5 458.6 469.7 475.1 483.6 471.1 478.7 462.1 438.2 433.9 423.1 415.5 403.7 380.3 329.8 292.5 272.8 243.8 224.3 223.6 223.6 223.5 223.6 223.8 222.9 225.2 224.7 221.1 219.3 216.1 213.5 214.7 199.3 187.9 184.9 185.8 178.9 163.8 142.6 124.8 121.2 119.3 124 128.8 129.4 131.1 130.4 128.6 119.7 107.1 95.7 88 85.8 82.3 86.9 79.5 79.6 78.4 78.1 77.6 88.3 84.8 77.3 74.3 72.6 70.6 69.8 69.8 69.4 69.2
535.1 540.6 539.1 539.5 526.2 507.8 481.5 469.4 471 471.1 463 460.2 461.3 474 487.4 494.5 485 488.3 465.9 441 433.1 425.2 414.1 407.8 379.6 333.1 292.6 270 241.5 225.5 225.4 225.2 224.8 225.1 225.6 227.7 237.3 235.2 233.1 234 232.3 230.3 228.4 214.1 204.3 201.5 197.3 193.8 179.2 159.7 143.6 131.2 136.7 139.1 144.5 144.3 135 128.8 130.4 123.6 111.6 108.7 105.8 96.1 94.3 90.9 87.6 86.4 79.6 78.7 77.2 77.7 77 73.8 72 70.7 70.1 68.6 68.8 69.3 69.6
528.1 532.3 528.7 524.2 511.1 507.6 487 482.5 478.7 480.3 470.1 464.9 465.4 472.8 481.9 489.3 492 479 457.1 439.6 436.8 431.9 414.1 399.7 366.5 332.3 296 269.1 243.8 227.6 228.1 227.3 225.3 227.5 230.2 237.9 242.4 243.2 242.7 246.6 248.8 249.5 238.8 228.7 225.7 222.7 214.4 215.9 202 183.1 156.3 141.9 148.3 148.6 154.4 154.9 141.3 133.4 125.2 120.4 116.2 120.2 116.2 114.4 113.2 105 101.9 97.4 85.4 76.8 76 76.1 76 75.7 77.8 70.9 69.3 68 68.3 68.8 69.3
516.6 519.4 514.1 507.6 500.6 501.1 491.2 490.6 489.9 483.2 474 471.5 471.3 474 478.9 483.9 481.1 470.9 456.2 447.8 442.3 430.2 415.2 403.1 373.5 330.5 303 276.3 252.5 230.9 230.9 228.9 228.2 227.5 230.8 237.7 247.6 249.1 253.3 257 264.8 269.8 253.5 248.7 243.3 237 229.3 225.5 217.3 191.1 161.1 152 165.6 164.7 160.4 156.1 150.1 142.6 130.9 125.3 127.9 132.8 131.2 129.4 129.5 105.2 94.2 90.2 84.3 76.3 74.9 75 75 74.2 71.6 70.2 69.2 68 68.3 68.7 68.7
501.1 502.2 501.2 500.2 499.4 493.3 486.2 482.8 474 475.5 474.2 477.1 476.3 480 483.4 489.1 480.2 469 461 456.4 454 437.5 422.8 405.5 367.3 331.9 311.6 288.1 268.2 243.4 235.4 234.2 233.4 240.2 242.9 246 251.6 260.2 264.5 267.8 277.1 280.3 273.8 272.6 267.1 256.7 250.6 232.2 218.4 202.3 178.7 164.1 176.4 174.3 170.1 164.5 158.1 153.5 149 144.5 144.1 144.1 143 138.1 123.2 95.6 93.8 90.6 87.3 80.9 72.2 71.6 71.3 70.7 69.6 69.4 68.8 68.1 68.2 68.6 67.9
494.2 494.1 496.7 497.2 497.2 491.1 480.8 472.3 469.2 472.3 479 479.4 478 483.2 489.1 490.7 479.5 466.6 465.8 467.6 459.1 444.7 428.4 400.5 368.7 343.8 323.4 300.3 274.9 251 245.4 248.1 251.4 257.2 258.2 254.8 256 263 272.8 276.8 282.4 287.2 289.6 291.5 286.4 284.7 267.8 241.9 236.1 217.9 196.7 179.4 188.9 188.3 187.4 172.9 170.1 167.8 167.5 169.7 168.2 163.5 154.3 142 118.5 92.5 88.7 83.9 82.4 74 68.8 69.2 69.9 69.8 68.7 67.7 68.6 68.4 68.3 67.9 67.1
490.2 487.7 489.4 485.3 487.6 474.9 469.8 464.9 466.9 470.7 476.2 480.3 480 483.5 490.1 493.8 487 470.5 467.5 475.6 465.5 451.2 439.6 408.7 379.5 356.6 337.3 313.4 290 264.3 258.8 263.2 265.5 274.2 269.7 270.2 269 273.7 279.5 284.9 289.5 295.7 297.1 295.9 295.6 293.4 278.1 256.6 242.3 220.5 202 192 192.2 190.7 185 180.5 188.5 187.6 186.6 188.1 192.2 175.2 169.3 142.8 119.4 100.9 88.3 78.6 76 68.7 67.6 68 69.1 69.5 69.3 67.2 67.7 67.7 67.6 67.5 66.8
471.6 471.2 472.2 460.4 454.2 454.8 459.7 446.3 457.2 456.6 466.9 471.9 472.3 482.9 490.9 484.4 478 470.9 467.9 471.5 462.4 461.1 440.2 419.1 392.5 373.6 352.7 327.7 301.1 277 275.9 276.5 277.1 283.2 285.7 284.3 284.7 286.1 289.3 292.9 298.1 303.6 305.3 303.7 302.9 299.3 290.4 269.8 248 228.6 210 201.3 200.2 201.5 190.1 185.4 188.5 189 194.1 193.4 184.8 176.1 159.1 140.4 124.4 103.1 88.2 78.2 70.5 67.7 67.5 67.7 68.5 69.1 68.3 67.8 67.5 67.1 66.9 66.8 66.4
464.9 449.7 436.9 431 430.9 437.5 434.4 432.3 437.5 439.2 454.4 458.9 464.9 470.2 478.2 474.5 476.7 473.6 467.7 471.2 466.7 451.8 437 424 401.8 381.5 360.7 334.7 306.6 295.1 294.2 295.4 291.7 292.5 291.4 292.6 296.9 297.1 303.7 306.6 305.6 310.2 315.6 317.8 313.3 304.2 290.1 269.9 260 237.5 229.4 225.1 221.4 213.2 198.1 186.2 182.8 187.9 193.8 192.9 185.9 178.9 166.5 136.8 110 95.1 84.7 71.3 69.4 67 67.4 67.4 67.9 67.9 67.8 67.6 67.3 66.9 66.6 66.4 66.2
445.5 426.7 416.1 409.7 409.4 409.3 410 419.6 425.4 426.3 434.1 440.6 446.5 461.4 465.2 471.5 482.8 474.4 461.7 464.6 462.2 455.2 437.1 423.2 402.9 384.6 365.6 342.7 316.2 318.4 311.7 307.6 305.9 308.3 304.5 302.3 308.6 309.3 313.1 318.8 319.2 315.4 321 325.6 324.5 316.3 305 280.8 270.6 260.4 241.8 250.4 239 225.2 205.4 184 181 186.9 199.7 194.1 186.1 165.7 148.6 118.6 111.9 80.7 69.6 67 66.5 66.4 66.8 67.4 67.5 67.6 67.6 67.3 66.7 66.7 66.5 66.3 66.2
413.3 400.9 393.7 386.3 387.9 390.6 387.1 397.1 404.1 411.6 418.2 424.5 434.6 452.6 456.7 470.3 471.3 457.4 450.8 452.1 455.4 448.4 429.2 420.3 397.2 379.9 364 346.8 346.2 340.3 331.9 328.2 327.8 325.6 316 316.3 321.7 320.6 321.3 323.4 324.4 319.8 328 335.5 331.4 317.9 301.4 288.4 286.2 280.6 257.5 265.1 255.4 241.4 210.2 181.9 176.9 179.1 189.3 184.1 170.8 154.5 119.9 102.2 86.1 70.8 68.2 66.4 66.7 67 67.3 67.1 66.2 67.1 67.5 67 66.2 66.6 66.4 66.2 66.2
382.6 384.8 372.1 369.4 371.6 364.7 363 372.4 379.8 394 398.3 405.3 417.9 426.9 439.5 448.8 442 431.3 438.9 446.9 442.1 434.4 428.8 413.5 393.9 377.1 371.4 374.8 372.6 370.2 359 351.2 348 339.2 333.4 333.6 337.4 331.7 331.6 324.3 328.2 333.7 341.7 337.5 328.3 316.7 310.8 296 285.1 276 276 275.3 257.1 237.2 205.9 181.6 168.6 162.6 163.1 158 147.2 122.6 102.4 86.2 72.9 70.1 67 66.9 67.3 67.3 67 66.4 65.9 66.9 67.3 66.3 66 67 67.1 66.3 66.6
379.4 362.5 362.1 348.5 350.1 336.1 337.6 344.3 353.9 362.1 367.2 377.8 384 393.8 412 418.3 417.5 417.9 426.4 436.3 433.4 425.1 415.5 400.9 393.3 383.2 385.8 394.9 392.8 391.4 380.9 374.6 364.5 350.3 345.7 347.7 343 338.6 336.9 338.7 330.4 340.8 346.5 339.8 338.5 320.3 319.3 300.9 293.6 286.7 283.9 272 253.3 233.6 199.3 176.4 162.8 148.4 137.9 127.1 114.6 101.3 84.1 75.3 69.8 68.7 66.7 66.4 66.6 66.7 66.4 65.9 65.7 65.5 64.8 65.1 65.5 66.5 66.6 66.4 66.9
378.5 347.4 342.1 323.7 318 305.1 307 312.5 316.3 327.9 334.4 346.9 356.1 363.2 378.4 380.6 392.9 402.4 404.6 416.2 413.8 405.6 397.1 391 390.4 392 395.1 399 397.5 395.2 388.9 386.6 367.6 363 360.7 357.6 356 354.5 354.2 349.4 335.5 339.3 340.3 344.4 336.1 324.7 314.1 313.4 303 288.9 282.8 279.7 271.8 242.6 212.8 183.1 164.7 144.4 123.2 112.1 105 95 78.8 75 68.3 67.8 66.1 65.8 65.7 65.8 65.9 65.7 65.5 65 64.9 65.2 65.6 65.7 65.6 66 66.1
370 346.2 311.1 306.5 292 280.8 283.1 281.8 284.4 290.9 297.8 308.5 319.5 329.8 336.7 347.1 357 364.6 377 381.6 383.4 388.3 391.8 394.4 393.7 393.5 405.5 402.7 401.2 397.7 388 380 372.9 370.9 375.6 378.1 382.2 368.3 364.2 353.5 337.9 338.5 337.6 331.8 328.2 321.3 318.1 312.6 302.9 304.4 302.1 296.6 281.3 239.9 221.2 180.8 162.2 143 123.1 110 101.8 93.6 88.8 91.3 84.8 80.5 69.1 65.3 64.6 64.5 64.8 65 65.2 65.2 65.1 65.2 65.4 65 65.1 65.7 65.8
361.3 331.6 306 290.1 271.2 255.9 256.7 252.7 255 262.2 269.3 273.7 286.2 297.3 313.3 322.2 326.7 338.6 359.2 365.7 367.3 381.3 382.4 389.3 391 399 404.2 400.3 396.6 392.5 388.2 382.2 382.9 381.4 385.3 394.7 393.8 383.4 369.8 361.8 347.9 336.9 333.1 324.9 321.5 320.6 322.5 308.2 312.4 321.4 312.5 298.1 275.8 240.7 214.5 179.4 161.4 147.8 134.6 121 105.2 97.9 91.9 88.7 79.5 75 64.9 62.5 63.2 63.5 63.8 64 64.4 64.6 64.7 64.9 65 65.2 65.2 65.4 65.5
321.5 302.7 288.4 265.6 248.8 239.5 235.1 231.3 232.3 232.7 242.9 246.9 257.6 272.3 285.3 288.8 294 311.1 322.8 335.7 344.8 360.7 369.7 380.4 383.8 390.8 397.4 400.2 398.6 400.5 394.5 397.5 403.4 390.1 392.3 401.3 408.9 400.7 377 363.7 347 335.3 327.2 324.1 322.9 317.8 311.8 316.8 321.3 335.5 322.6 298.7 284 251.6 225.8 190.1 170 156.7 143.6 126.4 109.9 103 97.4 89.4 75.8 64.9 63.6 62.5 62.5 62.6 63.1 63.6 64.1 64 64.2 64.3 64.5 64.7 64.8 65 65.1
287.2 276.9 262 245.2 224.2 221.9 210.6 210.8 209.4 208.8 213.4 218.9 231.7 241.2 255.5 256.7 266 279 293.9 303.7 322 332.4 348.5 358.7 370.6 383.4 391.8 400 403.4 407 401.4 401.3 399.1 386.8 390.4 404 410.4 405.8 380.6 362.4 342 341.3 328.6 326.2 323.8 318.5 315.6 315.4 323.2 328 316 300.3 296.7 266.5 231.4 200.8 176.4 165.3 149.9 131.3 116.7 106.9 103 97.1 66 63.2 62.6 62.5 62.5 62.5 62.9 63.4 63.5 63.5 63.6 63.7 63.9 64.1 64.3 64.5 64.6
254.9 245.5 231.2 212.3 204.8 193.8 192.3 188.9 185.8 183.7 189.9 197.8 203.8 211.7 219.3 238.7 240.4 251.7 265.9 280.9 294.8 307.4 321.2 337.5 359 372.4 384.2 390.5 400.6 402.6 401.3 396.4 382.4 378.9 383.3 396.3 403.5 406.4 399.1 370.9 354.1 343.7 330.8 327 325 322 320.7 318.8 324.5 330.4 319.5 315.5 296.7 259.5 232.6 211.6 176.7 167.7 145.3 133.7 127.7 108.9 101.4 77.4 66.5 62.6 62.4 62.5 62.5 62.5 62.6 63 63 62.9 63 63.1 63.3 63.6 63.9 64 64
216.3 205.9 193.5 187.7 179.9 172.8 169.7 166 162.1 165.4 170.4 170.6 180.7 186.4 200.3 212.1 220.9 230.8 239.7 253.7 268.7 290.5 303.5 327.1 344.8 361.9 369.4 379.2 389.7 390.9 392 382.7 373.6 376.9 376.3 383.2 391.4 403.4 401.1 372.6 355.4 341.6 336.5 333.8 329.1 324.8 323.8 323.4 329 331.8 328.6 323.5 293.7 260.1 231.9 205.4 178 159.6 146 135.4 122.7 105 94.8 81.6 65.7 62.7 62.4 62.5 62.5 62.5 62.5 62.5 62.5 62.5 62.5 62.6 62.8 63.1 63.4 63.4 63.5
177.2 175.1 164.4 158.2 153.3 150.5 151.8 144.3 141.6 145 148.2 151.6 161.8 170.8 182.5 193 200.6 203.7 220.6 229.5 246.8 259.5 278.2 301.3 323.8 339.9 347.2 361.7 379.4 381.2 380.5 372.8 369.3 369.9 372 372 382.8 395 399.2 370.8 351.5 344.5 344.4 344.1 340.6 335 327.9 333.6 335.3 340.9 333.4 332.7 299.5 257.2 236.4 202.9 177 161.4 147.2 129.8 115.6 100.8 87.1 76.4 66 62.6 62.5 62.5 62.5 62.5 62.5 62.5 62.5 62.5 62.5 62.5 62.5 62.7 62.8 62.9 63
155.7 150.8 140.1 134 131 130.9 128.8 127.9 122.5 128.1 130.3 138.8 147.9 157.9 166.2 171.6 181 186.5 193.9 204.3 211.8 228.2 252.4 275.8 298.4 317.8 321.8 338 365 370.9 368.2 364.1 369.3 370.4 372 372 376.7 376.4 375.4 365.5 359.3 356.2 351.3 349.5 349.9 345.5 339.9 337.6 341.1 345.1 346.1 338.1 318.7 268.2 248.1 212.1 182.4 171 161.6 127.4 116 107.2 85.4 76.1 65.2 62.5 62.5 62.5 62.5 62.5 62.5 62.5 62.5 62.5 62.5 62.5 62.5 62.5 62.5 62.5 62.5
134.6 127.4 115.7 117 112.6 113.3 110 107.5 107.7 112.7 116.9 124.9 134.2 142.4 145.1 150.2 160.1 168.3 172.9 182.6 190.4 208 228 252.4 276.2 295.5 302.2 322.2 347.6 356 355.1 353.6 361.7 367.8 372.4 376.4 379.6 372.4 367.6 367.6 366.6 361.6 358.6 361.1 360.1 352.7 350.5 347.3 346.9 348.5 349.7 344.6 331.9 286.2 253.7 222.7 190.1 176.1 167.3 130.5 113.7 104.6 85.6 71.4 64.9 62.5 62.5 62.5 62.5 62.5 62.5 62.5 62.5 62.5 62.5 62.5 62.5 62.5 62.5 62.5 62.5
105.1 103.4 103.2 99.1 98.7 98.5 97.7 95.4 97.3 100.5 106.7 112.3 121.5 124.6 130.9 134.9 138.6 146 156.1 163.7 173 187.8 207.4 229.1 247.7 266.4 278.4 302.9 318.8 333.7 337.8 341.8 355.3 365.3 377.5 386.4 386.1 380.2 376.9 372.3 374 366.6 363.5 364.4 368.7 365.9 363.8 359.7 361.6 360 361.7 355.8 342.3 315 264.9 236.5 198.7 183.7 172.1 149.9 120.4 104.3 88.1 74 66.9 63.6 62.5 62.5 62.5 62.5 62.5 62.5 62.5 62.5 62.5 62.5 62.5 62.5 62.5 62.5 62.5
88.5 87.8 91.4 91.1 90.2 89.6 89.7 90.4 90.7 92.4 96.4 101.5 108 113.4 119.2 121.2 127.2 133 142.1 151.8 157.6 169.2 191.5 207.8 225.4 236.4 255.7 273.8 292.3 308.8 319.9 335.4 349.7 361.9 374.9 381.4 383.1 384.7 387.8 377.6 376.9 372.6 364.8 369.1 378 378.9 370.5 373.6 374.3 379.8 362.1 359.5 343.1 321.1 270.9 235.8 203.3 188.3 180.2 167.5 124.8 111 89 77.5 69.3 66.4 62.5 62.5 62.5 62.5 62.5 62.5 62.5 62.5 62.5 68 63.8 62.5 62.5 62.5 62.5
87.8 86.1 85.3 86 86.4 86.1 86.3 87.5 87.4 87.3 87.9 94.3 97.2 101.2 104.4 108.5 114.9 124.9 131.1 137.2 142.2 155.1 168.9 187.6 209.9 216.3 236.5 250.4 271.8 290.4 295.2 323.5 339.2 349.2 364 376.3 383.8 381.5 382.6 375.9 370.6 370.4 365.7 370.5 380.2 381.2 380.3 381.8 381.1 393.8 377.2 346.7 339 326.2 277.2 239.4 204 189.3 176.1 163.8 131.5 118.9 92.5 79.4 71.2 67.9 64.2 62.5 62.5 62.5 62.5 62.5 62.5 62.5 65.5 69.6 62.5 62.5 62.5 62.5 62.5
87.6 86.6 85.6 84.6 84.3 84.3 84.4 87.2 86.6 85.9 85.2 85.6 87 91.3 96.3 101.2 106.3 113.3 118.6 125.5 128.9 139.2 149.5 170 184.2 199.6 217.7 233.8 252.8 268.2 284.6 306 320.7 334.5 354.1 374.9 382.3 378.4 377.4 372.2 369.3 369.6 364.8 370.9 379.1 381.5 388.6 389.9 385.2 388.1 376.4 351.2 323.2 315.2 276.4 236.6 204.4 192.2 180.8 159.4 144 117.3 102.3 84.2 77.2 76.5 71 62.5 62.5 62.5 62.5 62.5 62.5 62.5 62.5 66.8 62.5 62.5 62.5 62.5 62.5
87.9 86.6 85.4 84.5 84.3 84.2 84 86.3 85.5 84.7 84.6 84.5 84.7 87 90.2 93.1 96.9 103.3 106 109.4 116.8 124.4 134.6 149.5 168.6 185.3 203.1 223.5 235.2 243.4 267.1 281.4 302.3 326.7 354.4 371.8 381.3 378.4 373.6 376.3 371.1 368.5 363.9 367 376.1 382.6 387.6 388.5 381.6 370.1 364.2 333.8 297.9 287.7 265.2 228.8 210.7 196.6 178.7 160.1 144.4 128.4 119.9 104.4 93.6 89.1 73.8 67.4 62.5 62.5 62.5 62.5 62.5 62.5 62.5 62.5 62.5 62.5 62.5 62.5 62.5
87.7 86.5 85.3 84.5 84.2 84.1 83.9 85 84.3 84.1 84 83.9 83.8 84.6 85.6 86.4 90.6 93.4 96.7 100.1 105.5 113.2 122.2 136.5 156.1 168.7 191.4 214.7 218.4 229.9 247.4 272.7 294.6 326.1 344.6 361.6 381.2 377.6 371.8 378 374.2 363.9 360.2 366.1 376.6 381.2 381.9 381.6 373.7 359.5 342.1 311.6 281.4 265.2 250.5 226.1 213.4 195.4 183.8 159.9 152.6 142.7 127.4 112 109.8 91.9 77.6 72.6 68.3 63.3 62.5 62.5 62.5 62.5 62.5 62.5 62.5 62.5 62.5 62.5 62.5
87.6 86.4 85.5 85.1 84.8 84.4 84 83.6 83.6 83.5 83.5 83.5 83.4 83.4 83.6 84.1 84.4 83.7 88.3 93.1 94.7 99.9 108.5 122.8 137.5 151.1 176.5 193 198.3 215.6 237.4 259.5 281.8 314.7 336 354.3 371 370.7 369.7 377.2 374.5 361.9 359.4 364.3 373 381 380.8 373.6 364.3 342.9 308.9 286.5 266.4 250.6 238.6 223.9 212.2 197.9 184.5 167.8 164.1 148.8 139.2 127.9 117.5 96.4 87.6 77.7 69.3 67.3 65.7 62.5 62.5 62.5 62.5 62.5 62.5 62.5 62.5 62.5 62.5
