GeneralExemplars/GeoExemplars/data/LakeDistrict/terrain-50-dtm_3563996/ny/NY30.asc
ncols 200
nrows 200
xllcorner 330000
yllcorner 500000
cellsize 50
[rows 0 to 35 of 200, columns 0 to 80 of 200]
347.4 334.7 325.5 310.5 300.6 294.9 288.9 283 280.2 282.1 279.6 281.4 279.9 280.7 278.2 274.3 271 265.1 255.9 244.5 239.4 239.1 255.7 255.3 252.9 268.8 283.4 302.8 310.9 335 352 362.3 375.9 393.5 398.1 409.8 410.4 404.8 395.2 383.8 372.1 358.7 347.1 329.5 306.8 282.8 257.8 237.8 218.9 199.5 187.2 178.9 169.4 167.5 170.3 177.7 186.1 189.5 180.1 167.8 153.1 139.8 129.4 121.7 118.9 124.6 133.5 141.2 154.9 167.3 179 191.9 206.3 225.7 241.1 244.7 233.6 226.2 218.7 218.7 234.6
339.9 329.6 312.9 301.7 289.9 287.1 282.6 278.3 277.3 278.4 276.6 275.1 270.1 270 267 261.6 259.4 254.1 247 240.1 237.8 238.4 241.1 249.1 238.5 248.4 261.1 271.6 294.1 309 310.6 320.3 339.9 359.7 377.8 411.1 410.8 420.8 416.6 409.8 407.1 392.9 384.3 355.5 328.9 299.4 271.9 249 229.8 210.4 195.3 184 173.5 163.9 159.5 160.8 166.4 178 173.7 163.4 149.4 134.6 123.3 117.9 117.3 121.5 128.3 135.7 146.3 160.9 170.7 180.7 196.8 216.3 233.4 234.5 229.1 222.7 214.4 211.3 231.3
341.2 337.4 323.9 303.6 295 289 284 278.8 275.2 275.3 272.3 272.4 269.6 267.7 259.9 255.1 250.1 244 239.8 236.3 235.5 236 233.8 231.4 226.5 229.5 242.6 251.2 262.7 280.6 288.8 302.8 311.2 322.1 361.5 382.9 379.3 387.5 387.5 398.6 406.4 406.8 402.9 379 349.4 319 283 263.6 244.4 225.2 204.6 193.1 181 171.1 163.2 151 151.8 156.1 164.7 157.5 147.1 133.8 121.5 114.9 115.7 118.9 123.6 130.4 138.2 151.8 163.9 170.3 186.5 207.6 226.6 230.9 220.8 215.9 205.6 205.9 222.7
352.2 351.2 338.3 324.7 313 302.6 293.4 286.4 279.1 274.6 272.9 271.5 269.7 268 260.6 256.5 252.2 243.8 238.9 236.9 235.6 233.9 234.7 231.2 218.1 213.3 219.3 230 244 259.4 261.8 269.2 278.2 293.2 312.1 322.6 328.8 342 351 357.6 377.3 389.7 393.7 400.5 377.5 332.2 301.9 278.7 254.8 235.8 217.8 203.5 189.3 184.2 179.7 168.5 152.9 147.3 150.6 150.3 140.5 133.5 121.4 108.9 111.4 115.2 119.7 125.7 131.2 140.1 151.8 164.1 177.4 193.8 213.1 221.5 215 208.6 198.7 196.5 200
374.3 372.9 367.5 356.8 347.3 322.6 309.8 296.3 286.7 282.7 279.6 277.7 277.2 273.9 268.7 265.2 257.2 250 242.5 240.8 238 237.2 239.5 227.5 214.8 206.2 205.5 209.6 220.8 231.8 234.1 239 247.2 263.5 271.2 282.7 298 305 313.4 324.7 339.7 357.4 374 390.8 387.2 349.4 324.7 304.2 268.5 248 232.9 220.9 209.2 201 197.2 186.6 159.7 143.4 140.7 150.4 147.6 126.1 117.3 108.3 108.8 115.6 117.4 121.2 125.9 136.2 140.9 156.4 167.6 183.3 203.4 214.1 208.1 200.1 189.7 192.6 211.3
402.4 402.5 403.8 399.9 369.7 350.1 331.8 310.5 300.7 292 288.7 287.2 286.8 283.7 281 277.4 270.6 267.4 258.1 253 243.9 241.4 234.6 227 220 207.1 202.7 199.2 200.5 208.8 212.8 216.1 223.1 230.2 240.6 254.5 263.1 272.4 283.1 296.1 304.9 325.5 347.9 366.8 386.8 367.6 341.8 317.6 286.5 263.8 247.8 235.1 225.2 216.4 208.1 181.4 173.9 161.5 140.5 142.6 151.8 129.4 111.4 107.8 110.6 114.9 115.3 114.5 120.3 127.3 133.7 147.5 159.2 172.1 194 209.4 200.7 190.4 182.2 200.9 221.3
429.6 433.8 441 429.4 410.9 389.6 367.5 337.7 314.2 308.4 303.1 303.5 300.3 296.4 293 289.2 284.2 289.9 279.8 266.3 265.7 257.5 242.1 227.6 224.1 220.9 222.3 216.4 203.1 185.6 186.6 188.3 198.5 210.6 215.9 224.7 233.9 241.7 255.9 267.3 280.9 304.2 321.8 350.9 371.2 358.3 349.6 341.8 318.3 283.6 265.6 250.3 238.1 226.1 211.5 195.5 181.9 175.8 149.7 132.3 132.7 130.7 120 108.3 105.6 109.5 111.9 108.3 115.7 121.5 127.5 137.8 153.3 166.2 185.3 196.1 189 176.9 185.3 206.4 227.5
454.6 455.1 460.6 460.3 459.4 441.7 425.1 375 344.3 332 319.5 317.1 313.3 307 304.5 301.8 297.3 294.9 286.2 280.1 278.4 264.4 254.4 241.7 236.3 238.2 238.3 238.4 212.8 190.3 176.3 172.2 178.5 190.4 199.9 202.6 209.5 221.3 229.1 240.4 257.7 278.5 291.3 323.9 345.2 346.8 348 359.8 341.3 304.4 282.6 270 253.2 246.7 236.1 211.5 194.8 167.2 156.1 146 124.2 111.3 109.9 107.4 103.3 104.4 106.2 105.3 105.5 113 119.1 129.1 145 161.7 174.5 178.6 170 172.8 189.1 213.1 233.7
479 481 490.7 488.7 486.1 477.8 470.7 413.9 380.9 364.7 350 331.9 322.7 318.1 318.1 314.7 308 308.6 305.5 294.8 285.3 271.3 256.8 246 244.4 249.2 251.8 250.1 211.8 188.6 177.4 169.7 168.1 171.6 173.9 176.1 188.1 194.4 204.5 215.8 237.8 255.6 271 293 306.9 321.8 334.4 343.2 344.3 323.7 303.5 288.7 273.9 269.3 256.6 230.7 200.6 185.3 170.8 162.6 142.3 125.6 111.7 105 100.9 99.7 100.4 100.1 98.7 105.1 115.2 125.5 139.5 155.1 165.2 151.9 154.7 174.2 193.1 217.4 239.4
501.4 500.5 508.4 503.9 507.6 501.9 487.4 468.1 431.5 398.7 375.8 356.2 341.7 334.8 331 326.2 324.5 323.4 319.8 312.1 300.2 285.5 273 265.8 260.1 257.9 256.9 245.5 211.7 186.9 173.4 168.8 167.5 162.7 162.4 162.2 168.5 170.5 181 200.9 218.7 235.1 251.4 270.5 285 299.5 313.4 330.9 334.3 332.7 323.1 309.4 303.1 293.9 280.2 250.5 221.7 200.5 184.8 176 157.9 129.2 120.4 104.6 101.2 100.2 98.4 97.7 97.1 103 112.4 121.8 134.9 149.6 156.3 141.9 155.2 175.8 196.7 217.6 240.9
521.4 520.2 524.6 522.4 527.3 527.3 511.9 494.8 476.2 449 423.7 399.5 371 356.1 347.6 341.9 343.7 344.6 341 329.4 323.1 307.6 295.6 286.8 275.1 266.3 262 249.3 214.4 193.5 184.1 172.2 167.9 160.5 159.9 158.9 159.5 160.7 166.5 190.9 208.6 218 238.7 256.3 265.8 280.1 296.4 315.4 328 340.3 340.5 335.6 334 320.9 294.5 274.2 250 218.3 198 186.4 152.7 133.2 116.7 102.1 99.3 100.1 99.4 96.5 95.7 100.6 108.1 118.8 130.6 140.1 150.1 136.4 152.1 174.4 195.9 215.4 239.6
536.5 538.2 541.9 541.3 533.8 539.7 536.7 512.3 494.6 477.8 472.5 453.1 405.2 374.1 367.8 359.4 361.8 361.6 354.4 345.4 338.5 334.5 315.4 305.6 289.7 277.5 270.4 252.3 228.9 209.5 193.1 180.4 176 164.2 159 158.2 156.2 158 160.7 177.7 192.7 202.9 220 239.2 251.9 259.7 274.7 297.6 318.5 337.8 349.6 356.2 358.5 343 320.2 305 275.9 244.5 217 191 163.1 135.4 120 103.1 98.8 98.6 101 102 95.3 94.8 105.5 113.3 125 135.2 141.9 134.2 150.1 179.7 192.5 208.9 233.9
548.9 550.2 546.8 548 543.3 549 547.2 526 497.8 491.3 485.8 461.2 427.6 396.7 379 379.8 380.4 375.9 367.8 362.1 356.7 344.7 330.2 316.4 308.4 295.5 284.1 267.9 237.5 226.6 214.3 204.3 183.1 167.7 159.3 158.7 156.6 155 158 166.7 184.7 188.4 200.3 216 232.2 244 261.3 288.9 317.9 334.2 349.8 373.6 390.4 381.8 359.8 337.8 293.7 273.5 244.1 208.7 175.3 146.6 123.8 107.5 99 96.2 96.9 97.1 94.1 94.2 103.7 109.9 119.5 129.9 135 134.8 148.2 165.4 182.5 207.1 227.4
550.1 550.7 550.8 546.3 546.4 549.6 548.2 540.2 509.4 491.7 484.7 462.9 434 413.3 403.2 395.4 395.3 392.1 388.7 381 376 367.8 352.6 347.6 325.4 311.5 300.2 277.5 257.8 238.2 228.3 221.7 187.1 181 167.7 167.4 161.6 155 153.4 159.5 178.5 182.5 187.1 202 220.1 232.4 248.7 269.1 294.9 314.7 336.6 367.8 391.5 388.8 382.7 365 325 294.3 269.2 223.9 184.6 152 125.6 109.6 100.9 95.2 95 94.3 93.1 93.3 103.3 107.5 115.9 123.5 120.9 131.6 142 160.8 180.2 201 221.6
543.4 546.5 549 544.9 539.8 538.7 539.1 537.7 515 493 476 465.7 459.6 433 416.4 409.5 414.1 413.6 409.7 399.6 386 373.8 368.6 363.2 344 327.2 317.2 289.1 274.1 250.2 235.2 214.8 192.4 183.4 178.4 178.4 181.3 166.5 152.4 150.8 156.1 160.3 173.4 195.5 213 218.6 232.3 255.5 274.2 296.6 324.1 355.8 377.8 393.5 382.9 380 353 313 280 220.3 177.9 148.4 124.7 113.1 104.1 97.5 93.2 92.9 92.3 95.6 102.5 107.3 112.4 117.4 121.7 129.3 145.7 157.2 168.3 187.7 211.7
536.2 540.3 541 536.3 532.9 529.4 539.3 540.1 527.7 501.4 459.2 444.3 451.2 436.4 417 414.4 420.9 416.7 413.4 406.9 396.2 366.9 363.7 356 339.9 323.9 319 295.3 278.2 257.9 243.1 224.6 202.3 191 186 188.6 188.5 172 153 148.2 145.5 152.8 165.7 185.1 190.5 205.7 217.9 235 264.2 277.6 310.2 331.6 358.7 378 382.9 383.3 361 333.9 285.3 220.2 180.2 151.2 131.5 116.2 105.7 99 92.6 91.2 91.2 97.7 101.6 105.2 110.1 110.1 120.8 134.2 147.3 153.1 158.8 179.5 199.7
518.1 521.2 525.3 524.9 522.4 515.2 528 531.9 522.9 485.1 444.2 413.7 419 406.8 396.4 393.9 385.7 382.1 383.8 384.7 370.2 354.3 343.7 327.2 308.5 305.1 312 283 277.4 264.6 248.5 234.8 217.9 198.8 189.3 189.3 181.2 172 153.3 141.7 139.7 145.2 164 168.5 175 188.9 201.8 219.3 237.3 261 296.7 313.8 329 358.4 377.2 385.5 370.7 328.7 280.6 229.3 186 159.1 137.8 119.8 109.2 97.8 90.7 89.7 89.8 97.1 99.8 103.4 104 107.7 117 131.6 143.2 145.7 149.6 169.9 191.2
501.5 506.6 510.5 510.2 502.9 501.5 499.8 492.5 472.5 450.1 425.2 391.6 380.3 375 371.5 370.2 359.3 357.2 363.8 353 347.1 343.4 332.5 309.8 296.9 286.7 280.6 262.6 256.6 253.8 259.4 241.4 226.1 207.2 193.8 188.4 182.3 167.9 156 142.6 134.9 142.5 151.3 159.6 166.2 176.7 185.7 206 222.3 247.3 274.1 300.2 316.7 329.4 356.4 372.9 365.4 303.9 267.3 231 193.6 162.7 143.4 124.1 112.5 99.5 90.7 88.4 88.6 93.8 94.1 96 100.1 104.3 111.7 122.8 134.3 136.1 146.2 163.5 183.4
494.1 496.4 497.1 497.8 492.7 483.9 470.4 452 434.3 407.8 389.3 371.2 351.8 348.8 351.9 350.6 345.1 333.1 335.4 333 331.8 323.7 308.1 297.7 285.7 273.7 256.6 242.7 239 240.1 242.1 240.2 232.3 213.5 196.3 190.5 187.8 181.3 173 144.9 132.4 139.8 141.4 148.8 157.2 163.6 174.3 188.1 205.7 234.4 258.2 279 302.6 315.7 330.9 354 354.4 302.7 263.9 226.8 193.4 165.8 145.8 128.1 116.4 104.9 91.7 88.1 89 92.1 93.4 96 97.1 100 105.5 113.4 123.6 127.3 140 156.9 178
489 485.7 489.3 484 474.6 465.3 456.6 421.5 394.4 377.8 357.7 341.1 329.9 322.8 325 322 315.5 311.1 316.5 315.5 315.7 309.5 301.2 289.6 282.4 265.9 242 230.9 226.6 225.4 225.5 227 224.6 212.1 199.2 197.3 191.1 180.5 160.3 139.4 133.5 137.1 134 143.2 144.4 148.2 158.8 173.8 191.8 222.6 248.7 268.4 287.2 304.2 323.1 338.3 339.5 303.4 265 228.6 197.5 175.1 155.7 136.3 121.1 108.5 94.7 87.8 88.1 90.2 92.3 93.1 94.3 97.3 102.3 110 117 123.7 137.1 153.2 172.4
478.5 480.7 488 482.8 472.5 459.2 441 395.5 363.8 346.4 331.1 317.3 305.4 302.1 302.7 305.1 308.7 295 303.6 297.4 301.1 301.2 298.5 291.1 288.3 256.5 236.7 224.8 219.1 215.7 214.6 213.9 211.2 210.1 212.1 211.8 203.2 186.3 161.6 137.2 127.8 131 120.6 122.2 126.9 134 149.1 162.1 181.9 214.9 249.7 266 281.6 298.5 312.2 318.4 326.3 306.8 268.5 233.4 204 184.1 163 143.9 123.8 108.5 96.3 88.1 87.9 89.8 91.2 91.6 91.8 93.5 102.8 111.1 115.9 121.4 134.3 156.8 166.3
470.5 474.3 479.3 474 474.9 456.9 403.2 367.9 341.5 324.1 309.6 298.1 291.7 286.9 285.9 285.9 283.5 294.2 286.2 286.1 298.1 312.1 297.9 291.3 276.4 260.3 242.1 231 218.5 215 212 213.1 210.3 209.4 214.6 219.9 214.7 205.9 168.4 136.9 120.8 116.6 115.7 114.4 116.3 123.8 135.5 152.7 176.8 203.2 235.3 261.4 268.6 285.7 300.5 313.1 324.3 306.6 269.4 238.5 212.5 187.1 163 148 127.3 115.7 101.5 88.8 86.9 87.3 88.4 89.3 89.7 90 97.8 106.1 110.6 115.7 128.3 141.2 156
463 468.7 467.4 470.2 455.8 418 379.2 351.7 330.6 307.6 293.2 283.8 279.5 279.5 279.5 279.5 279.5 281.6 281.6 279.5 286.2 300.7 308.9 300.9 273.2 255.4 245.9 230.6 219.2 216 214.1 216.8 214.7 205 208.4 216 207.3 189.7 163.1 130.5 119.9 111 109.5 110.2 113.5 118.9 131.3 145.8 163.5 188.9 215.3 237.4 250.7 265.3 282.3 301.8 295.2 290.1 273.8 240 215.5 182.8 162.8 144.3 127.5 120 104.6 89.1 84.6 84.1 84.6 85.8 86.9 87.3 91.9 99.3 103.9 113.9 126.9 133.7 151.3
453.6 459.1 455.9 451.7 423.5 395.2 365 344.6 319.2 297.7 285.7 279.5 279.5 279.5 279.5 279.5 279.5 279.6 279.5 279.5 282 302.3 306.8 289.7 264.7 251 237.6 227.5 224 219 219.6 221.6 220.5 214.9 191.4 203.6 186.6 188.6 164.3 129.6 120.5 112.1 110.8 108.9 110.8 117.3 125.9 146.6 160.1 174.3 195 204.8 224.9 243.8 262.9 267 260.9 254.6 257.3 243.3 211.3 181.6 162 145.9 134.7 119.5 101 88.2 83.6 82.2 84.2 84.2 84.1 85.4 88.9 90.7 93.8 109.3 120.9 126.6 144
441 443.9 442.6 430.6 398.9 374.3 356.5 341.6 320.1 294.1 283.8 279.5 279.5 279.5 279.5 279.5 279.5 279.5 279.5 279.5 279.5 280.3 281.2 271.7 254.7 243.5 233.8 229.5 229.9 227.4 222.2 223.6 218.9 216.1 196.9 173.9 165 155.9 137.3 124.7 117.4 109.4 108.3 108.9 111 114.4 124.1 146.6 152.1 153.4 160.1 179.5 206.2 217.1 215.3 216.6 217.1 223.1 230.9 240.3 201.8 176.8 162.4 155.6 142.1 115.8 97.1 89.8 84.5 81.3 81.2 80.7 81.5 83.8 84.4 87.2 88.7 104.5 112.4 118.1 138.5
430.7 428.3 426.3 406.8 380.7 359.8 343.3 328.1 315.7 293.1 283.4 279.5 279.5 279.5 279.5 279.5 279.5 279.5 279.5 279.5 282.1 281.5 275.2 265.9 257.3 250.3 245.1 242.2 234.5 230.1 224.2 223.1 221 222.1 209.7 177.2 150.6 127.1 121.8 118 112.3 108.2 107.2 107.9 111.7 109.7 122.4 142.5 134 130.9 137.9 166.3 173.4 166.7 172.8 179.6 184.9 196.1 207.9 216.7 199.5 167.9 155.9 146.4 128.8 110.3 96.7 88.6 83.1 81.3 79.4 80.9 81.8 82.3 82.6 82.8 85.3 93 101.8 111.2 128.5
421.6 416.9 402.8 381.6 365.1 352.8 339.3 323.7 308.7 293.6 282.5 279.5 279.5 279.5 279.5 279.5 279.5 281.9 281.5 279.5 292 292 291.9 274.9 262.6 258.6 256.7 246.1 235.4 227.9 223.3 222.1 221.2 228.4 203.5 176.3 151.9 133.6 120.5 113.1 110.5 109.4 105.9 107.4 106.3 104 112.3 117.7 115.5 114.4 125.4 127.4 129.2 137.9 140.9 152.1 167 178.4 189.2 194.4 178.4 160.2 147.4 132.8 117.1 101.9 93.2 88.5 82.7 81.2 79.6 80.9 81 81.7 81.7 81.1 82.2 89.3 96.1 105 117.2
409.1 398.2 375.3 361.5 353.2 342.3 328.2 314.6 302 294.3 285.5 279.9 279.5 279.5 279.5 279.8 284 284.4 285.3 294 303.7 307.1 290 276.6 270.4 266.5 262 256.2 241 232 225 221.7 220.6 210.7 196.7 176.5 160.2 146.1 130.6 116.4 110.9 108.6 107 105.9 103.1 100.3 99.6 98.9 98.2 106.9 106 104.7 110.4 115.1 121.8 139.6 149.8 157.3 172.4 165.3 160.5 151 142.2 123.5 106.8 98.9 92.2 86.2 82.6 82.3 80.6 79.7 81 86 85.2 79.5 80.8 83.9 94.5 98.7 106.3
399.2 373.3 354.4 345.8 335.7 324 311.5 301.2 297 293.7 289.6 284 279.8 279.5 286.2 287.8 290.9 291.1 290.6 298.6 304.3 304.2 295.4 290.5 277.3 269.3 264.8 260.5 245 235.4 233.5 226.8 224.1 212.4 200.9 188.3 174.5 159.3 143.9 125 117 113.5 118.2 104.4 99.6 99.3 98.5 96.8 96.9 96.2 96.7 96.3 100.7 106.6 112.3 120.1 131.5 128.3 129.4 132.6 132.8 133.2 130.9 117.6 109.2 99.4 90 83.7 82 80 78.8 78.8 78.7 83.8 86.9 78.3 80.1 82.8 87 90.4 97.5
364.4 349.1 336.7 328 318.5 309.7 299.4 297.1 294.3 291 286.5 281.7 281.8 283.5 289.9 294.6 295 293.1 294.2 299.3 303.2 308 308.6 305.5 292.7 276.6 269.2 266 253.7 245.4 238.6 234.7 234.4 231.4 212.4 198.8 191.3 169.6 154.2 141.8 135 121.7 115.5 104.2 98 98.2 98.6 96.5 96.5 94.4 93.8 93.4 96.2 101.7 103.5 106.9 120.6 109.2 114.1 109.6 112.8 116.5 116.8 113.6 105 96.5 86.8 83.4 79.2 78.3 77.5 77.6 77.4 78.4 80.5 79.8 80.3 81.2 84.7 89.7 94.6
338 327.4 321.2 315.9 308.8 306.8 301.9 297.4 290.9 286.8 288.5 290.5 290 299.5 296.6 297.6 296.3 297.1 299.6 303.2 306.2 308.6 310 313.6 302.6 280.4 271.2 267.8 259 257.4 246.8 244.7 240.8 239.8 227 214.7 205.7 185.1 172.4 159.6 149.5 129.2 109.1 101.7 99.1 96.6 95.3 93.5 93.9 94.8 93.2 92.7 92.3 95.9 100.8 100.1 105.4 96.5 97.5 96.4 98.8 101.3 100.5 105.6 99.9 92.2 89.7 81.1 78.9 78.1 77.1 76.7 76.5 76.5 77.1 79.1 81.4 82.2 84.1 88.8 92.9
326.8 321 315.9 310.9 311.3 309 313.5 309.3 304 295.8 295.2 301.5 302.2 308.4 304.3 302.8 301.4 303.6 308 311.4 311.7 310.9 310.6 309.8 296.8 286.2 275.5 270.6 265.1 254.4 255.1 254.7 248.7 242.2 233.7 235.1 223 198.5 189.2 182.7 163.4 134.6 115.9 105.9 100.6 98.1 97.4 95.1 92 91.8 92.7 91.2 90.5 92.4 93.8 93.8 95.9 89.9 90.2 90.2 95.5 92.9 90.9 98.9 95.6 89.4 86.1 78.6 79.2 78.7 76.8 76.1 75.7 75.6 75.6 77.8 80.7 82.9 84.6 87.9 93.2
323.5 319.9 317.5 318.1 322.3 325 332.1 330.9 326.5 308.8 303.6 309.3 308.4 315.8 319.2 318.6 311.2 312 317.2 325.1 321.9 319.4 311.4 306.5 297 293.1 287.8 281.3 279.1 262.8 263.4 265.4 270.1 254.4 243.2 243.7 230.1 208.1 199.9 199.9 164 139.1 123.4 114.4 106.4 98.1 95.3 95.5 91.3 90.4 92.1 90.5 89 91.1 89.5 91 91.7 89.6 88.7 88.2 88.7 87.7 87.5 92.8 90.1 88.4 93.7 81 78.9 78 76.6 75.9 75.1 74.8 74.9 76.2 79.1 81.9 84.9 88.4 91.8
322.8 318.3 319.1 322.2 329.1 330.9 336.5 330.1 329.5 321.1 315.1 315.9 323.1 333.7 334.5 328 322.8 321.8 326.2 332.4 328.5 325.7 316 307.4 300.5 300.2 296.4 288.1 280.1 271.2 265 270.1 275.6 253.6 246.3 243.3 231.9 215.2 208.7 195.5 169.1 147.6 135 125.6 106.7 100.2 96.5 94.2 91 91.4 91.8 90.3 89.1 88.8 88.9 90.2 90.4 89.8 88.8 88.1 88 86.5 85.8 86.5 88.1 88.6 90.5 85.6 79.3 77.2 76.1 75.4 74.6 74.3 74.4 75 77.5 80.2 82.4 86.3 89.4
324.5 318.4 319 320.2 320.5 329.4 341.1 333.7 329.8 326.7 331.4 329.1 337.8 346.2 343 340.9 334.8 339.5 335.3 342.4 341.7 333.7 322.5 313.8 306.1 302.5 297.1 291.2 281.4 277.4 264.4 269.4 276.1 253.3 247.9 247.3 232.4 223.1 219.2 205.1 177.4 157.5 146.5 125.7 107.4 99.6 96.5 93.8 92.9 92.3 90.7 89.8 89.4 89.5 89 89.8 89.5 89 88.1 86.9 86.4 86.8 86.1 87.9 85.2 84.6 78.7 79.4 77.8 76.6 75.6 74.8 73.9 73.7 73.8 74.1 75.9 78.5 81.2 84.2 87
342.6 319.1 318.3 321.9 328.9 336 348.6 341.1 337.1 339 343.5 342.9 351.8 358.9 357.5 349.4 353.1 367.5 348.4 358.2 357.3 347.9 333.1 326.5 321.5 305 299.9 301.2 287.2 269.7 268.1 268 261.8 254 243.4 240.6 238.2 224.4 226.5 220.7 191.3 171.3 158.6 123.8 108.4 102.4 97.9 96.5 94.7 95.2 93.6 94.1 91.1 94.7 90 88.9 88.6 88.2 86.8 85.6 84.3 87.1 100.4 90.7 85.4 85.5 78.3 78.5 76.6 75.9 75.1 74.2 73.2 73.1 73.3 73.4 75 77.1 79.9 83.2 84.7
