GeneralExemplars/GeoExemplars/data/LakeDistrict/terrain-50-dtm_3563996/ny/NY30.asc
ncols 200
nrows 200
xllcorner 330000
yllcorner 500000
cellsize 50
[rows 0 to 35 of 200, columns 81 to 161 of 200]
256.7 262.4 242.3 228.3 239.1 259.6 275.4 294.6 312.2 332.5 350.9 375.3 403.9 432.8 459.2 487.2 511.8 534.7 555 570.8 587.8 605.3 621.5 636.5 646.3 653.8 658.4 663.3 669.3 672.3 660.8 632.7 596.5 559.9 518.4 475 435.4 411.7 396.1 380.7 367.4 356.9 348.5 344.6 340.8 341.5 351.4 364.8 377.8 391.3 412 429.4 450.1 477.3 508.9 541.6 575.1 605.3 633.7 662.4 683.8 701.9 716.6 730 740.2 747.5 752.8 755.2 755.3 754.2 753 748.1 743.2 737.1 729.1 719.6 709.7 690 668.9 648.4 634.6
247.5 241 219.5 230.3 249 272.8 292.7 311.6 328.9 345.3 360.9 387.3 414.6 442.6 467.7 496.3 520.6 542.7 567.5 581.5 598.3 616.2 632.8 641.3 646.7 649.8 649.1 650.4 654.9 659.9 653.7 621.1 582.9 545.5 510.6 468.4 433.8 407.9 388.4 371.8 358.6 349.4 342 340.9 339.3 338.7 345.4 359.2 372.3 386.9 408.3 427.9 446.9 474.8 506.6 542.4 573.5 604.8 634.7 665 686.3 703.6 718.3 730.1 740.7 746.5 750.5 752 752.3 750.5 745.4 736.5 726.3 722.8 719.8 713.1 706 690.6 671.1 653.3 633.4
225.2 217.7 222.9 237.8 257.4 283 301.8 320.5 341 359.1 372.6 395.1 421.3 449.8 475.7 499.9 529.2 551.6 570.5 589.5 609.5 621.7 638.6 639.6 638.1 636.2 632.8 633.4 640.7 646.5 647.5 623.7 585.1 546.6 506.9 467.3 436.8 402.3 381.4 365 349.9 342.3 336.9 334.4 334.6 337.4 342.6 353.2 368.1 382.8 399.7 419.5 444.6 477.5 504.8 539.2 572.2 601.4 630.2 660.3 685.8 704.5 721.2 731 739.8 745.2 748.1 748.3 747.5 742.3 732.9 719.2 707.7 705 709.5 709.3 707.5 688.7 669.6 642.5 626.8
209.6 223.4 235.2 246.5 267.7 286.2 303.7 323.5 345.2 364.4 377.3 400.3 426.4 455.9 484.5 505.5 532.5 560.6 580.1 595.6 612.6 622.6 630 627.5 622.5 617.9 614.4 615 623.1 629.5 634.7 617.4 580.9 533.7 499.1 469.4 437.4 395 371.7 355.4 341.5 337.1 333.3 331.3 331.1 334.9 340.2 349.5 362.4 379.2 391.1 412.8 439.3 467.9 495.5 531 564.7 594.3 624.2 656.5 682.4 704.3 722 735.1 739.2 741.2 743.4 741.5 740.1 729.9 714.1 700.3 689.5 689 692.5 699.1 695.2 679.4 658.1 632.7 622.9
226.1 241.2 254.5 262.7 274.9 296.9 312.5 329.4 348.9 364.1 385.2 407.1 430.9 464.5 492.5 515.2 537.6 559.2 582.1 597.2 608 613.8 612.8 608.4 605.5 598.9 592.9 594.9 607.3 616.9 621.3 604.3 568.1 527 485.6 449.4 415 386.3 366.1 353.7 344 335.4 331 329.9 330.7 335 340.8 349.5 359.9 372.2 387.6 409.2 429.5 456.6 485.8 519 552.2 581.2 613.5 648.7 679.3 703.5 720.9 734.1 735.9 737.8 738.4 738.2 732 716.9 694 677.1 669.3 671.9 671.3 677.6 679.4 665 644.5 624.8 616.8
238.4 255.4 271.3 283.4 289.1 304.8 323.8 344.6 359.2 375.6 392.1 416.6 441.2 475.2 499.4 526.7 548.6 568.4 582.7 593.6 599.3 599.8 593.7 589.4 584 576.2 568.4 576.6 593.9 604.2 612.3 597.2 564.1 523 485.9 444.7 408 380.7 360.4 347.8 337.6 331.7 328.5 330.8 332 335.6 340 346 353.6 364.5 382.7 403.7 424.5 448.2 476.8 508 536.4 567.4 606.2 643.9 677.7 705.2 718.1 729.3 733.4 735 735 734.6 724.5 702.3 672.3 651.3 647.7 649.7 651.4 653.9 656.5 647.1 625.3 609.4 605.3
246.2 266.9 284 295.9 305.2 309.6 326.5 348.4 366 384.5 405.8 426.8 448.4 479 505.6 533.2 557 577 589.6 585.3 585.8 583.4 577.9 570.9 564.1 553.7 547.6 557.4 580.5 597.7 606.6 595.2 565.1 527.5 484.4 444.5 407.5 373.9 352.8 339 331.1 324.8 323.7 327.2 329.6 332.8 334.5 338.8 347.2 361.5 378.3 398 417.3 440.9 470.2 502 534 569.8 607.6 643.4 673.4 698.1 713.2 724.1 728.4 730.9 730.7 727.8 713.9 686.3 656.4 635.3 625.9 627.5 632.3 632.9 636 627.2 607.7 590.3 590.1
253.1 272.2 292 311.1 321.7 326.6 330.8 348.7 371.2 391.5 412.8 436.5 459.1 485.9 512.5 536 561.6 577 582.4 577.9 568.7 564.5 560.8 552.6 545.1 531.1 530.9 552.7 577.3 593.4 604.1 597.6 564.8 521.9 479.5 441.8 406.7 378.3 353 333.9 326 319.6 315.6 317.6 320.1 326.3 326.5 333.9 342.9 356 372.6 391.3 412.2 439.2 468.4 499.2 532.3 571.3 606.5 638.4 669.8 693.1 708.2 717.6 720.9 724.7 724.5 718.1 702.3 672 643.2 626.5 606.1 604.8 609.2 611.3 609.3 600.8 583.1 569.5 584
260.1 280.2 299.5 319.5 333.8 340.9 344 352.6 372.4 394.3 420.9 444.8 466.4 490 516.8 538.8 559.6 572 571 562.3 551.5 547.2 541.8 532.1 523.3 513.3 523 548.5 573 591.5 604.6 600.6 563.4 519.3 479 443.5 407.7 383 359.9 337.7 320.9 312.9 305.1 304.4 309.6 315.3 318.8 327 335.6 350.1 365.4 382 405.7 433.4 463.4 494.6 528.9 565.9 599.9 633.5 662.5 688 702 709.1 712.6 716.5 717.5 708.9 689.3 650.3 632.1 620.1 603.5 581.4 580.9 577.4 575.1 578.1 560.7 552.5 571.6
261.5 278 301.2 324.5 336.5 350.6 359.7 367.6 381.9 407.1 430.6 452 472.5 489.9 515.5 534.6 557.9 561 551.3 543 534.2 527.2 520.9 510.9 499.6 500 524.2 547.1 571.2 591.5 605.6 597.8 564.3 520.2 478.9 443.6 412.4 387 360.1 339.1 318 308.7 301.9 300.5 302.6 307.2 312.2 321.5 333.1 348.7 361.7 378.9 403.5 428.3 458.5 492.2 525.8 561.2 595.1 626.7 655.6 677.3 693 700 703.2 707.5 710.3 704.3 678.7 634 616.8 609.2 587.9 561.7 557 546.9 546 542.9 534.4 537.8 562.5
259.3 278.1 303.3 324.9 342.1 362.4 377.5 389.6 406.2 418 436 457.2 479.3 498 517.8 539.8 548.6 550.2 536.9 525.3 515.7 508.1 501.9 492.5 481.4 498 520 543.3 568.9 590.3 604.5 596.3 563.8 526.3 485.7 446.5 418.3 390.2 360.3 336 317.7 306 299.8 300.1 299.2 305.8 309.9 318.1 332.4 344.9 357.7 374.3 396.8 421.1 451.3 486.1 522.4 554.6 589.8 621.7 647.1 667.2 680.2 688.1 692.6 698.9 703.2 697.8 670.6 625.3 595.1 577.4 560.5 536.8 531 520.8 519.1 517.1 510.9 520.2 541.6
252.5 278 299.5 322.8 346.5 371.5 392.4 406.1 420.5 434.1 446.7 461.2 480.5 501.7 522 539.7 539.2 536.9 518.4 507.7 499 491.7 487.8 477.3 469.5 496.6 514.9 537.3 561.4 588.6 604.1 598.6 564.4 527.2 490.4 457.4 426.7 394.6 363.9 338.8 317.7 303.4 298.6 298.7 298.9 308.2 310.4 313.9 324.7 336.9 351.7 367.7 389.9 413.6 448 483.8 515.7 548.2 581 610.6 633.2 655.1 671.8 674.7 681.7 690.9 696.3 692.3 667.8 628 588.7 558.7 538.9 517.7 498.9 495 490.7 490.3 490.3 505.3 510
249 275.2 298.1 322.2 350.9 372.4 402.2 418.2 423.9 435.7 449.9 461.9 483.3 502.4 518.3 530.1 526.4 518.3 502.8 492.4 484.2 479.4 475.4 463.5 471.1 491.8 512 535.9 558 583.2 602.5 604.7 570.1 537.6 502.9 466 433.8 400 371.7 343.3 320.4 303.2 298.5 298.1 298.4 299.6 304.3 308.6 318.6 332.1 346.6 362.4 384.9 412.6 444.2 480.6 508.1 537.6 570 599.2 625.3 645 655 665.9 676 684.1 689.3 685.8 663 624.4 586.1 555 526.6 505 475.7 469.9 468.8 468.5 471.6 484 480
241.6 269.5 294.6 322.2 347.5 369.1 399 414.8 425.6 437.7 444.6 458 479.8 497 510.1 516 508 497.4 487.2 478.9 470.9 468.7 459.2 451 467.8 488.7 511.3 536.2 558.8 582.7 602.4 607.6 583 548.7 509.9 475.6 437.9 405.1 374.6 345.1 321.3 308.2 298.6 298.1 298.5 298.9 299.6 304.4 317.2 328.6 339.3 358.5 382 410.3 441.4 473.8 500.7 530.6 560.9 590.2 616.1 627 641.7 658.8 669 677.8 682.4 679.2 655.9 619.6 577.8 549.1 521 494.8 469.5 449.5 450.3 451.9 458.3 464.4 459.4
236.4 261.8 294.7 318.6 340.7 360 389.2 407 422.1 432.6 442.7 462.2 481.3 494 502.9 500.9 491.5 483.5 473 464 457.9 452.6 442.1 448 467.7 487.6 510 540 565.9 585.2 601.4 609.6 594.3 560.1 518.4 479.2 443 408.7 375.3 349.1 327.2 311.1 298.7 298.2 298.4 298.6 299.3 304.9 315.8 324.2 338.5 359.2 382.8 411.6 441.7 470.8 498.9 527.9 555.8 576.3 599.9 611.1 635.7 650.6 661.9 671.1 675.1 671.9 647.5 610.8 575.1 545.7 510.8 482 457.4 439.5 433.2 434.4 444.2 447 440.7
222.6 255.6 283.5 305.5 327.2 349.3 376.6 397.4 417.2 421.7 438.7 462.4 472.9 496.7 499.6 487.2 478.5 470.9 460.9 452.9 447.9 436.4 429.7 444 468.2 489 510.6 536.8 560.3 582.5 597.1 607.6 600.5 566.5 526.3 484.5 447.4 411.3 381.1 359.6 332.1 313.1 299.6 298 298.1 298.3 298.7 303.3 310.5 320.2 339 360.8 386.2 414.2 445 470.1 502.2 522.3 544.1 565 584.3 603.4 626.4 641.4 654.1 663.1 665.1 661.7 640 599.6 564.2 532 500.4 470.7 444.5 432.1 423.7 422.3 428.5 428 422.4
213.5 242.5 268.1 293.2 316.3 336.6 361.8 387.9 407.3 410.3 429 446.8 453.4 471.3 475.5 468 467.2 459.6 450.1 441.6 434.2 422.1 423.1 443.4 466.1 487.4 510 533.8 556.6 580 598.5 610.8 602.8 571.5 531.2 491 461.3 427.8 393.8 365.1 342.7 320.8 304 295.3 295 291.1 295.2 300.7 304.6 323 340 360.3 382.4 413.1 445.9 470.1 492.4 516 535 554.6 569.4 597.1 617.3 634.9 648.7 658 662 657.2 633.8 594.5 554.5 523.3 492.2 461.3 435.5 426.1 418.8 413 415 411.3 405.3
208 232.9 257.3 283.7 308.4 330.4 349.8 379.1 394.6 401.6 410.6 425.5 438.5 451 460.5 456.9 456.8 448.7 439 429.6 418.1 401.4 420.8 443.7 465.2 486.7 511.6 535.6 558 578.4 598.1 608.9 602.7 570.1 537.5 506.3 468.5 438.2 401.1 370.6 347.7 324.9 307.1 295.9 290.1 290.2 291.6 297.7 304.8 317.3 333.3 356.2 381.3 409.8 441.8 468.4 486.9 506.8 527.2 543.5 565.4 592.5 612.8 632.2 644.1 653 662 658.1 628.6 590.3 551.9 516.4 484.4 457.5 433.6 423.8 415.2 403.3 403.5 400.8 390.8
199.8 224 247.7 274.4 302.7 322.5 341.4 365.4 382.6 386.6 388.9 413 426.7 435.9 443.6 446.7 446.5 438.2 427.4 411.9 397.5 398.6 421.7 444.3 464.3 486.9 511.3 536.3 558.3 576.2 592.9 602.7 604.4 581.1 542.7 505.8 470.4 439.6 410.1 375 350.3 328.4 309.8 296.2 289.9 289.9 290.9 296.3 304.3 313.6 329.3 350.3 376.3 407.5 437.3 458.8 481.3 503.9 524 544.4 563.1 584.3 606 626 639.5 648.8 654.6 653.7 619.8 583.7 549.7 518.5 481.1 451.7 432.8 423.3 413.3 401.4 388.3 379.7 380.9
191.5 213 239.7 266.7 294.6 317.5 340.7 360.9 375.2 369.7 368 394.5 414.4 423.2 433.2 437.4 436.5 427.9 412.9 396.3 378.7 397.3 420.2 443 463 487.5 511.6 534.6 553.7 571.9 589.1 601 604.4 590 551.7 517 475.4 442.1 411.9 381.5 354.5 336 316.9 297.2 289.2 289.6 290.8 295.2 302.3 311.2 325.9 345.9 373.8 398.9 418.2 443.3 468.8 495.4 517.5 542.3 560.5 577.8 598 615.9 631.9 643.7 653.2 650.2 612.5 577.6 549.2 519.2 485.6 453.5 437.1 426.7 416 405.2 395.8 381.2 363.3
183.4 204.7 226.9 254.5 279.9 311.3 335 358.7 372.4 348.7 352.1 376.8 396.5 412.3 422.1 426.6 426.5 414.1 396.5 379.2 372.2 396.6 421.2 443.4 464.3 487.5 509.6 528.2 547.8 567.7 584.5 599.3 604.6 594.4 559.6 525.8 482.2 448.6 412 381.6 356.4 341.1 325.2 307.4 289.7 289.1 290.5 293.7 298.8 309.3 320.3 341.4 360.8 375.7 398.7 424.8 449.3 477.6 511.9 537.4 553.8 573 591.3 607.8 623.9 637.3 650.3 648 613.6 583.5 554.1 524.3 491.2 459 437.9 423.8 413.1 400.5 387.1 374.1 361.4
175.3 199.2 221.3 252.2 283.6 307.5 332.7 352.3 353 330 329.5 360 382.4 399.5 410.6 414.5 412.2 396.6 376.7 359.3 362.9 389.8 417.7 441.5 464.2 479.9 500.7 521.4 542.9 562.1 578.7 595 601.3 595.5 566.9 533.4 496.2 457.6 418.6 387.6 361.1 341.9 328.4 311 294 288.6 290.2 291.7 295.2 305 314.3 327.5 344.6 364.7 387.6 411.5 439.9 480.5 512.4 535 552.1 565.5 583.5 598.3 616.9 634.6 649.6 646.9 619.7 591.1 558.1 528.3 501.6 469 437.9 420.5 408.9 390.1 374 366 357
171.5 193.9 216.8 248 276.1 293.6 307.2 325.6 328.5 309.5 317.7 343.7 367 385.8 399.9 401.1 398.1 379.1 357 340.9 351.8 381.5 407.5 428.7 445 466 494.8 516.7 538.3 556.4 573.1 590 599.9 596 576.8 542.5 505.5 466.2 429.9 393.6 363.3 343.1 327.6 315.9 299.2 287.4 285.8 287.2 289.2 300.5 310.5 320.9 338.5 359.2 382.5 409.5 443.8 479.3 512.1 533.1 548.1 562.3 578.1 592.2 609.2 629.9 648.1 650.4 627 594.9 566.1 534.8 503.7 468.9 434.4 418.6 403.3 376.3 366.1 357.4 349.7
162.2 186 206.7 231.2 249.2 265.9 282.1 301.6 306.7 285.5 309.1 329.5 353.5 372.9 385.5 389.6 379 359 337.7 321.2 347.6 375.6 393.2 406.4 434.8 462.9 490.4 512.9 534.4 552.4 573.8 588.9 598.8 600.6 582.9 551 514.3 481.7 438.2 398 366.1 345.8 330.4 319.8 299.5 283.2 280 282.4 285.7 293.4 303.9 314.9 335 354.8 378.7 410.1 445.5 477.8 511.6 527.7 542.6 557.8 574.7 589.7 605.8 626.5 644.7 655.2 635.4 602.9 575.7 539 502.4 457.8 422.6 405.7 387.1 364.1 357.5 347.6 340.6
156.6 176.3 189.8 207.9 223 241.4 261.1 281.7 283 275.7 293.9 313.1 334.6 355.9 371.3 379.4 362.8 339.4 318.7 318.4 340.6 358.6 383.2 412.8 446.1 471.1 497.7 517 538 555.2 574.1 588.6 599.3 602.9 590.8 564 535 496.1 442.8 398 368.3 347.5 329.3 314 302.4 284.8 280.3 280.2 281.7 289.6 297.5 312.1 332.7 351.1 378.4 404.6 433 463.2 499.9 515.6 532.5 550 567.3 585.8 600.4 621.3 640.2 647.9 624.1 594.2 563.8 522 480.6 437.9 411.7 390 368 355.1 346.2 339 333
142.2 157 172.3 186.1 201.6 220 243.2 260 257.3 262.1 278.4 293.3 311.8 331.9 355.7 365.3 348.4 324 299.1 313.3 335.8 362.5 393.1 422 452.8 479.5 505.7 525.8 546.4 561.3 576.7 590.6 602.4 608.6 598.8 578.3 546 512.2 445.3 399.7 369.2 350.5 329.2 312.7 303.4 291 281.6 280.4 280.6 287.1 298.2 308.5 324.7 347.6 367.9 391.3 416.9 447.8 479.1 500.1 516.5 534.5 559 578.2 600 617.7 636.2 635.7 608.3 578.8 544 496.7 455.5 420.1 398.3 374.4 359.4 346.7 337 330.4 327.2
128.9 142.3 156.9 170.3 189.5 207.3 221.6 240.3 229.3 244.8 258 269.7 287.5 314.4 340.2 353.3 332.9 309.3 294.2 315.4 344.8 375.5 404.8 435.5 462.8 490.5 514.8 535.3 553.6 568.3 583.9 600.7 611.2 619.5 608.2 585.5 548.5 512.5 447.1 400.1 371.2 352.2 330.9 313.8 303.8 291 282.1 280.1 280.1 281.7 293 305.7 320.7 338.8 360.1 373.2 405 440.5 460.1 481.2 500.2 519.1 542.5 561.9 590 610.7 626.6 624.4 593.6 559.6 516 473.8 433 405.2 381 360.2 348.3 338.6 331.1 323.9 323.5
116.9 126.3 140.3 155.8 172.2 185.4 206.6 215 208.5 219.9 229.3 250.7 273.1 299.4 326.1 334.5 314.7 293.2 292.3 318 350.5 384.9 411.6 444.7 470.9 497.1 521.8 544.6 562 575.4 589.4 606.4 613.7 608.6 606.8 583 542.8 499.7 445.8 400.3 374.2 355 336.9 319.8 305.9 295 283.2 280.1 279.9 280.3 289.6 302 312.7 332 349.6 366.9 394.1 420.6 443.7 462.6 480.8 499.5 517.8 549.5 577.9 600 619.1 609.3 576.3 536.5 495.7 453.4 415.7 391 367.4 350.8 340.6 332.4 325.6 321.7 322.2
105.7 114.8 128.6 140.7 156.3 168.9 183.8 190.9 181.9 199.2 213.6 234.6 258.2 284.1 311.4 312.3 294.4 276.7 295 322.1 354.2 389 419 447.4 471.9 496 520.3 544.6 561.8 573.8 590.2 603.8 599 582.9 584.4 560.7 530.2 489.3 439.9 400.3 376.2 360.9 346.7 327.9 311.6 298.5 284.7 273.7 275.3 277.4 284 296.8 305.9 321.7 327.4 347.7 383.2 396.2 415.1 440 462.4 476.9 499.5 529.2 561.7 588.6 599.8 590.7 559.3 519.4 479.9 436.3 405.1 380.2 359.7 344.9 332.8 326.9 321 319.6 321.1
99.8 106.1 116.1 127 144.3 154.9 159.3 170.7 165.9 179.2 184.2 212.1 237.4 263.5 289.3 289 271.7 273.2 298 321.5 354.9 384.7 407.6 431.1 459.2 493.2 515.2 539.4 558.8 570.7 586.6 594.9 580.9 554.4 538.3 535.3 518.2 474.4 435.2 400.7 379.6 365.1 351.1 335.8 319 306.6 290.2 274.2 270.8 274.3 279.2 291.1 301 312.4 321.6 346.3 363.7 375.2 395.8 414.5 433.8 457.2 482.1 513.3 543.9 570.3 585.4 574.1 542.4 505.6 464.9 424.2 394.7 373.3 355.2 337.5 326.7 319.8 318.2 318.4 319.3
97.8 102.5 111.5 115.1 123.2 129.4 139.2 149.3 157.8 167.3 184.1 190.5 211.8 241.7 265 257.9 258.3 283.5 309 339 370.5 398.7 428 452.4 474.3 498.9 515.4 538.6 557.8 571.3 583.7 591.5 566 531.1 512.7 501 490.1 465.6 432.4 401 382.2 367.1 352.7 336.4 318.4 305.6 292.5 278.7 276.6 269.6 275 285.1 292.4 299.6 315.9 338.9 358.1 373.3 391.1 406.3 421.1 443.4 471.1 496.9 523.6 548.5 562.2 557.1 524.3 491.9 451.6 412.8 385.6 364.9 346.7 330.7 320.7 315.8 316.6 317.1 317.8
97.5 100.3 106.2 112.7 122.9 137.3 152.3 170 183.7 192.5 209.8 217.6 220.3 225.1 235.8 251.5 275.4 302.5 326.7 354.1 383.2 411.4 436.7 460 480.2 500.1 521 544.5 565.6 577.2 589.1 586.1 560.8 522.7 500.9 489.3 476.2 459.2 428.6 403.5 381.1 359.9 344.2 329.8 317.3 303.3 293.2 286.2 279.3 269.6 269.8 277.5 286 294.9 303.4 317.6 338.2 354.3 373.4 388.5 412.4 435 461.1 486.6 510 531.4 546.5 545 513.8 480.5 441.1 405 381.4 363.5 342.5 324.8 317 314 314.9 315.6 316.8
96.5 99.1 102 107.9 122.2 140.7 156.5 172.3 186.4 201 221.1 239.1 249.3 251.4 253.5 273.1 297.8 323.7 352.5 376.3 401.6 425 446.6 464.4 485.5 505.6 528.3 553.4 573.3 584.4 598.6 591.1 557.8 525.6 494.5 477.9 466.2 450.5 431.2 408.8 378.6 360.6 346.1 329.7 317.6 300.2 291.6 286.3 272.4 266.1 267.5 272.4 280 289 297.4 310.6 328.2 339.4 362 386 408.6 430.3 451.4 479.8 507.8 526.9 539.2 537.8 510.9 469.3 429.8 395.4 374.5 355.1 334.8 321.8 314.6 313.3 313.5 314.5 315.8
92.3 96.6 98.9 103.7 117.9 137.5 156 169 179.2 203.8 228 245.9 261 278.9 285.7 302.7 324.4 346 377.5 403.3 421.1 433.7 452.8 471.8 492 510.9 538 561.9 577.2 591 607.9 594.8 557.1 524.5 498.2 470.6 453.9 439.3 422 402.2 381.8 364.6 348.6 332.7 318.9 303.9 285.5 281.5 272.7 264.4 261.5 271.2 276.5 284.2 300.7 305.4 319.5 339.9 354.1 381.7 405.3 424.6 446.7 474.3 502.3 522.3 532.3 530.1 506.6 460.7 419.1 388.2 365.8 350.9 333.9 319.4 312.6 311.9 312.8 314.3 315.8
89.3 93.4 95.1 99.9 109.5 127.9 148.9 157.6 176.3 205.7 229.6 246.6 268 293.8 316.7 326.5 342.1 365.9 397.3 422 429.4 435.6 455.4 477.4 500 518.5 547 565.5 580.9 598.8 609.9 594.7 556.3 523.9 495 466.5 446.7 429.9 414.3 402.3 387.4 370.5 353.3 337.3 322.2 304.8 285.7 270.5 263.8 256.9 258.4 264.5 269.8 277.6 289.6 299.2 310.3 323 345.1 375 398.7 417.8 440.5 465 492.6 510.2 525.9 523 498.4 453.8 413.3 383 360.9 344.2 328.5 317.7 311.1 310.7 312.4 313.9 315.5
87.9 91.1 90 90.5 104.1 120.9 134 152.7 175.3 204.6 225.3 249.5 278.4 306.1 334 344.4 351.7 381.1 403.2 411.7 420.7 437.6 460.4 482 500.2 520.1 543.2 562 582.5 599.2 605.2 596.4 561.6 526.4 491.1 463.4 446.7 428.2 410.3 400.7 396.3 378.4 359.1 343.9 326.6 307.5 286.2 271.8 261.2 254.4 255.4 259.4 264.6 271.8 283.1 294.3 303 317 341.8 370 392.9 413.7 436.2 457.2 481.1 500.3 519.5 514.3 486.6 444.1 405.9 378.3 355.6 337.5 318.9 310.9 308.7 310.1 312 313.4 314.9
