GeneralExemplars/GeoExemplars/data/LakeDistrict/terrain-50-dtm_3563996/ny/NY32.asc
ncols 200
nrows 200
xllcorner 330000
yllcorner 520000
cellsize 50
[rows 140 to 174 of 200, columns 78 to 155 of 200]
614.4 599.5 578.5 556.3 538.2 527.7 516.1 507.7 499.1 491.9 484.2 475.6 465 455.2 444.5 434.8 424.3 415.3 407.9 403.2 400 397.7 395.4 393.9 392.5 391.2 390.1 388.4 386.7 372.8 378.9 386.4 391.1 394.5 397.8 399.3 400.8 401.6 401.4 402.7 404.4 405.7 405.3 404.9 404.3 405.1 404.4 402.8 405.2 407.2 407.8 409.9 413 413.9 413.6 413.3 412.5 412.5 411.7 410 407.4 405.2 405.2 405 405.3 405.4 405.6 405.8 404.8 403.4 400.8 396.9 392 383.8 371.2 371.8 388.4 394.5
617.5 597.9 575.8 556.9 539.4 526.4 518.4 506.9 497.7 489.6 483 475.8 464.4 454.2 443.6 432.1 421.3 412.7 406.1 401 399 396.8 394.7 392.7 391.3 390.2 389.6 388.8 387 373.4 381.4 387.8 392.2 397.5 400.6 404 405 404.5 404.7 405.1 405.9 406.7 406.7 406.6 406.8 406.8 406.9 405.3 404.4 406.5 409.3 411.9 414.3 415 414.8 412.5 411.5 412.1 410.7 408.7 406.9 408.6 408.9 409.3 410.1 410.7 411.5 411.6 411 407 402 397.6 392.7 384.1 370.6 379.9 393.4 399.4
608.7 592 572.7 554.7 538.3 524.5 512.2 500.4 491.1 485.1 477.9 469.5 459.7 449 439.5 428.2 417.6 410 404 399.6 397.7 395.6 393.7 391.6 388.4 384.4 383.7 377.4 376.4 375.5 386.1 390.7 393.9 398.5 402 404 406 405.7 406.1 406.5 406.8 407.1 408.2 408.5 408.5 408.2 408.2 407.8 405.8 407.1 410.4 412.7 414.6 414.7 412.8 411.9 411.4 410.7 409.4 408.1 408.9 411.1 412.6 413.7 415.6 417.5 418.9 418 416.4 410.9 402.9 399.1 393.9 383.6 371.6 385.9 393.9 401.3
603.4 585.6 565.9 549.5 536.6 523.6 509.5 498.1 486.3 478 469.6 461.7 451.9 442.4 432.5 422.8 413.9 406 401.9 399 396.1 394.1 388.5 387.3 385.8 385.5 386.1 388.3 388.2 381.7 391.6 396.5 399.7 400.7 402 405.2 406.8 406.8 407.1 407.4 407.4 408 409.6 410.1 409.6 408.2 408.3 407.7 406.9 408.4 410.3 412.1 413.3 412.9 412.6 412.3 411.4 411 410.8 410.5 411.1 413.9 417 419 421.5 423.5 423.6 422.7 419.9 412.3 405.3 401.5 396.6 384 374.7 390.4 397.6 407.5
604.4 583 566.1 550 535.8 523.1 509.8 497 483 473.6 465.9 456.9 448.7 440.3 430.8 419.9 410.8 404.3 401.3 397 394.1 390.6 391.4 392 391 392.3 392.4 392.9 396.6 398.2 394.4 405.4 407.7 407.9 408.9 409.7 409.4 409.9 409.4 409.1 408.8 409.9 410.7 410.3 408.4 408.5 408 408.5 407.6 408 409.7 411.4 412.3 412.8 412.8 413.5 414.1 414.4 415 414.7 416.5 419.8 422.3 424.8 427.2 428.5 428 425.9 422 414.9 408.6 404.7 399.6 386.7 377.8 393 401.8 412.3
600.6 580.6 564.2 549 535.1 521 509.4 496.7 483.1 473.6 463.4 454.7 446.4 436.9 427.9 420.4 412.9 405 400.5 397 394.6 391.8 393 394.3 394.9 396 396.3 397.5 403.7 402.7 394.4 400.4 402.6 404.5 407.3 407.4 409.1 408.8 408.4 411.6 412.9 412.6 411.1 410.2 409.5 408.8 409.9 409.3 408.4 408.4 409.1 410.8 412 413.8 414.9 415.8 417.8 419.6 420.8 424.1 426.4 428.7 430.7 432.7 433.1 434 432 428.7 423.6 418.1 411 407.5 402.9 389.9 378.9 393.7 406.9 419.6
596.4 576.2 558.1 545.3 533 521.2 510.4 499.4 490.8 481.7 471 461.2 452.2 444.6 435.4 426.6 418.1 409.3 403.5 399.2 396.4 393.4 395.6 396.7 399.1 399.8 400.4 403.8 404.9 399.9 394.1 397.2 398.7 401.7 404.3 405.1 406.2 404 404.3 405.8 408 408.5 409.8 412.3 410.8 411 411.8 411.7 410.6 410.6 411.4 412 415.9 417.3 417.8 421.5 424.4 427.8 432.2 436.3 440.7 442.6 443.2 444.2 443.3 440.8 436.8 432.4 427.8 421.5 414.2 411.2 407.4 393 381 396.8 411 427.3
599.4 580.3 562.8 546.6 535.1 523.7 513.9 505.3 496.7 488 477.7 468.5 464.8 451.2 441.5 431.7 422.7 413.5 406.1 401.1 395.9 396.9 400.1 401.7 403.1 404.6 409 407.3 403.9 397.3 394 395.6 397.4 397.7 398 398.8 400 400.9 401.6 403.1 404.6 406.1 408.8 412.3 412.6 413.1 414.5 415.1 415.9 416 416.7 419.7 425.5 425.6 428.5 433.3 438.7 447.1 454 457.1 459.4 458.2 456.9 457 454.8 448.6 441.6 436.7 431 424.9 418 414.8 410.9 390.4 386.6 401.4 414.2 431.2
603.1 587.7 570.2 553.1 542.4 532.2 521.8 511.6 500.1 491.7 483 475.9 468.8 464.2 448.5 436.4 424.6 414.9 408.4 400.6 399.9 405.2 407.1 408.6 409.2 411.8 415.8 410.9 400.9 396.7 394.4 394.7 395.2 395.9 396.5 397.2 398.3 399.4 399.9 400.3 402 404.2 406.4 413 417.4 421.2 424 426.2 427.9 430.4 431.5 432 433.6 444.1 450.1 454.6 461 468.9 475.2 477.3 476.9 472.4 469.1 468.9 463.2 456 450 444.4 436.1 429 420.9 417.4 410.4 401.1 386.9 401.3 417.8 432.5
603.3 587.9 574 559.7 548.2 539.4 529 520 504.8 498.3 490 483.2 476.8 470.7 462.7 443.5 426.8 418 409.8 401.6 407.4 413.1 415 417.7 419.1 423.3 423 412.9 403.5 397.7 396.9 399.6 401 398.1 396.6 396.7 396.9 397.4 398.1 398.7 399.8 401.5 406.7 418.1 430.6 436.8 442.6 446 450.4 453.8 456 457.4 464 460.4 471.6 476 481.3 487.7 492.6 492.1 490.8 483 480.4 478.8 471.6 462.7 456.5 449 441.6 430.5 423.3 418.4 411.6 403.4 390.5 396.9 413.9 429.1
602.4 589.8 577.5 564.1 552.9 543.5 533.7 525.2 512.9 506.7 494.4 487.1 480 472.8 462 441.3 430.6 420.6 409.4 409.9 415.7 420.5 425.4 429.4 436.6 440.2 434.3 419 408.7 403.2 402.6 403 402.9 400.7 398.9 398.9 397.7 397.3 398.7 399.4 400.4 403.4 416.5 434.4 452 456.9 461.9 466.6 470.7 474.7 478.3 481.3 485.4 487.8 490.5 494.9 498.7 502.1 504.6 504.5 501.7 491.8 486.6 483.8 479 470.3 463 453.9 444.8 431.7 424.5 419.4 412.1 405.1 396.4 400.3 416.4 426.3
599.9 588.1 577.1 566.5 557 549.4 539.7 527.2 515.7 507.1 496.2 484.9 477.8 467.1 454.8 439.8 429.8 420 415.3 421.5 427.4 432.9 439.4 450.7 463.7 461.5 446.2 430.1 418.6 413 414.7 409.2 405.4 402.1 399.4 401.3 400.5 400.3 403.3 406.8 409.1 415.7 436 453.4 469.6 477.1 483.1 487.8 491.7 494.8 497.1 501.3 504.7 504.8 507.9 511 511.8 513.7 511.8 509.6 508.1 499.2 490.9 487.8 481.2 473.4 467.4 455.7 445 433.3 426.2 419.2 415.6 408.6 403.5 406 416.3 424.1
599 587.4 578.7 567.3 557 548.4 538 527.4 516 504.7 492.8 482.1 475.1 462.6 450.8 438.9 428.5 422.2 428.8 435.6 441.7 448.7 458.7 473.2 484.7 484.7 458.5 446.7 438.7 429.3 430.4 422.8 415.7 406 401.5 403.7 405.1 407.1 410.5 415.6 418.3 434 452 474.9 485.6 492.6 500.7 506.6 509.8 513.3 515.6 516.6 517.5 516.8 519.6 520.2 519.4 519.9 517.6 513.4 510.2 504.4 495.9 489.2 482.5 471.6 463.2 453.4 444.5 433.8 426.6 420.4 417.1 411.5 403.7 404.8 414.3 421.3
593.2 584.9 576.8 565.7 553.7 543 533.8 524.1 515.5 502.6 492.7 482.1 472.1 459.7 446.6 435.7 430.3 436.1 443.1 448.9 456.3 468.9 481 494.5 501.1 501.2 494.2 485.9 472.4 452.5 447.7 440.2 443.4 445.4 429.3 425.1 419.1 420.1 424.3 428.5 439.2 453.8 474.5 494 502.1 506.2 511 519.6 525.2 527.8 528.1 527.2 526.9 523.9 523.6 524.5 523.6 521.7 519.7 514.3 511.9 505.5 498.5 483.8 480.8 473 460.3 452.5 444.4 435.1 424.6 419.7 417.2 410.1 402.3 406 410.9 418.1
589.2 580.9 570.6 561 549.3 537.1 527.1 517.2 507.7 499.3 490.3 479.4 468.8 456 441.6 435.6 442.6 448.2 455.8 464.7 472.6 486.9 501.6 511.4 517.3 523.5 534 530 504.7 492.3 471.5 482.5 472 472.6 461.8 456.3 455.8 457 445.2 454 459.5 476.3 495.9 509.4 515.9 517.9 519.3 523.7 529.8 535.6 538.6 534.7 529.9 527 524.5 521.9 520 516.8 514.5 510 506.3 501 494 485.6 471.8 464.9 458.8 454.1 446.8 435 423.4 416.9 411 413 414.2 410.3 411.2 415.4
582.5 574.6 566.1 556.6 542.5 531.4 521.2 509.7 501.1 493.4 484.1 474 464.3 452.5 440.3 447.2 453.5 460.6 468.8 478.9 491.7 504.8 516.5 526.3 531.5 536 547.1 547.1 538.9 536.2 506.9 533.1 516.7 512.7 499.9 485.8 485.1 482.1 468.4 472.9 480.4 497.9 510 520.2 523.4 525 525.3 527.4 532.7 536.8 538.7 535.6 531.2 526.2 522.1 519 514.5 509.8 505.7 502.5 499.4 494.8 490.7 485.8 474.9 466.5 460.2 455.6 444.6 431.4 422.5 415.8 415.8 416.4 417 413.7 413.7 416.1
575.4 568.8 561.6 551 537.8 522.9 511.1 501.3 493.7 485.3 477.1 469.4 462.1 451.3 454.1 460 466.2 471.9 482.1 490.3 504.3 519 531.1 536.4 541.7 548 555.5 553.7 553.1 550 550.2 551.1 548.5 550.1 551.9 519.9 517.9 506.1 498 503.2 503.3 515.1 519.1 522.7 526.2 528.2 528.2 528.7 531.5 533.1 532.8 532.1 529.3 523.6 518 513.5 507.8 502.2 497.2 491.7 488.7 485.7 483.2 479.8 472.3 464.3 454.6 446.4 438.6 430.1 421.6 419.8 417.8 417.6 417.8 415.5 415.8 418.2
566.3 560 552.6 541.4 527.2 514.9 504.3 494.4 486.4 479.3 472.5 465.9 459.6 459.8 465 470.3 477 484.4 492.2 501.4 511.8 526.6 540.6 547.4 553 560.2 564.1 561.2 562.4 561.5 561.9 561.5 561.5 563.6 563.2 557.8 547.9 531.6 529.9 525 521.3 523.7 524.1 524.7 525.5 525.8 525.7 525.8 527.2 527.2 525.8 524.9 521.9 518.6 513 505.8 499.8 496.6 492.8 488.7 485.6 481.6 477.3 473 466.2 457.7 449.9 437 432.6 429.9 425.2 420.7 419 418.1 417.8 416.2 417.4 418.6
556.7 550.2 544.7 534.1 520.6 508.4 497.2 487.6 480.4 474.6 468.1 460.6 464.8 470.1 474.3 480.4 487.9 494.6 502.1 511.4 522 536.2 546.7 554.3 560.6 568.2 571.3 570.8 571.7 572.4 571.4 569.6 569.2 570.1 568.9 563.4 553.9 540.6 537.7 533.2 529.3 527.4 526 524.4 524.2 522.8 521.2 520.2 520.6 520 518.6 515.9 512.8 510.3 504.5 501.7 497.6 494.6 490.8 486.3 482.5 478.6 474.6 464.7 453.1 447.5 449.6 446 437.7 431.6 425.3 421.3 419.6 418.7 418.8 417.8 418.5 418.4
544.6 536.9 529.5 520.2 509.2 499.1 488.6 479.5 473.9 469.4 463.7 467.7 473.1 478.1 483.6 490.8 497 503.3 511.8 520.8 533.5 544.8 554.5 560.9 568.1 573.7 577.3 577.6 578.6 578.7 578.1 573.9 573.2 571.9 567.9 560.8 553 544.4 540 535.9 531.8 528.3 526.1 524.4 522.7 520.8 518.4 516.7 514.1 512.5 510.5 507.8 506 504.3 501.9 499.4 492.8 488.4 482.4 479.6 472.9 469.8 463.6 466.2 466.4 461.8 456.3 446 436.4 430.3 424.8 421.9 421.9 423.6 422.4 420.4 421.5 421.2
535.6 526.6 518.3 509.6 500.6 484.8 473.3 472.5 467.8 466.1 469.1 474.3 481.5 487 493 499.5 505.8 514.3 522.9 531.2 543.9 553.6 560.9 569 574.1 579.5 583.6 585.4 585.5 584.3 582.7 578.2 574.5 571 566 558.4 550.9 544.6 540.7 536.8 532.9 530.3 527.5 524.6 521 519.2 515.8 513.3 510.8 508.2 505.9 505.7 504 501.4 493.9 492.8 495.1 488.6 487.3 481.2 484.9 482.2 478.6 474.9 469 463.7 455.8 448.2 439.9 432.4 425.9 424.9 428.3 428.9 426.4 423.1 425.1 424.1
528.2 517.8 512.9 505.4 491.8 489.2 485.9 479.3 473.2 472.2 476.2 482.4 488.6 495 501.7 508.1 516.2 526 538.7 549.4 556.7 562.7 570.3 576.7 583.1 588.5 590 591.7 590.6 589.5 585.6 580.7 575.1 570.1 564.1 555.6 549.2 545.4 542 537.8 533.7 530.1 527.1 524.9 521.7 517.6 518 516.2 513.7 510.3 508.2 504.4 502.2 503.7 503.5 501.9 498.7 495.1 492.3 490.5 488.5 485.3 481.3 476.8 472.4 467.1 459.2 449.6 441.6 433.1 430.9 432 434 433.4 430.5 428.1 430.3 430.5
523.8 513.7 502.2 500.1 499 495.2 489.4 482.5 477.7 482.1 485.4 490.5 495.9 503.1 510.6 518.7 529.3 540.9 552.1 559.6 567.3 573.9 580.2 586.6 592.2 596.8 597.8 597.8 597.3 593.8 588.4 582.6 576.5 570.5 563.2 554.8 549.4 545.9 542.4 537.7 533.8 530.5 527.4 524.3 520.4 521.2 520.4 518.7 515.6 512.5 509.9 509.2 508.4 507.3 506.8 504.4 501.4 498.5 495.9 493.7 491.4 487.7 484.6 479.7 475.7 469.4 463.4 453.5 445.3 436.8 437.7 441.3 441.9 441 437.1 435.4 436.6 440.8
516.3 511.7 509.5 506.6 504 500.1 496.7 495 489.1 493.2 495.4 497.8 506 512.9 521.6 532.1 543.4 552.3 560.3 569.1 577.1 583.7 590.8 597.2 602.1 605.4 606.1 603.4 599.7 596 590.6 585 578.2 570.4 561.5 554.4 550.2 547.1 542.3 537.2 534.8 531.6 528 524.5 522.2 523.5 523.7 522.6 519.3 515.2 513.2 512.4 511.2 510.6 509.1 506.8 504.1 502 499.6 497.1 493.7 491 488.6 483.8 479 472.4 465.3 460.1 451.2 443.7 446.4 449.3 456.2 454.5 442.1 437.7 442.4 445.9
521.1 518.8 516.3 515 511.1 506.4 505.6 499.8 501.4 501.9 505.1 509.4 514.5 524.2 535 546.4 553.9 564.5 571.6 579.3 586.3 594.5 601.5 606.6 611 612.3 612.1 608.3 602.8 597.9 593.3 586.8 579.5 569.3 563 556.6 551.5 547.8 544 539.8 536.5 532.9 528.2 525.9 526.7 527.4 527.4 526.4 523.4 518.7 518.9 517.1 514.8 513.8 512.6 509.6 506 504.5 502.8 500.4 497.7 494.9 492.9 489.5 483.5 477.3 468.6 465.6 457.5 450 452.1 457 464.4 464.2 448.9 442.3 444.4 449.7
528 527.5 527 526.3 523.6 523.1 517.6 513.2 514 516.2 518.8 522.7 529.1 538.2 549.9 557.3 566.8 575.5 582.5 591 600 607.4 612.8 615.7 618.4 619.1 619 614.6 607 600.3 594.3 587.3 579.6 571.8 563.7 557.4 553.5 550.4 546.8 542.9 539 534.7 530.5 530.1 530.2 531.3 532.1 532.3 530 526.5 525.5 523.3 519.8 518.4 516 514.8 510.8 508.4 507.5 504.5 503.5 501.8 499.2 497.3 492.6 484.9 474.4 467 457.7 455.8 458.8 464.3 466.4 461.5 455.2 449.5 443 446.2
535.8 536.3 536.9 536.6 534.1 530.3 526.2 524.3 527.3 529.9 534.3 541.2 547.7 551.5 562 570 579.1 586.5 594.2 603.9 612.4 618.7 623.1 625.7 624.9 624.3 621.9 617.5 610.3 602.8 595.6 588.5 580.9 573.1 566.5 562 557.6 554.2 551.1 547.8 542.2 538 534.3 534.6 535.6 535.6 536.8 536.9 535.1 534.5 533.4 530.6 528.3 527.8 524.9 522.1 518.3 515.3 513.5 511.7 509.9 508.2 506.1 506.4 502.1 496.3 486.8 470.2 462.8 462.6 467.6 472 469.1 465.7 462.1 460.7 448.1 441.8
542.5 543.2 543.7 542.8 540.5 537.6 534.7 536.2 539.4 544.6 549.5 559.5 563.1 566.3 574.1 584 591.6 600.2 608 617.3 624.4 629.9 632.8 634.4 632.8 629.3 624.6 619.1 613 605.3 598.5 590.2 583.1 576.2 569.5 566.2 561.2 557.1 555.2 551.7 546.4 541.5 537.8 540 541.2 541.9 541.4 541.6 539.5 539.9 539 535.6 534.8 534.6 533.1 531.1 528.8 522.9 520 516.7 516.9 515.4 510.9 510.6 509.7 501.6 493.3 480.2 467.4 472.1 477.6 476.3 472.4 467.7 465.3 460.3 449 439.2
548.6 550.2 549.4 549.8 547.5 545.8 543.9 546.3 551.4 556.5 566.6 573.1 576.9 579.7 585.7 595.2 605.6 613.3 623.5 631.5 637.6 640.6 642.2 641.6 639.2 634.7 629.3 623 616.5 609.1 602.2 594.8 587.5 578.8 574.3 569.5 565.7 561.6 558.8 554.8 550.4 545.5 543 546.9 548.4 548.1 547.4 545.1 545 545 543.9 541.7 543.2 542.5 543 541.7 541.3 536.7 530.5 525.2 522.8 521.5 519.1 514.1 510 505.4 500.2 487.4 473.1 482.5 483.9 482.7 468 461.3 457.3 450.1 443 433.6
557.9 560 559.4 557.6 555.1 555.4 553 557.3 561.6 569 576.7 583.2 588.4 593.9 599.1 605.6 615.9 626.7 638.9 647.5 651.9 652.7 652.1 649.2 645.1 640.2 634.7 626.9 621.5 612.7 606.2 599.9 591.5 583.1 579.9 575.6 570.9 566.1 562 557.4 552.6 547.7 549 554.7 557.1 554.5 552.1 548 549.1 549.7 548.5 550.4 552 555.2 554.7 553.6 553.8 555.6 544.4 533.1 529.8 530.7 528.9 520.8 509.5 502.8 498.5 486.3 480.9 488.6 494.3 494.2 468.3 455.8 449.1 443.2 435.8 421.3
569.1 570 569.3 566.4 565.2 566.3 563.9 569.7 572.7 577.6 584.7 591.6 599.5 606.6 612.3 619.6 629.1 641.6 652.3 660.2 664.1 664.2 661.5 656 650.9 646.2 639.4 632.1 626.3 618.8 610.2 603.2 595.2 587.3 583.2 579 574 568.9 563.8 559.1 554.9 550.6 553.4 557.2 561.1 558.9 554.2 550.9 552.2 554.2 558.8 557.4 557.9 562.6 568.7 569.2 565.8 562.1 559.9 550.2 543 532.5 524.5 514.1 504 493.3 488.8 480.8 486 487 491.1 487 466.8 451.2 443.3 432.2 424.8 410.1
580.1 581.6 582.5 582.8 580.8 579.8 575.7 580.2 583.4 587.2 594 601.6 608.2 616.4 623.5 631.5 642.5 653.2 664.3 673.6 675.8 673.7 669.9 663.9 657.5 651.2 643.8 635.9 629.2 621.4 613.1 604.5 595.9 589.8 585.4 579.6 574.1 568.6 563.9 559.2 555.4 554.7 556.9 561.4 560.7 557.2 554.5 554 556.5 560.3 565.3 561.1 561.7 566.1 569.2 572.8 573.3 574.1 567.2 560.1 555.8 548.2 530.5 514.3 497 479.7 471.6 471.5 478.2 478.9 479.2 478.4 461.1 446.9 438.9 423.1 411.3 400.7
594.6 596.5 598.1 597.7 595.3 591.7 588 591.1 593.5 597 604 610.8 618.8 625.8 635.2 643.8 654.8 665.3 673.5 682 685.7 680.6 676.2 670.5 663.1 656.7 648.2 639 631 622.3 613.5 605.2 596.6 590.5 585.6 579.6 574.5 569.5 564.2 559.3 556.9 556.2 558 558.7 557.2 554.5 554.3 555.1 558 561.2 564.6 564.1 563 566.3 567.9 568.7 570.1 570.6 567 559.6 553.2 543.5 531.5 517.8 502.6 474.2 458.8 454.8 459.4 456.4 453.2 450.6 444.2 431.2 420.2 408.4 399.1 390.9
611.4 613.2 613.1 611.8 607.7 603.7 602.2 602.9 605.1 609.2 614.7 621 630.3 639.8 647.9 656.8 666.8 675.5 684.1 689.4 690.4 687.9 682.9 675.2 668 659.8 651 641.5 632 622.1 613.8 605.6 597.7 590.5 585.6 580.9 575.3 569 563.6 560.2 556.9 555.5 555.8 555.6 553.1 551.3 551.7 553.4 556.8 559.7 562.3 561.7 560.7 563 564.4 565.1 564.2 561.4 557.6 554 549.4 537.8 526.1 517.2 493.6 470.4 448.8 440.1 436 431.7 428.6 426.5 421.8 414.8 404.2 395.9 388.3 382.8
627.8 630.6 628.6 623.3 618.3 614.5 614 614.9 617.4 622.6 627.9 636.9 646.3 654.2 660.9 669.4 677.4 685.5 692.7 697.1 697.9 694.5 687.9 679.3 670.9 661.2 651.3 641.9 632 621.6 613.9 605.1 596.4 589.8 584.9 580.9 575.2 568.4 563.2 559.5 555.9 553.1 551.1 550.2 548.3 548.4 548.9 549.7 552.2 554 553.9 552.7 552.5 553.5 552.9 552.9 554.8 556.4 554.1 550.2 541.9 535.5 530.8 520.9 508.9 474.7 444.4 422.1 417.9 413.5 411 409.7 405.9 398.8 391 384.6 379.3 376.2
