GeneralExemplars/GeoExemplars/data/LakeDistrict/terrain-50-dtm_3563996/ny/NY32.asc
ncols 200
nrows 200
xllcorner 330000
yllcorner 520000
cellsize 50
[rows 105 to 139 of 200, columns 0 to 77 of 200]
125 127.4 134.9 143.6 150.1 157.3 166.5 177.2 181.1 181.8 181.4 179.1 176.4 170.6 163 142.9 129.8 138.2 153.3 155.3 159.9 161 159.5 158.3 156.6 153.9 146.3 130.8 132.6 135.1 134.7 134 133.8 133.8 134 134.6 135.2 135.6 135.8 136.6 137 137.6 139.9 141.5 142.6 144.1 147.1 148 148.3 151.8 152.1 159 163.9 167.3 164.4 169.5 175.9 179.3 181 182 183.7 185.5 187.9 189.9 191.3 192.7 193.7 195 198.1 201.7 203.6 204.1 206.3 208.1 210.4 212.7 214.9 218.2
128 126.1 127.8 131.3 131.6 135 138.5 163.1 173.3 176.5 175.9 173.3 168.3 160.5 138.3 131.8 143.1 157.7 162.9 167 166.4 162.4 160.2 157.7 156 152.8 150.6 140.6 131.2 131.8 132.3 134.1 134.3 133.5 133.9 134.6 135.2 136 136 136.7 137.3 139.7 141.5 142.9 145.6 146.7 146.6 152.6 154.9 155.7 158.3 164.2 166.5 169.6 173.6 173.4 175 177.5 185.2 183.8 185.5 188.7 192 194.4 196.1 198 201.5 202.1 202.7 204.9 206.9 208.8 211.1 214.6 216.7 219.1 220.9 223.9
136.6 133.5 130 128.4 128 128.3 127.8 127.3 155.8 168.6 168 164.9 149.3 126.6 135.6 145.5 155.7 163.6 169.1 169.1 165.9 163.9 164.4 162.1 156.1 152.9 150.3 145 136.1 131.7 132.8 134.1 134.2 134.1 134.8 135.3 135.8 136.7 136.6 136.7 139 143.2 144.7 145.9 145.7 151.6 152.8 156.7 159.7 162 163.5 166.1 170.9 178.7 177.9 181.3 187.9 192 191.8 185.5 191 194 198.7 201 203.9 204.7 205.3 206.5 208.1 210.2 211.8 214.4 217 219.4 222.3 224.9 227.5 230.7
139.7 139.7 139.1 134.1 133.6 129.9 127.7 129.2 128.9 145.1 158.8 148.7 126.5 135.1 151.8 158.1 165.1 169.3 168.7 171 171.5 170.4 168.1 162.5 157.5 154 147.5 142 134.8 134.6 133.9 134.2 133.8 134.7 135.3 135.7 136 136.8 137.7 140 142.7 144.3 148 151.3 152.7 155 156.3 159.5 163.5 163.9 165.8 169.2 173 178.4 184.8 185.5 187.5 190.5 190 188.4 195.4 201.1 204.4 206.4 207.5 208.1 209.3 210.6 212.1 214.1 216.2 218.9 222 225.1 227.8 231.9 235.6 239.8
146.3 145.3 143.9 141.7 141.1 131.5 131.3 135.6 126.5 131.1 135.7 126.5 133.6 151.2 163.2 168.8 170.3 173.9 175 174.6 171.8 169.1 164.3 159.2 156.3 150.6 143.1 136.9 132.7 133.1 135.3 132.8 133.3 137.2 137.3 136.8 137.2 138.7 139.3 142.6 146.4 150.4 154 155.6 155 157.6 159.8 161 163.4 166.4 169.4 172.5 176.3 182 185.7 187.2 189 194.7 192.6 196.2 197.5 205.4 207.9 210.4 211.8 212.9 214.2 215.4 217 218.5 221.5 225 229 233.2 236.9 240.1 244.8 248.9
156.1 155.3 152.6 146.3 141.2 131.1 140.7 144.7 131.7 126.5 126.5 136.9 152.8 164.1 170.2 174.6 177.3 177.6 177.6 176.7 172.4 165.8 159.2 155.8 152.1 145.6 139.4 134.6 133.4 132.9 132.4 139.7 140.2 139.9 139.3 139.7 139.9 140.2 141.4 144.2 148.7 152.8 156.9 158.5 159.1 160.7 162.7 163.1 164.5 169.8 172.6 177 182.3 185.6 186.7 188.4 197.9 199.2 202.4 214 202.3 209.6 212.4 214.9 215.4 216.5 219.4 220.7 222.4 224.4 228.8 232 236.5 240.7 244.8 249.8 254.4 258.8
158.6 156.8 156 150.2 135.7 139.7 150.4 152.9 153 147.5 144.5 151.7 163.7 169.6 176.1 178.5 179.1 179.6 180.3 177.4 171.4 163.5 159.2 154.4 149.1 142.9 137.7 134.1 133.8 131.9 133.3 139.8 140.8 139.8 139.7 140 140.2 140.8 143.2 146.2 150.6 154.9 158.3 160.4 162.3 164.3 165.5 165.8 166.8 171.7 176.6 180.9 187.2 191.2 198.3 193.1 191 190.7 191.3 216.7 211 215 216.4 217.5 219.8 223.7 227.1 229.1 230.3 232.9 236.8 240.8 245.1 248.7 253.3 258.9 264.3 268.9
161.3 156.7 154.7 143.3 136.3 148.9 153.7 153.1 154.5 158.7 160.9 164.3 170.1 175.5 177.8 178.9 180.5 181.2 178.7 173.7 166.9 161.7 158 152 147.4 142.6 136.5 134.5 134.1 131.9 134.8 138.1 139.4 139.5 138.3 139.7 140.1 141.9 145.2 148.8 152.8 156.6 159.7 162.1 164.7 166.5 168 168.5 170.5 174.8 178.4 185.3 195 213.7 213.3 197.2 193.2 191.1 192.6 220.4 219.2 221.6 222.6 224.5 227.4 231.6 233.7 235.7 234.8 238.5 245.5 251.1 254.9 259.4 266.1 271.7 276.4 279.6
158 155 146.9 151.9 152.3 149.9 152 155.2 157.6 161.6 164.9 169.4 175.2 177 178.4 179.3 180 178.7 176.2 171.1 164.2 159.5 154.1 149.1 144.7 140.3 135.8 134.5 134.5 132 135.8 137.2 136.8 137.5 137.8 138.1 140.2 143.9 146.9 150 154.8 157.8 161 164.2 166.8 168.8 170.6 172.6 173.9 178.8 185.5 193.1 207.5 213.7 203.6 194.8 191.1 192 205.8 230.6 226.7 229.3 230.2 229.1 231.8 234.7 237.1 238.6 240.6 249.4 257.3 261.5 266.7 273.4 278.8 283.6 287.5 289.9
156.5 152.1 140.9 141.2 152.1 155.4 154.8 157.7 158.6 165.2 170.2 174.4 177.9 178 177.8 177.4 177 175.9 172.9 166.6 158.6 153.7 150.2 145.3 140.9 138.4 135.7 135 134.7 132.2 134.5 136.3 136.5 136.1 136.7 137.9 141.5 144.7 148 151.3 155.9 159.2 162.5 165.9 168.9 171.1 173.2 177.3 178.1 182.1 191.1 206.1 214.2 196.8 192.5 193.9 196.6 201.2 226.6 234.4 234 235.5 235.6 233.5 236.8 240.8 244.4 246.5 250.5 258.1 266 273.5 276.9 283.1 288.6 292 294.7 297.2
155.7 150.2 139.4 147 156.8 157.4 157.8 157.3 158.5 165.2 171.4 175.4 177 176.9 176.5 175.1 174.1 173 167.8 161.1 153.7 148.8 145.2 141.2 138.3 136.1 134.7 134.4 133.3 132.4 134.3 134.7 135.1 135.6 137.1 140.4 142.8 145 148 152.2 157.1 160.6 164 167.5 170.7 173.6 177.7 181.9 182.9 192 202.8 215 208.4 201.3 200.9 207.8 207.9 216.4 237.8 237.3 238 240.3 240.7 244.3 243.9 245.9 248 253.9 260.3 265 275.7 283.5 287.5 292.3 294.7 298.5 300.9 303.3
154.2 144.9 138.9 152.7 156.3 156.4 156.5 157.7 159.1 164.2 170.5 173.5 174.3 174.7 174.6 173.4 172 170.7 166.7 159.8 152 147.3 142.9 138.6 136.4 134.6 133.8 132.6 131.9 133.9 134 134.5 135.6 136.7 139.9 142.6 143.8 145.8 149.6 154.2 159.3 162.4 165.5 169.6 174.5 179.6 185.4 190.2 194.8 201.7 209.5 222.2 215.7 212 221.2 235.2 236.9 237.5 238.6 240.1 242.2 247.1 251.2 253.6 251.6 250.8 253.2 258.3 265.6 271.5 285.9 292.3 296.5 299.4 302.8 305.3 307.7 310
149.6 144.7 138.6 151.9 153.3 153.8 156.7 160.8 164.5 166.5 170.2 172 172 172.6 172.3 170.9 170.4 169.1 165.2 158.5 150.5 144.7 140.9 136.9 135.5 134.6 133.4 131.9 132.9 134.1 134.4 135.5 138.5 139.4 141.6 143.4 145.4 149 153.1 157.1 160.7 164.1 169.1 175.9 181.2 187.6 192.9 198.7 203.8 210.3 217 225.2 228.5 231.9 234.6 236.6 237 237.5 239.8 243.7 248.1 254.1 258.7 262.6 263.5 263.7 268.6 274.4 278.5 286 296.2 300.3 303.7 307.8 311.9 313.1 315.1 318.5
152.6 146.6 140.1 149.1 151.4 155.4 160.9 165.1 168.3 170.1 169.8 169.7 169.2 169.1 169.3 169.1 167.8 163.2 160.5 156.7 148.3 141.9 138.7 136.6 135.9 135.9 134.3 133.3 133.8 134.4 135.5 138 142.3 140.1 141.8 143.1 146.9 151.4 155.7 159.3 164 169.1 174.2 181.3 188 197.8 206.9 208.7 216.7 221.5 227 230 233 238.8 242.7 245.4 248.5 250 251.4 253 256.1 260.1 264.7 269 273.8 276 284.4 285.2 293.6 298.5 305.5 309.9 314.3 317.9 319.8 323 324.3 328.2
153.6 151.8 146.4 151.5 153.5 158.3 161.5 162.7 166 169.2 170 169.9 169.6 169 168.8 169.2 169.9 165.3 158.8 151.8 145.2 140.9 138.4 135.8 136.3 135.4 133.1 134.6 134.5 135 136.1 141.6 143.7 141.1 141.7 144.2 148.2 153.6 157.8 162.1 167.3 175.6 182 185.5 193.9 204.9 210.8 217.9 227 233 235.6 236.6 239.8 249.9 257.7 260.4 260.1 261.1 262.7 264.5 266.3 268.1 270.7 275.8 280.4 288.6 294.4 297.5 302.5 307.1 312.8 319.1 322.3 324.9 328.2 331.2 333.4 336.3
151 144.2 152.8 154.1 155.5 158 158.3 159.5 165.1 169.3 172.9 173.7 171.9 169.2 169.8 172.1 170.1 162.4 155.8 148.5 145 142.5 136.8 135.7 136.5 134.6 133.8 133.7 134.5 135.1 137.1 142.5 143.1 141.3 142.6 144.2 149.5 155.7 160.5 164.9 171.8 180.9 187.5 192.2 200.1 214.3 221.9 229.7 236.2 242.1 245.3 246.7 252.7 259.3 261.4 264.1 266.1 271.5 272.6 272.7 276.8 278.7 278.8 285.7 289.6 298.1 301.3 304.8 310.9 315.3 320.8 325.8 328.9 332.3 335.6 337.6 340.1 342.9
142.8 148.2 153.4 154.6 156.9 160.5 160 162.8 166.6 171.2 174.6 175.3 172.6 170 170.8 171.7 167 163.3 155 149.5 147.2 142.9 136.4 135.4 134.9 134.8 134 133.6 134.5 135.7 136.7 140.6 141.7 142 143.4 146.3 151.5 156.8 162 167.1 173.8 183 188.4 193.1 204.6 218.4 233.2 239.5 245.4 253.3 260.6 266.6 270 273.6 276.9 281.3 283.7 285.1 284.3 284.7 287.8 289.4 292.4 298.9 300.4 306.7 311.3 315.5 320.5 324.4 327.7 331.5 334.9 338.8 342 344 347 350.3
145.7 150.9 156.9 159.5 163.3 167.1 163.9 165.3 169.1 173.4 179.3 179.1 176.4 174.4 171.5 170.2 169 163.9 155.8 151 147.6 141.7 136.8 135.8 135.3 135.1 134.5 133.7 134.7 135.6 136.2 138.3 140.3 142.9 145 147.2 150.9 157.2 162 167.1 176.2 184.6 192.2 201.7 214.4 221.5 236.5 246.6 258.5 268.6 278.4 282.4 285.7 290.6 295.9 298.9 300.2 300.2 299.5 297.6 296.9 299.8 304.6 304.8 308.7 315 321.9 325.5 329.7 332.8 333.1 337.2 341.7 346.1 349.4 350.9 354.4 357.5
147.2 154.4 159.8 164.1 168.3 168.6 167.8 170.4 174.3 180.3 184.8 186.1 186.9 184.6 180.2 176.8 170 161.1 154.9 150.7 146.3 140.8 137.3 136.2 135.6 135.2 135 134 135.3 135.7 136.7 139.3 141 143.3 145.9 149 153 157.6 163 168.5 179.5 190.4 196.8 208.6 219.6 228.7 241.2 253.4 268.4 280.5 287.2 292.8 296.8 300.8 305.8 309.3 307.7 305.8 304.5 303.9 305.3 310.2 315.3 315.5 318.2 324.4 330.1 333.9 336.8 339.3 341.3 346.2 348.7 352.9 356.7 359.4 363 365.6
147.9 155.8 161.4 164.7 168 169.9 174.4 181 184.1 189.1 194 195.1 194.5 192 186.4 177.5 167.1 160 153.1 147.1 144.1 142 139 137.2 135.8 135.3 135.2 134.9 135.5 136 137.8 140 141.6 144.1 146.5 150.5 156.4 163.5 169 176.2 181.6 191.6 201.6 209.9 218.6 230.7 245.3 260.1 274.2 283.9 291.8 298.8 304.4 309.4 312.6 312.5 314 313 312 312 314.4 318 321.9 324.6 324.5 330 337.3 340.6 343.4 346 347.8 352.7 358.4 362 365.9 369.1 373.1 376.5
149.5 155.1 162.3 166.8 170.9 177.9 184.5 188.2 193.6 197.8 203.7 202.4 201.8 197.9 184.6 173.5 165.6 160.4 151.9 145 143.8 141.7 138.5 137.1 136.2 135.8 135 135 135.8 136.8 138.2 139.9 142.1 144.1 147.3 153 161.3 168.9 175.8 178.3 187.8 196.8 204.8 212.6 221 240.2 252.7 267.7 279.7 289.5 297.3 304.7 311 315.5 318.8 321 322.8 322.5 321.7 320 321.7 323.4 325.7 328.4 331.1 334 341.3 345.3 348.8 350.7 353.4 360 365.6 369.7 373.3 377.4 382.9 385.4
152.3 159.5 168.2 173.5 179.8 187.9 192.1 196.5 199.1 201 204.1 206.7 208.1 205.2 185.3 169.8 163.6 158.2 150.1 143.7 142.9 139.9 138.8 138.3 138.3 135.6 135.1 134.7 135.6 136.9 138.5 140.1 141.8 145.1 148.6 155.6 163.4 172.5 181.8 182.6 191.9 201.2 208.7 217.2 231.5 246.8 263 275.3 286 295.4 303.5 310.6 318.3 322.9 327.4 330.3 334.5 335.5 335.8 332.7 330.1 328.9 330 332.6 335.5 337.2 341 346 352.2 357.2 361.9 368.9 373.6 377.4 382.5 387.4 391.8 396.1
156 164.1 170.8 176.1 183 191 198.9 203.8 203 203.4 205.5 208.2 207.3 203.6 179.7 169.6 159.7 155.6 148.6 143.4 141 139.5 141 140.5 138.9 136.2 136 135.4 135.9 137.6 139.1 140.7 142.9 146.2 149.7 157.2 166.1 175.5 185.1 186.3 196.7 205.1 212.8 224.8 238.3 254.4 267.7 274.6 287.8 301.6 310.5 318.5 329.7 340 344.6 348.6 352.2 356.3 355.4 353.2 344.5 342.9 338.1 339.8 340.4 341.3 342.1 346.8 357 365.2 370.4 377.5 383 387.5 390.9 394.8 400.1 405
155.8 165.7 172.1 177.2 187.8 195.1 203.8 207.9 204.5 204.5 205.2 207.8 208 199.3 182.9 169 158.1 154.1 147.8 144.1 142.6 142.8 142.2 141.7 140.5 136.4 136.7 136.1 135.3 138.4 139.9 141.6 144.4 147.8 151 159.4 166.8 177.9 186.7 192.6 204 211.6 221.6 232.8 243.3 254.5 269.1 272.6 297.1 310.1 319.5 329.8 341.1 354.2 363.8 369.1 374.4 378.1 373.8 369.5 364.2 358.9 357.7 352.2 347.7 346 346.1 355.3 363.8 371.4 378 385.9 390.9 397 400.5 406.1 410.2 415.4
157.1 167.4 174.1 182.2 189.9 197.2 203.1 204.9 204.5 204.5 207.4 209.2 205.1 195.5 182.7 165.7 156.8 152.2 147.9 147.8 148 145.1 143 144.6 143.1 137.9 136.9 136.5 135.9 137.7 141.6 143.5 147.2 150 152.6 160.7 170.2 181.6 195.5 202.1 209.1 216.3 228.2 238.6 249.7 262.4 275.5 292.7 303.2 315.5 326.2 340.9 355.1 367.2 385 396.4 394.2 395.1 390.1 390.6 387.2 382 377.2 367 355.4 350.5 353.5 363.5 371.7 380.1 387.4 397.1 404 410.1 415.5 420.6 426 430.6
162.2 172.3 179.8 189.3 196.3 200.3 208.2 206.2 204.7 206 208.7 211.9 205.4 195.8 182.5 163.1 152.7 147.9 147 150.8 150.9 147.4 146.4 148 144.3 139.9 138.9 137.7 136.7 136.5 144.5 147.3 149.7 151.7 153.8 162.8 173.5 185.3 198.8 202.1 211 218.9 229.1 242.6 255.5 269.2 284.7 296.7 306.5 320.3 336.7 352.3 368.5 383.5 398.2 411.4 415.7 413.3 411.7 410 409.4 407 397.6 379.9 361.3 356.5 362.3 373.5 382.8 393.5 401.7 408.4 420.1 427.9 431.9 436.6 443.1 449.6
160.3 172.7 183.9 192.6 202.2 211.6 214.4 213 210.3 210.7 211.6 208.7 204.3 192.5 176.1 158.3 147.8 145.7 146.2 153.1 153.7 151.6 150.5 150.3 144.9 142.6 142.7 142.5 137.7 138 146.4 149.3 151.9 154.2 156.5 166.2 179.2 198.1 200.2 202.6 213.9 224.4 236.7 250.4 262.3 279.8 290.7 302.3 315.1 327.5 346.4 362.7 377.1 391.1 405.8 420.6 430.3 432.7 433 436.2 434.2 429.7 416.2 389 367.4 365.3 372.1 382.3 394.9 407.2 418 429.5 440 448.8 451.1 457.2 464.3 468.5
163.2 173.8 182.8 195.3 210.5 221.2 221.1 218.9 213.5 214.5 214.7 208.2 196.7 185.9 166.3 151.7 146.5 145.4 145.2 149.7 154.3 154.3 153.6 150.9 146.6 146.2 147.7 145.6 136.8 142.8 146.3 149.3 152.3 154.8 158.2 169.6 185.8 197.1 203 206.5 219.4 235 244.8 257.9 268.3 285 299.1 310.3 321.2 334.2 354.5 372.3 382.3 396.2 411.6 428.2 439.1 444.1 448.5 451.2 446.7 438.3 425 400 377.5 374.3 382.3 390.5 404 425.6 441 447.7 461.4 466.7 473.8 480.4 485.3 487.2
161.4 172.2 184.8 197.5 211.8 222.6 224 217.7 213.3 210.4 210.6 204.8 189 175.6 160.7 148.1 146.2 145.5 145.2 146.3 150.8 150.5 150.2 148.6 145.7 146.5 148.1 145.7 138.1 143.4 146 148.9 151.3 153.6 156.7 166.7 182.7 191.6 199.9 204.1 221.5 239.8 250.3 262.1 273.1 287.8 303.7 316.8 329.6 338.1 354 375.3 388.4 405.2 422 439.1 451.2 454.6 457.7 458.7 456.2 448.9 437.8 413.4 391.4 383.1 391.8 402.9 423.6 445 463.8 469.1 478.9 487.5 496.7 501.9 506.1 506.2
159.5 170 184 196.9 209.9 221.5 222.6 219.3 215.1 209 203.3 196 182 167.1 156 148.7 146.8 146.5 147.1 144.5 145.6 145.6 146 144.6 144.3 144.3 145.1 141.9 137.8 143.6 145.8 148.7 150.7 152.5 154.9 164.4 176.6 185.6 193.8 201.5 219.5 223.2 243.1 269.5 281.3 295.8 309.8 327.4 337.7 341.7 355.3 373.8 394.8 413.7 431.6 449 461.8 470.2 473.2 470.3 468.6 463.7 443 417 401.2 396.7 408.5 423 440.4 463.3 488 490.3 492.9 504 514.2 523.9 527.4 525.7
156.7 168.7 185.4 199 209.1 215.4 217.3 220.6 222.6 215.3 207 195.8 181.1 166.6 154.6 151.2 149.6 149.9 147.2 143.7 143.2 142.9 142.7 143 143.5 142.8 140.9 139.7 137.1 144 145.9 148.1 150.5 152.3 156.8 166.6 172.4 181.8 190.1 202.3 220.8 245.8 260.7 274.2 287.8 302.4 316.3 333.4 340.4 348.1 358.8 378.9 399.5 417.6 439.7 457.9 470.7 483 483 472.5 461.1 449.2 433.6 428.4 415.8 411.6 421.3 435.6 456.9 482.8 502.5 506.2 512.6 522 536.3 548.8 550.9 546.2
157.9 170.4 186.8 202.4 212.6 217.9 218.9 223.3 225.5 223.3 216 206.2 189.6 170.4 159.6 156.5 152 149.5 145.5 142.9 142.4 142.4 142.5 142.5 142.8 141.6 140.6 139.4 138.2 141.8 144.2 146.5 148.9 152.6 161.8 170.1 174.5 180.8 188.3 201.1 222.6 242.4 258 275.4 291.3 305.7 322.7 337.5 344.8 353.4 367 387 403.6 425.6 447.1 468.6 483.8 486.9 475.3 465.4 458.5 458.4 455.2 444.2 430.1 425.4 435.9 451.3 480.4 505.4 519.7 524.2 532.9 545.7 562.3 572.7 571.7 563.9
159.7 175.3 189.2 204 219.8 222.2 223.8 228.4 229.6 229.8 228.5 215.8 195.1 177.6 165.6 160.4 153.5 147.9 145.2 143.4 142.6 142.7 142.8 143.1 144.6 141.5 139.6 138.8 138.4 140.2 143.1 146.9 149.8 153.9 164.6 171.5 175.9 182.4 189 206.6 219 243 260.3 273.5 290.3 308 325.9 338.8 349.2 360.1 374.4 395.6 412.3 439.1 457.6 483 488.9 482.4 468.8 473.3 479.8 484.3 476.9 461.1 451.7 443.7 452.6 474.3 503.8 527.5 538.3 545.3 555.2 571.4 586 591.4 587.7 578.3
162.6 181 195.7 208.7 226.3 228.5 232.9 234.9 243.2 241.7 230.7 218 202.2 185.2 172.7 162.9 156.5 150.4 147.1 144.8 144.2 144.6 143.5 143.7 143.3 140.2 138.5 138.4 138.3 140.9 143.9 150 153 157.5 167.6 172.2 177 182.2 195.5 214.7 224.6 247.4 260.3 273.7 289.7 308.5 325.8 341.3 351.8 364.2 381.9 401.6 419 446.2 461 484.2 488.7 481 482.8 494.1 498.3 496.2 491.9 483 470.3 464 472.8 496.8 525 550.9 566 568.6 573.6 591.5 608.2 609.8 600.5 587.3
167.1 185.5 204 213.9 227.2 235.1 242.4 245.2 254.2 248.1 235.6 223.2 209.5 195.7 181.8 170.6 161.1 155.7 152.3 150.5 148.7 146.3 143.2 140.7 139.6 140.1 138.8 138.4 141.5 144 150.2 155 155.6 161.5 169.6 174 177.1 181.9 196.9 215.3 216.6 223.6 259.3 273.7 289.4 307.4 322.2 337.7 351.8 366.9 383.6 404.4 417.6 440.1 457 478.4 481.7 487.1 495 503.7 512.2 503.9 491.7 483.6 476.7 478.4 489.8 512.2 546.9 576.5 588.8 588.9 597.2 620.4 627.5 623.1 613 603.9
