GeneralExemplars/GeoExemplars/data/LakeDistrict/terrain-50-dtm_3563996/ny/NY32.asc
ncols 200
nrows 200
xllcorner 330000
yllcorner 520000
cellsize 50
[rows 70 to 104 of 200, columns 0 to 77 of 200]
405.4 432.5 458.9 484.1 506.4 525.3 542.3 558.2 571.6 578.4 581.7 585.8 592.9 598.4 599.8 598.4 596.2 590 586.1 584.7 579.9 569.5 546.6 531.6 517.3 505.9 489.1 465.8 434.8 401 424.2 454.3 484.1 506.5 516.6 522.5 522.5 517.3 509.4 507.7 503.8 495.6 479 449.1 417 387 354.7 322.3 297.7 328.3 354.6 363.3 362.1 352.9 343.4 331.3 314.2 296.8 278.6 264.2 251.4 245.6 232.2 236.1 234 228.6 224.1 219.4 214.2 209.3 202 198.2 192.7 190.5 188.5 185.9 185.2 185.1
399.1 425.6 450.9 473.2 493 509.1 524.2 539 550.7 560.8 566.8 574.7 581.3 585.5 584.9 582.5 578.1 571.7 570.8 570.4 561 541.6 516 497.2 487.7 478.3 464.6 453.4 428.1 391.9 411.4 437.6 462.3 479.3 487.8 491.4 487.5 481.6 474.4 471.1 464 453 443.5 418.6 395.7 373 348.7 317.4 282.2 312.6 331.2 336.8 334.5 328.7 322.5 307.7 286.7 270.6 257 247.5 241.2 238.1 221 225.1 222.7 218.4 213.1 210.4 202.2 201.6 204.9 198.8 190.9 183.1 182.3 182.3 178.9 182.3
390.3 414.9 437.6 458.9 482.7 500.1 518.2 533.1 543.9 553.5 558.6 565.3 569.7 570.6 569 567.4 561.7 555.8 555 554 544.9 523.5 492.7 472.3 461.7 454.8 447.8 436.3 419.6 384.4 389.9 416.1 435.9 448.8 458 458.2 454 445.9 438.5 432.9 425.1 415.2 405.6 386.6 369.9 351.3 333.9 314 282.3 297.4 312.7 307.9 305.8 300.1 294.4 280.8 263.5 251.6 243.3 236.7 231.1 229.6 222.2 211.5 212.8 211.5 206.7 197 199.8 199.6 194.6 190.4 185.3 180.8 177.2 176.8 172.2 173.3
374.9 406.3 431.3 457 479 498.6 513 526.3 534.8 544.5 551.1 557 556.7 557.6 556.1 551.5 546.2 543.5 540.1 536.4 527.8 508 471.1 451.7 439.5 433.5 425.3 413.5 403.2 374.3 368.3 394.2 407.5 417.5 424.1 422 416.7 410 404.4 396.3 390.1 380.9 372 359.2 343.6 329.3 314.7 292.6 260.2 284 284.4 280.3 275.4 270.3 264.6 254.5 244.7 238.9 234.4 230.2 226.6 221.1 217.4 203.4 202.4 199.7 194.2 198.4 196.2 193.8 189.1 184.2 181.6 180.4 177.7 171.7 169.1 168.9
373 398 429.7 455.8 477.8 494.9 507.6 519.1 527.2 535.5 543.2 545 545.9 545.5 543.1 539.7 534.3 531.1 527.4 521.4 513.9 488.2 457.8 436.7 420.4 408.2 399.1 390.3 380.2 365.1 345.9 366.1 377 386 389.1 387.9 384.3 377.3 368.8 361.9 355.2 347.6 339.6 329 316.9 303.7 293.6 279.7 252.2 264.3 261.3 255.5 251.3 247.3 243.8 239.7 234.2 230.6 227.8 224.6 219.8 214.5 207.7 198.7 191.9 191.5 191.7 190.4 190.6 186.5 181.7 178.4 175.7 175.6 175.7 170.6 165 164.4
359.7 390.3 429.3 454.5 473.5 487.4 500.6 508.1 517.8 526.3 530.2 530.6 532.8 532.5 529.9 527.3 524.8 521 514.6 509.6 500.8 474.6 444.7 421.1 405.9 388.3 377.5 368.3 359.2 346.5 319.6 338.7 347.6 352.7 353.7 355.6 350.2 343.6 336.6 329.9 322 316 306.8 297.9 288.1 279.6 271.2 261.2 248 247 245.4 241.5 238.5 235 230.6 229.1 225.6 222.5 219.7 216.1 210.9 206 200.1 189 183.5 186.7 184.6 183 180.8 176.6 175.1 173.8 170.9 170.2 168.1 165.6 161.5 160.1
353.4 391.5 427.6 451 467.5 480.3 492.5 500 505.4 511.8 515.5 517 517 515.5 514.6 514.4 512.2 508.9 506.3 501.8 492.7 467.2 438.5 411.6 392.8 377.4 364 351.9 343.1 333.8 310.4 313.9 320.9 322.2 323.4 320.7 314.8 310.7 306.5 300.3 294.1 288.7 279.9 272.3 265.8 260.1 253 247.3 239.8 228.2 234.2 232.6 229.5 227.5 224.1 221 216.1 211.9 206.9 203.3 197 193.4 186.2 181 180 180.1 179.5 177.3 175.3 170 169.9 169.2 166.8 165 160 159.1 158.6 157.2
355.1 390 424.3 445.2 458.7 471.4 482.8 490.2 494.6 498.7 501.5 502.5 502.8 501.8 501.9 500.5 498.2 499.2 497 489.5 482.1 463.9 434.3 406.2 384.4 367.1 353.2 339.5 328.8 320.3 310.7 288.5 299 299.2 303.3 302.3 296.5 289.5 284.1 279.6 276.7 269.9 261.4 254.7 248.9 245.2 241.1 237.2 231.1 223.6 214.7 225.9 222.9 219 214 206.1 205.4 200.4 194.6 189.6 183.7 182.1 177.3 174.5 175.4 175.5 174.2 172.5 171 166.6 165.5 164.7 162.7 162.3 152.4 151.8 154.6 155.2
356.4 390.7 420.5 439.3 450.7 460.8 468.8 475.5 481 483.7 486.3 489.7 488.5 487.8 488.1 484.3 480.5 478.9 478.2 470.9 460.2 447.8 430.9 401.5 378.1 355.3 336.5 325.7 314.9 306.7 297.5 280.8 280.7 279.8 283.4 284.7 279.4 275.5 271.3 265 261.1 254.9 248 242.5 238.7 235.3 232.6 229.2 224.5 217.3 213.8 216.9 212.6 208.1 203.7 197.4 193.7 188.3 183.7 178.8 177.6 172.8 170.2 170.5 170.4 170.5 167.7 167.1 165.7 162.8 159.5 158.8 157.4 157.8 150.1 150.8 151.6 153.1
360.9 392.5 410.4 424.7 434.3 444.1 453.7 461 465.3 467.1 471.5 472.1 470.1 468.5 466.1 462.5 459.7 456.2 454.8 447.7 438 426.9 413 396.2 371.1 345.4 322.2 307.3 299.2 291.6 284 275.4 268.7 267.3 265.8 265.4 263.2 260.7 258 251.9 247.7 243.5 237.3 232.5 230.7 226.7 222.3 217.9 212.3 210.4 206 200.4 200.3 197.1 193.7 189.2 186 181.3 178.5 174.6 170.9 168 164.7 165.8 166.3 166.1 164.5 161.5 161.1 159 152.6 152.4 151.5 149.1 149.3 149.9 150 150
360.8 383.4 398.6 410.5 419.2 428.1 436 442.5 446.4 449.4 450.6 451.5 451 447.5 443.3 440.8 439.4 435.7 432.1 429.4 424.9 407.9 394 377 353 332.1 309.7 292.8 282.3 275.7 269.4 264.2 257.9 256.2 254 249.5 249.1 247.7 243.3 238.9 234 230 227.2 225 221.5 215.4 210.3 205 203.2 202.7 199.4 189.9 190.2 188.9 186.5 183.7 181.8 178.6 175.4 170.8 166.5 164.1 161.5 162.4 162.3 161.8 161.6 160.1 157.4 154.1 149.6 148 148.1 148.8 149 149.4 149.7 149.1
353.3 370.6 385.5 394.4 399.4 407.5 413.7 419.2 423.8 426.2 428.8 430.2 427.4 425 421.6 419.9 417.5 410.9 411.1 412.2 403.1 385.5 378.4 354.4 333.9 318.8 299 278.1 268.1 262.5 258.1 255.5 249.3 247.2 246 242.7 238.9 234.7 230.6 227.2 224 221.1 218.6 214.3 208.7 204 199.3 196.1 196 195.7 193.1 189.6 185.1 182.8 182.6 180.2 177.5 173.1 171.1 168 162.3 158.5 158.6 159.3 159.1 158.6 158.4 157.3 154.9 152.8 149.8 148 147.7 148 148.4 148.5 148.3 152.7
339.6 353 364.7 372.8 381.5 386.2 389.4 389.9 394.5 396.8 400.4 403.4 402.1 401.2 398.7 393.1 389.4 386.6 386.8 384 367.4 356.5 342.2 332 313.9 299.4 282.4 264.7 256.1 252.3 249.4 247.3 240.2 237.6 239.4 236.6 233.1 228.9 224.8 220.7 216.6 213.4 208.4 203.9 200.7 197.3 194.1 191.8 190.1 189.7 187.3 183.9 179.3 178.5 178.4 175.8 173 168.7 167 163.1 158 155.1 155.8 156.1 156.2 155.6 155.5 154.4 152.8 150.4 148.6 147.4 148.4 148.6 148.3 148.9 152.2 155.8
320.4 333.2 343.6 352 358 362.5 365.3 366 366.9 368.9 373.5 375.7 376 376.4 372 368 364.5 362.1 358 352.7 343.5 334.1 320.9 307.8 295.9 284.1 268.3 255.6 247.1 243.4 241.4 238.3 234.7 230.1 230 228.2 224.3 221.5 217.1 212.4 208.1 205.5 201.1 196.7 193.8 191.8 190.5 187.2 185.1 183.8 181.8 179.8 175.9 174.2 172.5 169.7 165.9 164.8 161.6 157.4 154.4 152.3 153.7 153.9 153.4 153 152.5 152.2 150.2 148.2 146.9 148 147.9 147.9 149.4 155.8 159.4 161.2
302.3 313.5 321.3 326.4 333.2 338 341.1 342 340.6 340.1 345.3 345.8 347.4 349.4 347.1 343.9 338.5 333.3 327.4 323 318.4 308 296.8 286.4 277.3 266.3 254.9 245.8 240.1 237.1 234.5 230.3 227.3 220.9 217.4 217.1 214.8 211.7 208.5 202.6 198.9 196.4 193.6 190.6 185.8 184 183.7 182.9 180.8 179.3 176.7 175.1 172.1 169.5 168.6 165.8 163.3 160.3 156 152.6 150.3 150.4 151.1 151.3 150.8 150.5 150.3 148.9 147.5 147.7 146.1 147.6 147.6 147.4 154.3 159.6 162.1 164.6
284.9 292.7 302.8 309.6 314.3 319 322.4 322.9 321.3 318.8 319.6 323.8 322.2 323.9 322.8 321.2 314.4 308.1 303.8 301.5 295.3 286.3 277.7 270.4 261.6 251.5 244.6 238.6 234.9 231.9 228.6 223.4 219.2 214.7 208.4 205.4 204.3 202.2 199.6 195.6 191.9 189.1 183.9 180.6 180.1 179.2 178.6 178.2 176.4 174.7 172.2 169.9 167.9 166.6 165 162.5 160.5 158.1 155.1 151.6 148.3 148.4 148.6 148.6 148.3 148.4 148.4 146.4 146.2 145.7 146.2 146.8 147.4 150.9 158.9 162.3 164.8 168
271.7 281 289.6 293 294.7 299.3 301.6 303.2 303.1 302.9 303.5 305.9 306.9 303.6 300.6 296.6 293.1 292.1 288 283.3 277.7 270.6 260.8 255.4 249.6 241 236.9 234.7 231.9 228.6 224 217.4 212.6 209.2 205.1 197.1 196 194.4 192.4 189.3 187.1 184.2 179.9 176.2 175.4 174.7 173.7 173.5 171.7 169.4 167.3 165.1 165 162.2 158.8 160.1 157.5 155.3 153.1 150.1 146.9 146.4 146.5 146.5 146.8 147 146.8 145.7 145.5 145.5 146.6 147.1 151.8 158.8 161.9 164.6 167.4 170.9
257 266.2 273.3 279.5 280.7 281 281 283.8 286 285.8 286 288.2 289.4 286.2 282.8 277.2 271.8 268.6 266.4 263.9 259.6 253.8 247.5 239.8 237.5 234.2 232.8 230.6 227.9 225.6 218.4 213.2 206.5 202.6 199 194 189.7 186.6 186 184.4 182 179.5 176.2 173.6 170.5 170 169.4 168.7 166.7 164.6 162.2 161 160.1 156.1 157.8 157 154.7 152.7 150.8 148.1 145.8 145.8 145.4 145.4 145.8 145.5 145.3 145.2 144.9 144.5 147.1 149.3 157.2 160.4 163.6 166.6 169.8 173
242.2 251 258 262.6 265.2 267.3 267.2 267.5 268.9 268.8 267.7 267.2 266.9 266.2 264.1 260.6 257.2 253.8 252.4 248.9 246.1 241.8 239.1 234.8 230.8 229.7 227.9 225 221.7 216.8 208.5 206.6 200.8 196.6 193.5 189.4 185.4 182.8 178.1 174.5 176.9 174.3 171.9 170.2 167.8 165.9 165.3 164 162.4 159 157.7 155.9 155.8 156.1 155.9 154.4 152.6 150.7 148.8 144.8 144.8 145.1 144.6 144.5 144.5 144.7 144.7 145.3 145.4 144.7 149.2 154.1 155.1 159.3 165.1 169.5 173.7 174.7
227.9 238.7 246.3 252.2 256.5 258.6 260.2 261.6 261.5 259.9 257.3 254.7 253.9 251.9 249.5 247.8 245.6 244.5 242.1 239.5 236.3 232 228.9 227.2 225.7 223 220.3 216.7 212.8 205.9 199.2 195.4 192.8 189.2 187.1 185.2 181.4 178.1 175.9 171.7 164.2 166.2 167.8 166 163.2 160.4 160.5 159.4 158.2 154.7 153.7 153.5 153 154 153.9 152.7 150.1 148.7 144.3 144.1 144.3 144 144 144.1 144.4 144.3 144.2 144.6 145 144.4 155.1 158.1 158.1 157.9 166.4 171.8 176.7 175.2
219.9 229.7 237.4 243.7 246.5 248.8 249.8 251.4 252.4 251.2 248.6 248.4 247.5 245.5 242.1 239.4 239.2 236.5 233.1 229.7 225.6 221.6 219.5 216.6 212.4 209.6 207.7 207 203.3 197.5 192.1 189.1 185.7 183.2 181.6 179.5 177.5 173 171.1 170.2 167.3 163.5 160.1 162.1 160 155 154.2 153.9 153.2 151.8 152 150.5 152.7 152.6 152.4 149.9 147.1 142.9 142.9 143.2 143.7 143.8 143.7 143.8 143.6 144.5 143.8 143.8 148.1 154.8 159.9 162 164.6 161 163.9 171.4 174.5 175.1
212.1 220.4 227.6 233.5 238.8 240 242.2 242.7 242.9 242.5 241.9 239 238.8 237.3 234.2 231.7 229.8 226.9 222.9 221 216.3 212.3 210.9 206.3 204 201 197.1 197.9 195.5 190 187 184 180.3 177.8 176.3 174.1 172.8 170.1 167 165.7 163.6 162.9 158.6 154.8 153.9 150.5 149.3 148 147 147.9 148.8 148.6 150.1 148 144.3 142.3 142.5 142.7 142.7 142.9 143.1 143.5 144 144 145.7 150.1 153 155.8 159.8 162.1 163.9 167 169.4 169.9 168.1 164.7 167 169
202.5 210.6 217.8 224.1 228.3 232.2 234.8 235.5 236.6 235.9 234.3 232.2 230.5 228.6 228 226 224 221.8 219.2 215.1 211.1 208.4 205.3 201.1 198.7 198.4 189.1 183.7 181.9 182.8 181.2 179.6 176 172.1 170.6 169.6 169.3 166.8 163.9 161.3 159 156.6 154.9 152.7 150.1 148.5 145.8 144.7 145 147.4 145.6 146 145.8 144.9 142.7 141.8 142.2 142.4 142.5 142.7 143.1 143.6 142.2 143.8 147 151.9 156.3 159.3 162.6 165.2 167.6 170.4 173.9 176 175.4 174.3 173.9 175
194.2 199.4 208.1 215.4 220.2 225 226.9 228.8 229 229.8 228.4 227.3 224.5 223.3 222.3 219.1 216.2 213.5 211.9 209.2 206.6 203.8 200.2 195.5 190.4 186.3 181.4 175.3 171.3 170.8 172.6 173.8 171.7 166.7 165.6 164.7 163.7 162.1 160.2 158.2 156.5 154 152.4 150.8 149.9 147 144.7 142.5 144 145.8 143.5 143.3 143.9 142.7 141.7 141.8 142.1 142.2 142.5 142.8 143.1 142 143.4 148 151.6 155.4 158.8 161.1 163.5 166 168.8 172.8 177.4 179.5 178.7 177.9 178.4 178.6
186.3 191.4 198.8 206.5 213 217.8 220.1 221.7 222.3 222.3 221.1 221 220 217.9 216.5 213.6 210.5 207.4 204.7 202.9 201.3 198.1 194.5 189.8 185.6 178.9 172.9 168.3 164.8 164.9 165.5 165.2 163.9 162.6 160.7 160.3 159 158.4 156.5 155 153.8 151.8 150.6 148.6 146.2 145.9 144.2 143.8 143.2 143.3 143.7 143 141.8 141.3 141.5 141.8 141.9 142.4 143 142.8 141.9 143.7 146.5 148.5 153.8 156.4 159.1 161.8 164.4 167.3 170.9 174.4 178.3 183.6 183 182.1 181.6 181.4
179.9 184.8 191.9 198.8 203.4 206.8 209.5 212 212.2 214.1 215.6 215.4 214.6 213.8 211.7 208.1 204.8 201.9 200.2 199 196.7 192.4 189.7 184.3 178.1 173.6 169.3 165.4 161.1 159.8 160.7 160.6 159.6 158.2 157.1 154.2 154.2 153.3 151.6 152.1 151.5 149.7 148.7 146.5 143.4 142.8 144 142.4 143.2 144 143.5 142.1 141.1 141.2 141.5 141.8 142.1 141.6 142 141.6 147.1 149.4 150 148.5 152.3 156.7 160 163.6 166 168.8 171.9 175.4 179.2 184.7 185.9 185 184.8 185.4
172.3 176.6 183.9 189.8 194 198.3 201.8 204.8 207.4 209.7 210.6 210.5 209 207 204.3 201.6 199.9 197.6 196.4 195 191.7 187.3 184.6 179.9 174.3 170 165.7 161.6 158 156.6 155.8 154.8 152.8 152.3 153.5 149.9 150.2 149.7 149.1 149.2 148.6 147.2 146.8 144.5 142.9 141.7 140.6 140.7 143.6 144.5 142.5 142.2 141 141 141.3 141.3 142.1 141.9 144 147.1 150.1 152.4 152.8 152.6 152.4 155.1 157.9 163.2 166.4 169.3 172.3 175.3 179.2 183.9 185.7 186.4 187.8 188.6
165.2 168.9 176.3 182 186.6 191.7 197.1 201.1 203.7 206.1 206 205 204 200.4 197.7 196 194.4 191.4 190.1 188.8 184.6 182 179.4 176 170.3 166.3 161.5 160.1 159.1 157.3 155.3 153.8 151 147.9 147.7 146.9 146.9 147.1 146.5 146.6 146.1 144.3 142.6 141.4 139.5 139.9 140.1 139.8 140 141.3 140.9 140.7 140.9 140.8 141.1 141.1 141.2 143.1 147 150.7 153.1 155.7 156.5 156.5 157.4 158.3 158.1 161.1 165.4 168.9 172.6 175.6 179.5 181.3 183.2 185.4 188.6 190
157.4 162.8 167.6 173.5 180.9 188.1 193.9 197.2 200 200.7 200.2 201 198.7 196.8 196 193.4 189.5 186.9 184.5 182.3 179.9 177.3 174.6 172.3 169 165 162.3 162.9 160.8 157.6 156.9 155.5 152.5 148.6 145.2 144.2 142.6 141.9 141.9 142.5 142.3 142 141.7 139.4 139 139.4 139.7 139.5 139.7 140 139.7 140.4 140 140.7 140.9 141.8 141.1 145.9 150.9 155.8 157.4 158.6 159.5 160.5 160.8 162.8 163 164.4 167.8 170.8 174.3 177.7 179.6 180.8 183.5 186.1 189.2 191.1
150.7 159 163.6 169.5 175 182.9 189.4 194.7 196.3 197.1 197.8 197.6 195.5 195.9 193.7 189.9 186.2 182.8 180.4 177.8 175.3 173.2 172.4 171.2 170.1 167.9 166.2 164.5 160.4 158.2 158.1 156.4 151.5 146.2 142.3 140.4 134.3 138.6 141.1 140.1 138.9 139.4 139.7 138.6 138.7 139 139.4 139 139.8 140.3 140.8 140.1 140 140.2 140.2 142.1 147.5 152.1 156 160.4 160.1 162 163.1 164.8 166.2 166.9 168.2 169.7 171.9 175 178.5 181.2 183 183.9 185.4 187.8 190.8 193
143.6 157 162.2 166.1 173 182.2 187.8 191.9 193.8 195.8 196.4 195.2 195.3 193.8 190 185.3 182.3 179.4 176.6 173.4 169.1 167.3 168.3 171.2 170.7 167.9 166.4 163.4 158.5 157.4 155.7 153 146.1 141.3 136.2 135.9 135.2 134.6 136.1 136.6 136.9 137.1 137.7 137.8 138.3 138.8 139.2 138.9 139 139.8 140.9 142 142.9 143.6 145.5 150 153.3 156.8 159.2 165.9 165.8 168 169.9 171.1 171.3 172.5 173.6 174.5 176.6 178.4 181.3 183.9 186 187.1 187.8 189.5 192.7 195.8
141.7 155.5 158.8 163.3 171 179 184.9 188.8 194 196 195.7 194.4 193.6 191.6 187.4 183.5 179.8 175 171.7 168.2 164.8 148.1 165.3 167.2 163.4 160.9 161.6 161.1 157 153.9 150.8 145.6 142.1 134.4 134.9 135.8 136.3 135 135.9 137 136.6 136.9 137.2 137.5 138.1 138.6 138.9 139.3 138.4 138.5 140.7 143.4 145.2 147.6 149.9 153.9 157.1 162.3 166.4 170.6 171.3 171.5 173.8 175.8 176.1 177 178.4 179.2 180.7 182.3 183.8 186.7 189.1 190.5 192.5 194.1 195.6 199.4
144.7 151.9 155.4 160.7 167.8 174 182.6 188.7 192.6 194.1 194.1 192.8 190.5 188.2 183.6 177.8 172.5 167.7 165.4 156.4 146.4 137.6 139.9 135.8 132.5 134 141 151.8 156.3 154.7 147.9 142.8 141.5 133.9 134.7 135.3 135.9 135.2 136.8 136.8 136.9 137 137.4 137.8 138 138.3 138.7 138.3 138.6 137.7 140.2 144.1 146.8 150.9 154.3 158.4 162.6 166.6 171.5 174.9 175.5 174.2 176.2 178.5 179.4 180.5 182.1 183.6 184.3 185.9 187.8 190.1 192.3 194.4 196.2 198.9 199.8 203.3
146.3 148.1 149.6 155.4 162.1 170.4 179 186.4 190.1 191.3 191.8 188 185.9 183.5 178.9 171.2 160 157.3 148.5 132.7 130.2 135.6 137.4 135 140.7 140.1 133.6 141.2 149.4 146.8 144.1 144.7 135.6 134.2 134.2 134.8 135.5 136 136.1 136.9 137.1 137.2 137.6 138 138.2 137.5 137.3 137.2 138.4 141.9 144.7 147.2 150.5 153.1 157.5 161.6 166.2 172.4 175.5 177.4 178.8 178.2 179.3 181.2 182.5 183.3 184.8 186.5 187.8 190 191.5 193.1 196.1 198 200.4 203.3 205 205.5
138.6 139.7 144.8 149.7 157.6 165.9 175.2 182.6 186.1 186.4 184.8 182.8 181.7 177.5 172.5 163.6 143.6 135.4 130 134.2 151.3 159.3 157.7 157.2 158.2 155.2 130.5 133.4 140 144.4 141.4 136.9 134.3 134.1 134.2 134.8 135.3 135.7 136.1 135.9 136.3 137.5 135.3 137.5 139.9 139.7 143.4 145.4 145.6 147.2 151.3 152.3 153 156 160.6 168.5 173.1 176.9 178.9 180.2 181.7 182.5 184.5 186.6 187.4 187.5 189 189.5 191.7 196.1 198.1 198.1 200 202 204.7 207.3 209.2 209.8
