GeneralExemplars/GeoExemplars/data/LakeDistrict/terrain-50-dtm_3563996/ny/NY32.asc
ncols 200
nrows 200
xllcorner 330000
yllcorner 520000
cellsize 50
[rows 140 to 174 of 200, columns 0 to 77 of 200]
168.3 190.4 209.2 217.7 232.7 244 248.7 249.6 248 254.3 247.9 233.8 217.8 205.2 193.7 182.1 169.1 159.2 155.2 153.9 153.4 148.7 143 141.2 139.4 140.4 140.2 142.4 145.9 151.3 154.7 155.5 156.6 161.7 169.1 175 179.4 183.3 196 213.3 217.8 219.7 240.5 268.8 286.9 304.3 319.4 336.4 351.3 364 379.8 403.2 416.5 437.7 454.1 472.3 485.8 483.7 491 497.3 497.3 495.8 491.7 487.2 486.5 492 505.5 528.2 566.8 601 617.1 617.2 628.1 640.5 640.2 633.8 624.1 616.7
177 203.6 213.7 223.4 237.4 248.3 252.3 251.6 246.2 246.7 250.9 245.7 231.3 215.4 204.2 188.9 174.1 162.6 156.2 155.3 155.9 149.3 143.5 141.3 140.1 141.7 143.6 145.8 153.4 154.8 155.9 156.4 157.1 159 169.3 172.8 179.4 184.4 192 210.6 222.1 235.6 250.8 262 277.9 298 317.4 330.2 343.4 358.4 377.4 402.5 419 435.1 445.8 463.8 476.2 486 492.8 495.7 499.2 503.5 500.4 496.9 496.7 505.4 522.6 547.7 580.6 621.8 650.1 653.7 655.5 657.5 649.9 639.6 630.9 624.2
182.9 210.2 217.6 227.9 239.7 244.4 247.6 248.1 245.3 238.5 241.5 241.9 238.1 225.2 212.4 194.5 175.6 161.9 155.6 153.4 152 148.2 145.1 142.4 140.1 144.4 147.9 152.8 154.8 155.8 156.3 156.9 157.5 158.2 160.1 170.6 178.7 181.6 186.1 201.9 215.3 231.2 244.4 255.8 269 285 307.6 323.2 335 353.5 374.5 399.4 424.9 429.6 445 464 478.8 488.5 496.1 500.6 507.4 510.1 506.7 511.1 512.5 522.1 544.1 569.5 600.4 631.3 661.6 674.6 668.5 662.5 653.2 643.4 632.6 621.1
184.1 212.4 223.3 234 244.9 247.7 245.8 243.6 243.2 235.9 228.4 226.9 227.8 224.9 213.9 200.7 179.9 160.2 155.5 153.8 151.6 150.6 148.7 142.3 140.5 153.7 154 154.3 155.2 155.8 156.4 156.1 157.2 156.1 158.1 164 175.2 178.1 182.7 192.9 206.9 223.2 238.7 251 260.4 276.2 293.6 314.9 331.4 348.5 371.6 397.7 409.1 422.6 442.3 458.9 476.4 493.5 505.3 514.9 518.9 520.6 518.8 520.9 531.6 544.4 564.7 592.2 622.1 648 677 684.1 674.2 666 657.1 645.5 634.5 621.6
186.5 209 234.8 245.1 251.2 256.7 254.1 247.8 243 233.4 223 213.5 210.8 207.3 199.1 189.7 174.2 160.1 154.2 151.4 154.3 153.9 150.9 141.4 140.2 152.3 152.2 152.6 151.6 151.5 152.9 150.9 150 150.3 155.4 160.6 171.7 178.6 182.4 191.2 199.6 214.1 234.6 247.3 249.6 258.7 283.8 305.7 327.8 342.7 360.1 376.6 387.8 422.1 447.9 464.8 482.9 502.1 514.7 518.8 521.2 522.5 526.6 536 547.2 562.4 584.6 617.9 650.2 676.2 702.2 691.5 680.8 671.4 660.1 648.1 635.2 620.8
193.2 210.2 240.2 255.8 259.1 271.5 269.8 262.9 247 234.6 223.8 214.8 206.2 199.3 192.2 184.1 172.6 159.1 150.9 148.6 147.9 146.3 141.8 140.1 143 146 146.5 147.4 146.3 147.1 147.6 147.4 147.1 149.1 155.9 161.9 165.9 178.5 187.1 197.6 203.1 216.2 233.4 239.5 242.2 251.8 272.9 295.6 318 335.1 353 368.5 387 408.2 446.3 467.2 484.8 499 509.3 516.5 521.1 524.9 535.8 550.1 564.8 582.8 610.8 642.2 672.8 700.6 707.6 693.1 682.2 671.6 660.3 648 634.3 618.8
201.3 216.8 236.2 256.1 263.6 268 267.3 266.8 253.9 235.2 223.7 215.8 206.6 198.5 185.2 179.2 175.4 164.6 151.9 145.4 141.6 142 141.5 142.8 148.8 149.7 147.8 145.5 143.8 143.6 144.1 144.8 145.7 148.6 156.4 162.4 165.1 179.1 187.3 193 208.1 226.9 235.5 236.5 237.7 247.1 269.7 293.7 314.6 339.4 361.3 375.4 386.6 414.7 447.8 466.7 479.8 493 507.6 516.6 526.1 535.5 550.4 568.1 588.1 612.9 639.9 667.6 695.2 714.4 707 693.8 682 670.7 659.3 646.7 632.3 615.2
225.2 226.1 234.1 242.3 253.8 258.8 258.6 259.1 251.3 238.7 229.3 219.5 209.6 201.5 189.5 175.6 167.8 160.4 149.1 144.4 141.6 142.6 150.4 154.4 149.3 148.3 147.5 144.5 143.2 143.3 143.5 144.5 146.3 149.4 156.2 162 164.9 173 186.2 198.6 219.7 230.8 232.3 232.2 230.3 236.7 259 284.8 316.4 345.6 360.3 376.4 397.1 421.2 453.7 473.9 484.1 498.3 512.5 527.6 539.6 553.5 571 595.1 621.8 645.9 672.9 696.5 718 717.4 708.4 694.9 684.3 673.8 662.6 649.3 634.2 617.5
224.9 230.7 228.2 229.4 237.2 244.6 250.1 250.8 244.4 238 230.1 222.7 217.8 206.4 197 182.4 167.2 160.9 158 148.6 143 142.6 150.2 150.4 145.5 145.6 145.4 143.8 142.9 143 143 144.6 145.8 148.9 157.7 162 166.9 172 182.7 204.7 215.2 220.4 227.1 229.3 236.4 246.2 259.6 287.7 314.6 335.3 359.5 392.2 423.2 443.8 469.1 488.5 500.8 513.5 531.2 548.9 563.9 583.5 603.1 634.8 660.3 681.6 703.3 719.8 724.5 719.2 708.1 697.6 686.6 675.5 663.7 649.5 635 619.2
200.8 205.3 210.6 215.4 222.3 229.3 232.9 241.9 241.1 237.2 232.5 225.6 217.4 214 207.7 192.9 190.3 183.5 172.7 157.9 148.5 141.7 149 147.6 143.8 143.4 143.5 142.5 142.6 143.2 143.1 143.3 145.2 148.4 157.2 166.7 165.9 170 174.3 193.7 204.5 211.1 219.5 236.5 249.3 255.2 263.6 290.3 310.4 340.2 384.8 426.3 462.8 485.7 500.2 521.2 537.6 552 565 583 601.9 622.3 646.4 670.3 691.7 709 718.9 724.3 723.3 716 707.4 698.2 687.8 675.9 662.7 648.8 633.9 617.8
183.8 191.9 198.1 205 206.6 213.2 218.7 220.9 229.2 227.8 223.1 219.5 218.6 214.8 211.4 213.1 216.9 207.9 190.3 171.1 157.4 147.9 141.6 142.4 141.6 141.7 141.6 141.8 142.3 143.4 143.3 143.2 143.4 146.4 161.5 173.6 168 166.3 171.7 187.5 199.4 205 214.7 230.3 253.5 269.4 277.7 289.1 316.9 357.9 402.8 441.4 472.4 525.7 537.7 549.1 575 587 601.3 619.6 639.8 656.4 675 694.5 705.3 715.8 720.2 722.2 718.6 714 704.3 694.5 684.7 673.4 660.9 646.7 631.8 617.2
170.6 176.2 185.1 192.2 196.6 206.6 214.7 218.1 219.3 220.6 221.5 225 227.5 230.2 231 237.6 240.1 223.4 203.8 189.1 169.1 154.7 151.6 143.7 142.8 142.7 142.9 142.3 142.1 143.5 143.4 143.2 143.3 148.1 162.5 171.9 167.1 165.9 172.2 186.6 198 207.6 216.7 234.7 254.9 273.2 294.1 321.3 356.3 396 437.8 473.3 504 537.9 574.9 597.7 609 624.2 629.9 639.6 651.6 666.5 684.8 696.8 707 713.2 716.1 715.8 712.1 707.3 697.5 686 678.3 667.7 655.6 642.1 628.6 614.8
161.8 169.2 177.1 185.9 194.4 208.3 219.7 223.1 227.3 225.7 231.3 234.6 236.5 243.7 261.3 263.2 261.8 245.1 223 201.7 179.7 160.4 152.8 146.2 142.9 143 143.2 142.9 142.6 142.2 142.8 143 143.1 144.1 151 160 159.8 162.4 172.1 182.8 190.4 208.4 218.6 234 260 274.9 311.2 345.7 377.1 416.7 460.6 499.1 542.3 568.2 595.2 615.7 628.7 631.5 638.9 646 658.8 669.3 681.7 694.3 702 705.7 708.2 707.3 702.9 697.4 688.5 678 668.9 658.5 648.2 635.3 623.6 611.7
163.9 171.3 174.5 187.4 201.9 216.8 229.3 232.5 234.5 242.6 245 254.6 253.3 269.6 278.6 285.1 296.5 278.1 240 211.7 187.1 166.6 154.1 148 143.8 143 143.3 143.4 143.1 143.1 142.8 143.3 143.6 143.7 145.6 148.3 151.7 159.7 168.2 179.5 186.6 205.2 219.9 234.9 260.6 291.4 332.8 374.6 418.8 451.6 468.8 503 537.3 575.2 598.4 614.8 627 632.3 640.5 646.4 658.7 669 679.6 688 695.3 697 697.2 697.1 693.1 686.1 676.3 668.9 659.3 650.3 640.4 629.3 617.5 605.7
167.1 173 172.9 189.9 216.8 221.7 241.6 257.9 255.6 261.1 259.6 266.8 274.3 282.5 298.8 304 309.9 309.7 284.1 254.6 220.8 183 164.5 151 144.6 143.2 143.4 143.7 143.7 143.4 143.1 143.8 144 144.1 144.8 146 149.8 159.3 166.5 175.6 186.5 207.2 223.6 238.4 260.9 294.7 350.3 395.9 443.5 478.4 511.4 524 563.6 585.2 598.9 613.7 623.3 630 637.9 646 654.8 666.9 673.9 679.1 685 686.2 686.4 686.7 682.3 674.8 666 659 650 641 631.7 621.8 610.8 599.1
163.7 166.8 173.5 194.2 221.3 228.6 249.2 275.3 272.3 273 275.2 279.3 283.9 298.8 306.3 311.8 309.9 304.8 285.3 253.4 222.7 193.2 180.6 157.6 152.3 146.9 143.7 144 143.9 143.7 143.4 143.1 143.9 143.9 144 144.8 148.4 155.5 162.9 174.3 190.4 209.4 228.3 250.6 275.7 312.6 375 426.5 476.1 513.4 545.5 568.7 573.2 591.3 600.6 609.9 621.2 627 633.1 641.2 650.6 660.4 667.4 672.1 675.2 676.9 677.6 676.4 672.4 663.9 658 650.1 641.3 632.3 622.3 613 603.5 592.2
154.3 156.4 175.2 193.6 219.3 242.8 259.3 274.3 294.8 305.7 303.2 285.6 294.5 306.7 312.7 317.4 316.8 314.6 307.4 280.5 243.4 208.6 194.8 172.7 163.7 159.1 144.6 144.2 144.1 143.9 143.6 143.3 143.9 143.8 146.7 144.8 147 150.1 159.8 175.2 190.9 205.4 233.5 263.9 297.2 332.9 386.9 450.1 493.9 532.1 559.3 570.1 577.7 591.1 601.1 607.2 616.2 621.6 626.9 635.2 644.4 654.2 660.8 665.3 667.1 668.7 669.1 667.9 663.3 657.8 650.4 640.7 631.2 622.6 613.4 603.5 595.3 584.4
152.1 153.7 168.2 193.1 215.2 240.2 267.2 274.6 296.9 310.7 302.7 293.5 300.3 307.5 318.1 328.4 326.6 332.6 322.5 304.5 259.3 230.9 210.2 181.7 167.2 155.7 148.8 144.3 144.2 144.1 143.8 143.3 143.5 143.9 146.1 145.3 146.6 148.8 158.5 174.1 184.9 214.9 244.7 278.9 319.4 357.9 382.7 433.5 502 545.5 563.7 566.6 575.8 589.8 598.2 603.9 609.7 616.6 623.6 631 638.7 647.7 653.9 657.7 660.5 662.3 661.7 660.2 656.2 650.7 643.2 632.4 621.9 612.2 603.3 594.6 585.7 575.6
150.2 153.1 170.9 192.6 215.2 237.9 254.9 267.8 292.3 307 301 295.8 303.7 307.9 320 331.2 336.7 337.4 331.5 313.3 279.6 254.1 234.4 205.5 179 156.1 149.2 144.5 144.4 144.3 143.9 143.5 143.9 144.1 147.4 144.9 146 148.7 165.9 187.1 185.2 197.4 259.7 296.2 360.5 409 415.6 475.5 493.8 543.4 556.4 562.3 572.3 583.2 592.6 599.1 604.6 610.7 618.9 627 635.5 643.3 648.1 652.2 655.1 656.5 656.3 652.9 648.3 642.7 635.4 625.1 613.7 601.6 590.7 584 575.3 565.9
150.5 154.4 165.6 187 203.8 225.4 259.2 281.9 290.2 300.6 297.2 292.6 300.5 308.6 323.3 333.1 347.7 347.3 350.7 327 292 262.3 234.5 209 181.1 164.1 154.1 144.6 144.6 144.4 144 143.8 143.6 144.3 144.8 144.6 146.6 152.9 176.6 185.4 189.3 214 277.3 326.5 367.1 422.3 448.5 498.7 530.7 543.2 549.7 557 567.3 579.8 588 594.9 601.6 608.7 614.8 621.9 629.9 638.5 643.5 647.9 650.6 652.3 651.5 646.3 640.1 634.1 626.8 616.6 605.9 594.8 584.1 573.3 559.2 554.8
151.4 154.7 160.5 174.8 193.9 217.8 259.7 297.3 292.9 290.6 288.4 285.8 295.7 309.8 320.6 330.6 347.1 348.6 342.4 326.9 296.6 263.6 236.7 211.4 187.4 169.4 154.5 145.1 145 144.7 144.5 144.2 144 143.7 144.2 144.7 145.2 153.5 183.4 177.9 209.8 264.6 299 355.1 396.8 432.2 468.2 500.1 529.4 536.4 542.3 552.4 561.6 572.7 582.7 590.7 599.2 606.1 611.7 617.3 625.1 632.5 639.4 644.1 646.8 648.7 648.3 641.6 633.9 625.4 616.7 606.3 596.4 586.3 576.3 566.2 554.8 543.7
152 153.1 163.4 167.7 191.8 228.2 258.9 281.7 286.8 287 284.2 283.5 288 297.4 307.8 320.5 332.1 340.1 335.3 328.8 301.9 279.1 245.2 214.7 192.4 176.2 159.6 145.3 145.3 145 144.8 144.6 144.3 144.4 144.7 145.3 144.9 153.1 175.2 185.1 241.5 272.5 315.3 360.4 410.7 455 489.9 505.1 520.1 528.9 537.3 549.2 560.3 571.3 578.6 587.9 595.4 602.2 607 612.3 618.5 627.5 635.3 639.8 643 645.5 643.8 636.6 628.4 618.2 607.4 596.3 586.9 577.2 568.4 559.8 548.8 539.7
152.5 152.8 156.4 169.1 188.7 211.8 247.6 262.3 268.5 277 289.6 287.8 292.5 297.2 303.5 322.3 327.7 331.1 327.6 321.5 300.8 281.9 260 233.4 213.8 197.8 171.6 145.6 145.5 145.4 145.1 144.9 145 145 144.9 145.3 146.1 155 167.5 190.5 255 283.3 331.3 371.3 416 459.6 484.4 496.6 502.3 526.3 536.5 545.3 556.6 569.4 577.1 585.7 592.6 597.9 602.5 605.8 614.1 623.2 629.9 634.3 638.6 640.4 637.9 631.2 623.4 612.6 600.7 588.6 577.5 568.5 560.3 552.5 542.9 535.2
152 154.1 158.6 164.8 177.7 196.9 213.3 238 261.8 280.4 290.2 290.1 296 306.3 313.8 317.1 325.6 324.9 331.7 321.1 296.2 272.6 255.4 233.7 210.2 193.9 173.2 146.6 145.7 145.6 145.5 145.5 145.5 145.5 144.3 145.7 150.3 158.7 166.9 205.3 240.8 276.8 325 371.7 412.6 446.7 468.8 476.6 510.6 528 537.8 544.9 553.8 565.6 575.3 582.9 589.1 592.9 595.9 601.7 609.3 618.6 625.6 630.7 633 633.9 630.7 624.7 616 605.3 594.9 582.7 572.9 562.2 551.9 544.3 536.5 527.8
152.7 155.3 158.1 165 180.5 212.3 220.8 256.6 290.2 288.2 292.6 302.4 307.6 319.7 324.3 320 324.8 330.6 329.9 321.2 300.4 274 242.7 223.3 202 185.1 166.9 149.3 145.9 145.9 145.8 145.8 145.8 145.7 145.3 147.2 152.8 161.5 176.7 197.1 224.3 264.2 313.9 352.5 393.7 406.6 434.8 480.6 515.8 528.7 536.6 546.4 555.6 564.1 571.3 577.6 583.4 586.9 591.6 598.7 608.5 617.6 625.5 629.2 629.7 628.1 623.6 616.2 607.8 598.6 588 577 567 556.8 546.1 534.7 527.2 518.1
152.6 154.3 160.2 173.1 195.8 209.1 237.2 266.9 287.5 295.3 296.7 315.7 314.9 320.7 323.6 321.1 333 327 320.4 310.8 297.9 279.1 241.8 215.8 197.4 179 162.8 150.2 146.3 146.2 146.1 146 146 145.9 145.5 146.3 153.2 161.1 175 195.9 231.9 276.1 300.1 342.7 367.5 399.8 438.1 486.3 523.2 531.3 536.6 545.8 554.6 561 566.6 571.5 575 581.9 588.8 597.1 608.1 618.5 626.5 628.8 627.1 623 617.3 609.5 600.9 591.4 580.6 570.1 560.3 550.4 539.9 527 525.8 526.3
157.5 157.5 164.2 172.9 194.3 211.5 232.6 261.3 294 305.3 305.1 317.3 327.7 319.9 325.8 332.9 326.8 320.7 314.2 306.4 295.6 276.3 248 210.4 193.4 176.1 161.3 148 146.4 146.4 146.4 146.3 146.1 145.9 145.4 146.8 149.4 153 164.8 195.1 242.1 300.4 349.2 393.2 416.8 461.4 488 500.7 520.4 532 535.7 542.9 549.8 552 555.7 563 572 579.9 586.3 596.2 608.5 619.9 627.2 627.9 624.5 618.2 611.1 603.9 594.5 584.8 573.3 562.9 554.8 544.7 532.5 531.7 532.4 533.7
160.2 162.5 165.8 173.5 183.3 198.1 223.3 278.1 292.3 301.8 302.9 308.6 321.3 321.7 322.3 326.2 327.2 318 314.9 309.1 296.3 271.7 251.2 213.7 189.5 175.1 165.7 148.4 146.6 146.6 146.7 146.7 146.3 145.9 145.5 146.6 147.2 147.9 162.9 199.3 245 301.7 373.1 405.2 441.6 475.9 502.8 520.3 527.1 530.6 533.8 533.5 535.6 526.3 548.8 562.1 571.2 579.3 586.8 596.6 607.8 621.8 624.9 624.6 619.8 613.8 606.7 598.8 589.4 579.1 567.5 557.6 547 537.3 537.3 538.8 538.8 540.5
160.5 161.2 162.2 164.5 169.3 195.7 237.7 276.2 287.6 290.1 292.5 308.1 319 316.1 321.7 324.6 329.5 323.3 316.6 304.2 294.4 278.1 252.1 228.5 192.8 175.4 164.1 149.7 146.9 147 147 146.9 146.5 146.2 146.2 147.2 147.4 147.8 169.2 202 244.2 299.3 353.5 388.3 432.9 465.6 493.1 516.1 523.6 527.6 521.4 509 504.5 523 546.3 560 570.6 579.4 588.4 599.1 609 619.6 622.3 621.3 617.3 610.8 605 595.6 585.6 575 563.9 553.1 543.9 538.4 545.8 545.8 546.1 547.7
154.8 156.5 158.4 159.9 171.4 217.6 258.9 269 280.2 280.4 292.8 311.1 310.7 326.5 336.2 337.7 334.7 321.6 316.9 307.1 291 271.1 253.4 236.8 218 181.5 162.5 150.3 147.3 147.3 147.3 147.1 146.8 146.5 146.2 146.5 147.2 149.9 169.6 200.7 244.7 297.1 331.7 362.1 405.4 440.1 466.8 491.6 516 517.4 496.5 482.4 510.1 536.2 551 556.2 571.2 580.7 590.3 600.5 609.7 617.2 620.2 618.8 615.2 609.8 602.9 592.8 582.9 570.8 560.1 550.4 542.4 551.7 554.3 553.5 555 555.8
153.7 156.8 156.1 160.4 182.5 227.7 248.9 259.7 271.9 275.8 305.7 321.5 320.1 325.5 341.6 338.7 328.5 315.7 309 303.1 297.8 278.2 257 233 216.7 203.8 168.8 150.8 147.6 147.5 147.5 147.2 147 146.7 146.3 148 147.9 151.1 173.8 218.6 254.1 286.8 309.7 336 371.6 413 442.6 474.9 513 504.3 476.8 486.6 522.2 540.7 553.2 566.4 576.6 586 594.8 604.1 611.3 616.4 618.7 618.1 614.1 608.6 600.9 590.8 580.7 569.6 558.2 547.6 556.4 559.7 563.9 565.7 565.2 565.7
153.9 154.2 157.7 162.9 182.3 212.3 232.5 255.6 273.8 307.8 327.1 324.5 329.3 324 335.3 331.1 320.1 308.2 304.1 319.4 317.1 286.8 260.9 245.3 222.7 207.6 180.3 157.6 147.7 147.7 147.6 147.4 147.3 147.1 146.5 149.4 149.5 154.9 176.6 219.3 241.7 265.1 286.7 311.5 344 390 422.7 466.9 495.2 480 456 484.4 519.4 541.4 555 568.7 579.3 589.4 598.8 607.5 613.6 618.2 620.1 618.8 614.3 608.4 599.5 588.7 577.5 568.4 556.5 559.2 565.9 571.7 576.3 577.2 576.4 576.5
154.1 154.3 159.5 162.1 178.1 204.1 232.7 264.5 280.9 306.6 319.4 323.9 324.7 313.2 322.1 321.1 310.9 304.3 312.5 335 330.8 296.6 272.7 249.9 230.5 213.9 196.5 170.7 151.1 147.9 147.9 147.8 147.7 147.5 147.2 152.4 150.8 156.3 176.9 207.5 227.8 250 269.6 297.8 332.8 371.8 418 469.3 451.2 434.1 457.7 491.8 523.5 544.9 558.1 569.2 580.2 589.9 600 610.3 616.9 622.1 623.5 621.9 616.1 608.9 600.1 589.7 579.6 570.2 555.2 570.4 575.7 581.8 586.9 589.3 589 591.3
154.5 154.7 156.7 160 181.7 208.4 220.7 252.1 269.4 287.5 303.9 316.7 312.2 299.9 305.2 310.4 302.5 315.7 312.5 334.6 329.2 314.4 290.4 259.5 242.2 231 198.9 175.4 150.3 148 147.8 147.9 148 148.2 146.2 153 150.6 154.1 168.9 196.5 215.9 232.6 256.2 287 323.3 367.1 425.2 444.3 414.7 435.8 475.4 514.7 534.4 547.3 559.4 568.6 579.5 590.9 603.5 614.2 623 628.3 628.8 626 619.6 612.7 602.7 592.3 582 566.4 572.3 581.7 586.6 593.8 599.4 603.2 605.1 604.7
155 155.2 156.9 158.9 175.7 198.8 208.5 231.6 247.1 263 281.2 291.9 296.8 285.3 284.5 298 297.3 316 308.7 327.1 323.3 310.3 299.8 279.6 248.9 226.4 202.7 179.9 152.1 148.3 147.9 147.6 147.4 147.9 149 153 150.9 153.3 162.4 182.2 205.2 224.6 247 279.5 316.1 360.1 404.8 416.5 394.5 433.5 475.4 512.8 528.6 545.5 554.3 566.6 579.3 595.1 609.2 621.1 630.9 635.4 635.1 631.1 624.3 616.1 606.3 596.3 584.1 575.1 584.3 591.5 597.6 603.8 613.1 617.5 621.5 619.7
