GeneralExemplars/GeoExemplars/data/LakeDistrict/terrain-50-dtm_3563996/ny/NY41.asc
ncols 200
nrows 200
xllcorner 340000
yllcorner 510000
cellsize 50
[rows 35 to 69 of 200, columns 78 to 155 of 200]
390.5 412.7 415.5 395.4 352.1 315.5 285.7 262.7 243.4 238.1 225.5 222.1 228.8 241.7 260.3 287.5 311 329.1 321.9 347.7 376.8 414.3 448.7 480.8 512.2 538.9 565.4 587.6 606.6 622.8 636.6 647.3 654.8 660 663.9 666.5 666.8 667 666.6 665.7 663.9 662.8 660.3 657.3 653.2 649.2 644.7 639.9 636.4 630.3 625.7 619.2 611.8 602.6 594.7 586.4 579 570.7 561.4 553.9 545.9 538.4 532 527.1 522.3 516 511.7 507.4 503 499.3 495.9 491.8 490.7 490.1 489.6 487.7 484.8 481.9
381.6 409.5 417.9 396 357.9 321 291 265.1 249 243.3 233.6 225 235.9 249.2 271.4 298.4 323.9 345.7 335.1 356.5 389.1 423.7 452.5 480.3 512.7 541.2 566.8 587.5 609 625.5 639.5 652.1 659.9 664.7 666.5 668.3 668.2 668.3 667.5 666.3 664.7 663.1 660.4 656.9 652.7 648.2 642.5 636.3 630.2 626.6 621.5 614.6 607.5 601.5 592.8 586.4 579.9 570.9 563.3 556.3 548.4 539.7 533.2 527.5 522 516.1 512 508.5 504.9 500.9 496.3 491.9 490.8 489.4 488.2 486 485 481.4
372.7 402 429.7 404.9 370.4 328.9 296.5 270.5 255.5 248.6 240.1 229.9 247.3 259.9 280.8 309.6 336.7 363.4 351 366 401.3 428.2 452 479.9 514.9 543 565.8 587.1 609.4 627.8 642 653 662 666.1 668.7 670.8 670.2 669 666.6 665.2 664.4 662.3 659.5 656.3 651.6 645.5 639.3 633 626.1 621 615.8 610 603.4 597.6 592 585.5 579.1 572.1 564.8 557.6 549.4 540.1 532.8 526.9 520.2 514.7 511.4 509 504 500.2 495.7 492 488.8 486.5 484.6 482.7 480.4 476.9
366.5 391.3 422.7 402.1 374.2 337.1 301.9 275.6 260 254.1 247.9 239.8 254.9 269.6 293.9 320.9 348.4 376.9 379.6 373.3 405.3 432.6 451.6 478.9 517.3 546.1 566 588 606.3 624 640.3 654.9 662.2 667.8 670.2 670.5 670.8 669.9 667.5 665 662.5 660.3 657.1 653.6 648.9 643 635.8 628.6 622.2 615.5 608.4 603.5 598.8 593.5 588.6 582.7 576.8 570.1 562.9 555.5 547.3 538.8 531.5 525.5 517.9 513.2 510.1 506.9 502.2 498 494.3 488.1 482.5 479.8 478 475.3 473.7 470.6
355.2 378.9 404.4 394 372.1 338 306.5 279.4 265 259.9 258.4 249.1 260.9 279 303.6 332.5 359.9 389 404.8 382.2 412.8 443.7 458.5 480.3 514.9 544.8 566.8 586.4 603.8 619.9 635.4 651.4 662.7 668.1 670 671 670.3 669.1 666.6 663 660 655.5 650.7 647.5 643.3 637.4 630.7 623.1 615.6 609.5 603.2 596.7 592.1 586.9 582.3 576.9 571.9 563.6 557.2 551 542.6 535 527.4 520.9 514.9 509.1 505.4 502.1 497.3 493.7 487.2 481.7 475.6 468.9 463.9 460.2 457.5 456.3
341.2 362.9 388.6 386.2 368.1 340.4 310.9 285.7 274.2 266.8 265.9 256.8 272 288.3 313.1 342.8 373.9 402.2 424.9 423.7 416.6 445.5 462.9 483.6 519.1 548.6 569.8 586.9 602.2 615.9 631.9 645 659.1 665.6 667.8 668.4 667.9 667.1 664.2 660.7 656.5 651.3 646.6 641.9 636.7 630.7 624.6 618 609.3 600.7 594.4 587.7 583 578.5 572.9 569.2 565.3 558.8 551.7 545.2 538.6 531.6 524.3 518.3 511.3 505.5 499.7 493.5 489 484.3 477.6 469.8 460.9 450.9 442.4 436.7 435.5 436.2
325.2 348.9 374.3 387.6 372.6 344.4 316.1 291.7 280.2 272.2 270.1 262.4 273.5 294.5 322.7 353.7 387.4 422.1 444.8 452.5 434.2 454.2 469.5 492 525 552.2 572.4 587.5 603.7 617.1 629.6 641.4 652.5 661 664.1 665.2 664.6 662.5 660 656.6 652 647.3 642.4 637 629.5 622.6 616.6 610.7 602.8 594.5 585.1 577.7 571.8 567 563.5 560.6 557 550.5 545.1 540.2 533.1 526.6 521 514.5 506.9 500.4 493.1 482.3 474.6 468.5 462.1 449.9 436.9 424.1 416 411.8 410.6 409
322.1 343.8 367.4 389 381.3 352.3 324.6 302.2 288.8 283.2 277.4 269.5 278.1 301.8 331.8 362.3 397.3 428 451 466.2 466 451.1 481.1 499 531.7 556.5 576.2 591 604.6 616.4 626.2 639.2 648.7 654.4 658.3 660.4 659.7 657.6 655.7 652.4 647.6 642.6 637.1 630.8 623 616.2 606.8 601.5 594.3 586.6 578.6 568.9 557.5 556 552.6 549.9 546.8 540.8 534.9 532.4 526.9 522.6 515.6 508.5 501.9 493.6 484.7 474.7 458.4 450.1 438.2 423.6 408.1 393.5 387.1 379 378.1 375.4
315.3 341.7 359.8 385.9 377.7 361.5 334.8 314.2 302.7 292.4 286.5 276.9 279.7 304 335.5 366.9 403 429.7 454 472.4 480.6 467.3 483.4 506.1 539.5 561.9 579.7 593.9 606.2 617.1 626.3 636.6 644.1 651 652.5 654.8 653.8 651.6 649.2 646.6 642.9 637.6 630.6 624.3 618.1 610.9 602.5 592.3 582.8 577.2 569.7 561 549.6 543 541.2 537.3 533.9 530.3 525.8 522.2 518 513.2 506.5 502.1 494.2 484.9 473.5 462.4 444 427.5 413.9 399.4 384.3 369.7 364.1 355.7 350.6 347.3
303.3 337.6 351.8 378.6 384.4 366.4 343.4 323.7 309.8 300.7 294.9 286.8 283.3 306.3 335.5 364.9 399 432.9 459.5 479.4 487.2 484.6 491.9 514.8 546.3 567.2 583.4 597 608.6 619.5 628.4 635 641.2 647 647.5 647.9 646.6 644.8 642.1 639.3 636.6 632 624.9 617.8 611.8 604.8 598.3 589.6 578.2 559.7 558.6 550.1 542.1 532 526.8 523.6 521.9 518 514.4 509.8 505.1 501 495.7 488.7 480.9 469.7 457.2 440.3 422.1 408.7 391.5 375.8 358.8 351.2 347.8 345.3 343.4 341.1
288.4 320.2 340.5 368.2 382.1 369.8 351.6 334.6 316.6 307.1 300.2 287.8 291.2 309.3 334.2 362.2 394 426.3 454.2 479.8 488.5 495.4 499.5 518.8 550.1 569.3 585.5 598.9 611 620.3 628.9 634.7 639.7 643.5 644.5 642.9 640.2 638.3 635.7 632.1 629 625.1 619.7 612.4 605.2 598.6 592.2 583.6 574.3 563.2 541.3 530.2 523.6 524.8 518.3 505.1 506.1 504 499.8 497.3 493.8 488.6 482.1 474.5 464.6 453 437.8 421.1 401.9 386.7 371.7 355.8 356.5 354.1 347.2 345 342.2 340.6
277.5 306.1 327.6 354.1 375.6 381.5 363.2 342.3 327.2 317.1 312.9 299.8 293.4 312 333.4 358.3 389.4 422.4 454.8 475.5 492.1 504.8 510.7 521.8 548.5 567.9 583.6 598.4 610.6 621.2 629.4 634.6 638 640.2 641 639.5 636.1 632.5 628.7 625.4 621.9 617.1 612.8 606.8 598.8 590.6 584.1 576.3 567.8 558 546.4 535.6 519.6 511.3 504.9 496 489.7 487.5 485.3 483.3 479.6 472.4 467.2 459.3 448.5 434.2 419.8 404.7 387.2 370.9 365.7 370.4 372 368.4 357.1 348.3 345.1 341.2
266.1 296.3 318.8 344.9 377.4 394.4 385.8 362.8 344.7 331.5 324.7 310.3 302.8 310.9 334.2 361.7 390.2 424.4 450.9 475.5 494.7 509.5 518.8 528.2 545.8 565.1 583.1 596.8 611 621.7 629.6 635.2 637.6 637.1 635.6 634.9 631.7 628.8 624.8 620.1 615.3 611.1 605.9 598.9 591.6 582.8 575.5 567.1 559.4 550 538.6 526.6 514.5 495.6 487.3 477.8 470.7 470.5 467.3 466.5 462.8 459 451.9 443.3 427.1 414.9 401.9 387.7 375.6 373.8 383.6 390.6 388.4 379.1 367.6 359 350.6 345.5
258 283.6 306.6 338.6 370.6 399.3 398.2 380.1 360.8 346.8 332.5 317.1 311.9 313 336.1 363.7 392.4 425 451.1 473.7 497 510.1 520.2 532.8 547.1 561.8 576.5 594 607.8 619.3 628.7 633.2 634.6 632.9 631.3 630 627.1 624.6 620.8 616.3 606.6 605 598.7 591.2 582.8 574.7 566.7 557.7 548.8 537.6 527.8 515.5 504.1 491.4 479.3 480.3 471.6 457.5 462 455.6 439.7 434.2 430.7 420.1 405.9 393.7 383.9 381.2 386.5 397.2 407.4 409.6 404.1 396.8 383.3 372.9 366.9 360.8
247.6 273.9 298.3 329.4 360.8 387.7 400.7 395.1 376.7 357.5 341.8 329.2 321.8 311.9 337.6 364.2 392.1 424.4 450.2 472.8 494 507.7 515.8 530.7 545.2 559.6 572.5 585.3 601.9 615.4 624.6 628.4 629.9 628.4 627.6 626.1 623.5 621.2 617.9 613 604.6 598.3 583.3 576.3 570.9 563.5 552.8 544 537.5 527.7 510.2 499.8 496.8 493.4 495.8 490.2 483.3 478 470.5 459.2 449.7 438.7 422.2 398.3 392.5 391.8 392.7 396.6 407.7 419.9 427.1 432.3 427.1 413.8 399.8 392.4 385.3 377.6
240.5 266.4 291.6 320.1 351.7 388.4 411 413.7 405.6 382.7 359.4 342.2 325.8 320.1 338.6 361.8 389.3 422.9 450.8 472.8 489.2 503.2 513.9 524.5 541.3 555.4 567.9 580.4 594.1 608.2 617.8 622.3 624.2 624.1 623.9 623.3 621 618.6 615.2 610.9 603.1 592.5 576.8 561.4 552.3 549.4 542.1 538.9 526.7 522.3 525.3 519.8 515.5 510.6 505 496.3 491.7 485 472.4 458.8 445.9 433.6 413.9 405 410.2 399.6 403.4 414.9 426.6 440.7 453.6 459.1 441.1 426.4 419.6 414.7 406.9 398.5
234.8 261.3 285.4 314.9 350.2 388.8 413.7 433.9 426.2 412.1 384.1 358.3 334.9 325.8 345.8 364.1 392.8 421.3 447.9 467.6 485.7 496.5 506.5 521.6 537 551.6 564.2 573.4 585.2 598.8 609.9 616.2 619.5 621.4 622.3 622.2 620.3 618 615 610.9 604.5 593.7 578.3 579.2 571.8 565.5 563.9 557.1 548 539.3 531.9 526 522.4 516.7 511.5 502.9 496.8 485.8 472.2 459.7 445.7 425.2 415.4 425.6 424.8 412.3 421.3 431.5 445.2 459.2 467.1 465.2 461.1 452.9 448.1 440.2 433.2 423.5
229 255.4 280.3 312.5 351.6 390.8 421.7 439.7 438.5 427.2 399.5 367.9 351 338.8 354.8 374.7 397.4 425.9 449.6 463.7 481.7 491.3 499.6 514.7 530.4 544.5 556.5 565 575.9 586.8 598.9 611 616.5 619.7 623.4 623.8 622.2 618.7 616.1 612.1 607.8 597.7 590.7 587.1 579.9 575.3 571.2 564.6 557 550.8 545.6 539.2 532 527.2 516.2 515 504.4 490.9 479.4 464.2 441.9 422.1 439.9 442.3 439.3 419.5 435.3 447 460.9 469.6 475.4 482.2 481.1 474.3 472.1 471.1 458.2 447.8
223.9 251.2 275.6 310.2 353.4 389.2 420.4 440.5 440.4 434.9 406.9 380.1 365.3 353.3 369.8 384.8 405.6 430.4 447 459.2 474.9 485.7 495.7 507.2 522.8 537.2 546.6 556.9 567.5 575.1 586.8 605.1 614.8 620.2 623.6 624.6 624.6 620.3 618.5 615 609 601.9 594.4 588.1 582.2 578.4 572.5 567.5 561 553.4 548.8 543 538.1 529.5 528.2 522.8 513.1 497.5 480.2 458.6 433.9 449.8 459.8 461.6 443.1 430.6 449.8 458.6 469.4 476.9 485.4 492 493.9 494.6 491.9 497.3 489.3 473
222.4 245.1 271.8 306.1 348.1 387.8 420.5 434.7 435.5 432.8 415.8 393.5 377.6 369.2 387 397.1 397.7 418.8 439.5 457.3 470.6 483.1 489.2 497.4 514 525.9 528.7 539.9 548.9 557.8 578.2 602.6 613.8 621.2 625.4 627.5 625.4 623.9 621.9 616.8 610.3 602.6 596.5 588.2 581.8 578.2 572.1 566.5 560.1 554.7 549.3 544.5 539.4 537.7 531.7 525 516.2 500.5 481.7 457.2 455.2 474.4 483.3 481.4 467.1 453.4 456.2 466 474.7 484.4 494.4 501.3 505.7 510.7 509.8 512.1 510.9 508.8
221.2 243.1 269.7 302.7 339 373.6 411.5 428.9 435.3 428.9 418.9 406.7 388.6 380 397.5 408.2 414.4 428 440.1 455.3 464.2 470.6 479.3 489.2 500.3 515.9 530.4 544.2 551.5 569.2 593 607.3 616.1 622.9 627.4 629.3 628.7 627.3 624.2 617.5 612.1 603.7 595.4 588.2 582.7 575.9 570.7 564.1 557.9 552.4 548.7 544.4 541.9 538.2 532 525.4 516 501.3 480 451.7 477.1 495.3 500.5 496.2 478.9 459.2 461.7 472.9 482.4 492.4 503.4 510.7 517.5 523.2 526.4 528.8 530.2 530.1
222.9 241.4 266.2 298.7 330.6 364.7 398.7 422 430.7 426.7 420.9 412.8 393.9 390 405.7 418.6 417 429.6 449.6 457.5 471.8 480.8 488.1 501 517.1 530.4 542.6 557.9 570.6 583.3 599.9 612.8 620.5 625.3 630.2 632.8 633.1 631.6 627.2 621.1 613.3 603.5 596.3 589.2 582 575.8 570 561.1 553.6 548.1 543.5 542.7 541.4 538.5 534.8 526.9 514.7 499.5 472.6 468.9 495.4 508.5 509.8 503.6 482.7 457 468 478.8 490.3 502.3 512.1 519.9 526.1 529.7 534.8 537.2 540.2 540.7
225 240.2 264 294.4 331.2 362.8 389.5 412.7 424.9 423.4 423 415.9 397.7 402.5 414.8 420.6 422.5 434.1 448.5 458.7 470.9 482.4 492 504.7 519.8 534.1 549.4 565.1 579.7 592 604.9 617 624 629.6 634.5 637.8 637.1 634.8 629.9 623.3 614.3 605.7 596.3 588.6 581.6 575.8 569.5 560.7 555.2 550.2 546.9 536.1 535.8 533 527.2 519.4 503.2 474 477.5 492 512.4 517 516.2 508.4 486.7 464.2 475.7 484.8 497.2 508.9 518.9 525.6 530.7 534.6 538.7 542 544.1 543.7
225.3 238.5 259.5 293 329.5 361.8 388.1 406.1 416.7 418.6 420.2 416.3 401.3 403.3 415.7 420.9 425.2 434.2 447.6 459.8 471.5 483.8 496.2 506.4 522.1 537.9 554 569.1 583.5 596.5 610 620 629 635.4 640.5 641.9 641.4 638.9 633.7 626.8 616.8 605.6 596.2 589.6 583.3 575.7 570.3 563.6 557.9 552 547.2 542.6 530.6 522.6 518.1 507.9 496.7 498.3 508.9 515.8 525 526.1 523.3 515.2 493.5 467.2 479 490 503 513.2 522.3 528.3 534.7 538.4 541.8 546.1 547.1 546.6
221.7 238.3 259.2 290.2 324.4 355.5 384.4 402.2 412.4 417.7 420.8 414.6 402.5 397.9 409.8 419.4 427 435.7 446.8 458.7 470 483.7 498.1 507.6 523.2 541.2 557.4 573.5 587.6 600.9 614.8 625.7 634.8 642.4 647.7 649.1 648.7 645.4 637.5 630.5 620 608.7 599.2 591.6 584.6 578.3 571.2 567.1 560.7 553.6 547.9 542.9 536.6 528.3 517.2 509.1 501.3 521 527.6 532.1 534.7 533.8 530.4 523.4 504.8 483.7 480 494.4 505.8 515.7 525.3 532.5 537.7 541.9 543.1 547.5 549.5 546.9
225.1 241.9 261.8 286.2 319.2 349.8 374.4 395.7 408.7 416.4 418.3 414.5 407.5 410.4 417.2 418.8 426.5 436 449.7 458.5 468.1 480.9 495 505.8 525.4 543.6 561.7 576.9 590.6 604.3 620 631.8 642.7 649.1 653.7 654.9 654.5 650.1 642.3 635.9 627.4 616.5 605.6 594.8 586.1 578.9 573.6 567.7 561.8 553.6 546.6 539.4 528.1 513.8 520.5 523.8 526.9 537.4 541.1 542.2 541.9 539.6 536.1 530.4 516.6 497.8 483.9 500.3 510.4 520.8 528.5 535 539.9 541.4 544.9 548.4 548 544.9
224.9 241.7 264.1 292.3 326.6 351.3 375.1 400.4 417.6 423.9 424.2 421 416.9 417.7 421 419.5 428.4 439 448.8 457.9 467.7 479.3 493.3 505.5 525.3 546.9 562.7 578.5 592.8 605.6 622.9 638 649.7 655.4 658.8 659.6 659.1 655.5 647.8 640.3 633.9 625.8 616.1 603.2 590.5 580 571.9 565.5 557.1 546.9 540.7 538.5 526 530.8 535.9 540 546.1 549.4 549.6 549 546.9 544.2 539.7 534 523 506 488.1 503.9 516.5 525.2 533 538.2 540.2 543.4 547.3 546.8 545.8 542.7
226.3 241.4 265.9 293.9 329.4 360.9 389 412.2 424.7 437.1 436.9 432.1 429.2 428.9 429.6 428.4 432.7 440.5 452.1 461.8 469.1 478.5 491.3 505.2 527.6 546.7 563.1 578.8 592.9 609.1 626.3 644.5 657.4 663.2 664.8 664.4 662.9 659.3 653.1 647.3 639.4 630.8 622.4 612.7 601.3 589.1 579.1 571.3 564.2 558 544.7 538.3 534.4 544.2 549 554.2 557.3 557.7 556.4 552.9 549.7 546.3 541.2 535.6 525.7 512.7 492.9 507.3 519.8 529.5 536.9 541 543.1 547.5 548.4 547.4 544.6 541.2
230.6 244.7 270.6 297.7 334.4 368.2 395.2 418.7 431.5 441.1 454.9 448.6 443.9 441.6 438.1 436.6 441.1 441.5 451.1 458.2 468.1 477.6 489.3 504.4 524.6 544.9 563.6 579.9 594.9 611.8 629.8 648.5 662.6 668.6 669.1 667.8 664.9 662.1 657.2 652.1 644.3 635.5 627.8 618.6 609.5 600 591.1 582 572 558.1 555.1 541.4 544.1 554.5 560.8 563.6 563 561.9 560 556.6 552.5 547.2 542 535.7 528.3 518.8 506 508.4 524.4 534.5 541.3 544.4 546.7 548.5 548.7 547.5 544.3 541.1
229.5 247.3 272.7 304.3 337.4 373.4 397.3 423.6 436.4 454.1 459.3 465.1 458.7 455.2 449.7 446.4 446.8 450.7 456.7 465.9 474.1 481.9 490.5 498.9 521.9 543.6 563.7 583.1 599.1 617 635.2 651.4 665 671.9 671.2 669.5 667.4 663.8 659.9 654.4 646.6 639.4 630.8 622 613.3 604.5 595.3 584.2 569.7 567.7 560.3 540.4 557.4 565.7 568.6 567.9 567 564.9 561.9 556.7 552.2 545.6 540.4 535 530.1 521.8 508.8 514.8 531.4 540.5 545.3 548.3 550.2 550.7 550.4 548.2 545.3 541
232.1 249 273.4 304.3 336.8 368.7 395.9 422.3 446.4 464.7 465.8 471.1 467.1 463 455.7 451.4 451.8 460.2 465.3 473.3 482.1 488.5 495.5 508.6 520.8 544.7 569 588.4 605.7 622 638.9 653.7 665.4 671.8 671.5 669.5 668.2 665.2 661.3 654.6 648.5 640.8 632.8 624.2 615.5 607.3 597.1 587.3 580.3 577 564.4 550.6 568.7 572.6 571.9 571.6 568.5 564.7 560.3 554.8 549.2 544 538.9 534.4 529.1 520.8 508.5 527.6 539.6 546.8 551.1 551.2 552.5 552.7 552.1 549.4 546.3 541.7
232.3 250.7 274.8 303.4 332 360.3 389.2 418.2 448.5 467 467.5 471.5 468.5 466.6 462.9 460.4 457.4 468.5 472.3 482.8 491.2 499.4 504.1 516.3 537.1 554.6 575.7 595.4 613.5 628.8 643.6 655.7 665 669.6 669.9 670 668.2 665.5 661.2 654.3 648.4 641.3 633.5 625.1 617.6 609.8 602.9 594.7 588.5 580.6 560.7 567 576.3 576.9 575.4 570.8 567.3 562.2 556.9 552.5 548.1 543.2 538.5 533.5 525.6 522.7 528.1 537.7 546.4 552.2 555.8 556 555.6 554.8 553.9 551.1 547.1 542.4
233.4 251.2 272.8 301 327 353.6 382.3 409.6 438.8 459.2 466.4 464.2 464.4 469.1 464.4 462.6 463.4 474.2 480.6 490.7 500.2 512.1 519.3 527.5 548.6 567 586.8 605.4 619.9 635.2 648.5 657.7 664.5 667.8 669.4 668.2 666.7 664 659.8 653.9 647.5 640.2 632.6 626.2 618.9 613 604.9 600.2 592.7 567.5 572.5 579.8 581.4 578.1 574.6 568.7 563.5 560 555.2 550.8 547.3 543.5 537 532.2 530.8 532.8 538.7 546.2 551.7 557.4 559.8 561.1 558.9 558.5 556.3 553.7 547.8 542
231.4 247.6 271 297.7 324 348.3 374.3 402.8 431.3 450.3 457.9 459.5 459.8 463.2 462 461.2 463.8 476.6 487 497.3 509 521.5 532.3 539.1 559 581.2 599.1 614.6 627.8 640.7 651.8 660.2 665.9 667.8 668.8 667.1 665.1 662.1 657.4 652.6 645.1 639 632.2 626.2 621 613.6 607.7 601 591.7 581 586.6 585.1 582.7 578.4 572.5 566.5 561.6 557.9 553.9 549.6 546.2 542.1 541 540.2 540.4 543.7 548.7 553.1 558.4 562.8 565.3 565 563.6 561.2 558.2 554.6 550.9 541.6
229.3 245.9 269.8 290.6 315.6 347.8 375.4 403 429.1 442.8 446.8 450.5 452.2 454.4 455 456.5 463.6 477.1 492.6 505.2 517.3 528.8 538.6 551.7 570.8 594.2 612.2 626.9 637.5 648.2 657.7 662.8 667.2 668.5 668.9 667.4 663.8 660.4 655.1 650.9 644.3 637.6 631 626 620.3 613.6 606.1 594.2 584.6 595.3 591 587.7 584.1 579.1 571.3 565.8 561.7 557.5 554.4 551.3 549.1 546.9 546.7 547.9 550.1 552.5 556.2 560.7 565.1 567.5 568.6 569.3 567 562 559.2 554.2 547.8 539.1
