GeneralExemplars/GeoExemplars/data/LakeDistrict/terrain-50-dtm_3563996/ny/NY41.asc
ncols 200
nrows 200
xllcorner 340000
yllcorner 510000
cellsize 50
[rows 70 to 104 of 200, columns 0 to 77 of 200]
299.8 327.6 347.3 367.4 387.8 409.9 436.3 463.5 485.7 490.3 485.9 507.6 540.5 570.5 593.6 593.2 587.3 580.3 571.7 565.5 527.7 482.7 442.4 401.2 376.5 353.2 324.2 292 263.7 240.4 222.3 213.2 201.9 200.9 205.5 218.3 229.8 240.6 252.2 268.3 293.7 323.2 355.7 386.3 411.6 424.4 438 451.4 450.7 447.4 432.5 412.5 400.5 387.8 371.6 357.2 342.1 326.5 310.7 295.3 280.8 271.1 259.9 246.5 236.8 224.7 221.6 220.9 216.8 213.8 222.7 229.3 220.6 215.3 215.2 211.8 210.3 217.1
288.4 312.3 336.3 348.1 365.7 386.7 413.3 437.7 458.4 459.3 461.4 495.4 530.3 563.1 587.1 582.7 575.4 574.3 560.7 544.6 515.8 474.1 436 396.7 355.9 329 303.9 277.4 251 230.8 216 208.4 203.6 207.8 214.7 227.2 237.5 247.8 265.5 285.6 314.2 343 371.8 398.2 416.3 430 441.1 454.6 447.2 431.9 413.6 397.6 385.5 373 358.3 345.2 330.1 315.2 301.4 285.6 271.4 263.7 249.7 239.1 228.6 221.2 218.3 220.1 213.7 217.4 226.6 231.7 224.7 222.2 218.9 212.7 212.6 211.6
272.2 289.9 309.1 324.8 338.9 364.7 385.8 408.3 427.4 426 449 483.2 516.5 548.5 573.2 571.7 556.6 549.6 534.9 515.5 490.3 460.2 425.9 385.8 348.3 314.2 287 262.7 242.7 227.2 216.6 208 204.5 211.1 224 236 249.8 264.4 286.4 308.9 331.8 360.5 388.5 411.5 431.3 446.9 453.3 449.8 435.4 417.4 401.6 386.8 374.5 360 345.7 332.8 318.6 306.4 295 278.9 265.5 252.4 241 232.2 222.8 218.6 215.4 214.6 212.9 218 232.1 238.4 229.9 228.3 223.3 215.3 213 217.5
250.5 268.9 283.5 297.4 315.5 337.6 360.1 382.4 393.7 404.8 436.6 471.8 505.3 533.7 553.7 553.4 534.6 519.7 507 491.6 473.8 448 411.5 370.7 333.6 301.9 274.5 252.9 235.3 222.3 210.5 206.9 208.9 221.5 236.4 253 266.6 288.3 310.9 331.1 353.2 380.1 405.7 425.8 447.4 461.4 459.5 450.5 426.8 402.7 386.4 376.1 363.8 349.6 335.6 321 309.8 297.8 284.3 272.6 258.3 243.3 234.9 226.9 221.2 216.4 218.9 214.2 214.3 223 239.6 243.8 236.6 231.9 225.5 215 214 221.5
228.7 248.9 261.5 277.8 298.1 317.9 338 355.9 364.8 395.3 427.4 461.8 493.8 519.1 538.2 529 511.4 497.1 484.3 471.6 454.6 426.3 391.2 353.6 322 289.8 264.2 241.1 226.8 214.8 210.7 209 218.9 234.9 251.7 270 291.8 311.9 329.7 350.3 375.7 400.6 424.1 438.2 458.2 458.9 449.2 437.8 413.8 393.9 377.1 369.3 352 338.5 325.9 314.5 302 287 275.5 262.9 249 234.8 224.7 221.6 218 218.1 223.9 216.4 219.5 230.4 247.7 251.5 243.5 234.9 223.6 215.6 215.3 221.5
210.4 227.4 242.1 258.8 281.9 296.1 314.9 331.2 353.4 387.2 420.1 453.3 484.1 510.6 526.6 512.7 492.9 484.4 471.5 457.5 443.9 418.9 377.5 337 310.2 282.4 256.1 234.1 220.5 219.3 216.1 217.1 233 250.4 270 294.4 317.2 336.2 352 372.4 396.4 419.7 436.4 446 455.8 454.3 442.7 421.7 399 380.4 368.6 357.6 342.5 327.7 316.5 301.9 290.2 276.6 265.6 251.2 239.7 228.1 219.8 218.2 217.1 222.1 224.7 226.7 229.4 242.1 259.4 256.6 245 236.8 219.9 217 216.1 225
188.3 204.7 220.2 240 261.1 277.4 294.6 315.6 344 375.5 404.9 434.1 464 493.3 505.4 491.5 472.2 463.2 454.1 445.9 429.7 402.8 366.4 327.3 296.2 269.8 249.1 229.5 233.3 231.8 223.7 233.6 250.5 269.6 292.6 315.7 339.6 358.8 377 395.5 415.4 429.2 447.5 459.6 461.4 440.7 423.4 402.7 384 369.3 357.6 346.3 332.6 317.3 307.3 293.2 278.8 264.7 253.4 238.9 230.2 223.3 218.8 217.9 219.9 229 232.7 234.3 239.3 251.6 268.4 256.6 252.1 240.9 223.8 222.1 217.9 230.5
172.2 182.8 200.8 220.9 241.6 257 279 300.9 328.2 356.7 387.1 415.8 442 471.7 482.4 473.1 457.7 453.9 448.7 440 416.8 379 346.3 312.8 284.2 263 242.9 238.1 239.1 237.9 241.1 253.4 272.1 295.6 320.3 340.9 365.2 386.8 403.8 420.9 435.1 443.9 458.8 462.9 446.9 425.6 405.8 391.3 374.5 358.1 346 333.4 318.8 309 296 277.9 267.4 254.9 243.9 234.4 225.5 220.9 218.2 219.9 225.1 233.9 240.6 242.2 248.5 258.9 268.5 269.1 264.4 248.1 235.4 228.8 224.3 223.6
166.4 173.7 187 205.2 219.6 242 264.8 285.7 309.6 338.1 370.1 398.4 427.5 454.5 470.4 459.9 453.7 454.2 443.6 432.2 405.6 368.5 331.7 303 277.2 256.8 243.1 233.8 237.9 239.5 253.3 277.1 300.9 324.4 347.5 376.3 397.5 416.3 431.6 444.3 453.8 459.8 458.4 446.3 422.2 406.5 393.5 381.9 364.2 345.4 334.1 320.7 308.8 297.2 284.5 268 253.2 244.3 241.8 233.5 222.9 220.1 218.7 219.1 231.2 240.8 246.6 250.7 260.5 272.3 277.6 278.9 269.9 257.2 245.8 236.3 228.3 222.6
158.7 164.3 176.8 192.4 208.7 226.6 248.6 270.1 293.5 320.9 353.2 384.2 417.1 445.6 456.8 444.9 437.9 446.4 435.1 425.8 397.6 359.4 328.4 300.6 276.9 262 243.5 242.3 250.7 258.6 275.8 301 329.5 352.5 378 406.7 429.8 445.7 457.7 462.8 485.6 471.4 455.9 432.7 414.7 398.3 383.9 367.5 353.2 335.5 322.9 311.2 300.5 286.9 268.2 253.5 242.7 239.7 233.6 222.4 218.5 222.7 219 220.8 239.1 249.8 254.4 264.4 276.3 287.6 290.3 288.1 276.2 263.3 252 240.6 231.1 223.1
156 163.1 169.7 180.2 197.8 213.3 231.2 254.9 282.8 311.8 342.3 373.1 398.1 419.1 429.7 427.8 427.3 429.7 428.5 418.2 399.7 358.5 332.2 308.7 291.8 267.8 251.6 254 264.8 279.9 299.4 327.8 358.2 382.1 409.7 431.7 454.6 473.5 483.4 486.4 493 466.1 450.6 425.4 402.3 386.1 376.5 355.1 338.7 323.8 312.1 300.4 287.9 270.4 254.8 243.5 236.9 231 220.6 218.8 219 219.2 219.1 229.7 245.4 256.9 263.7 273.7 289.6 297.9 299.8 296.4 285.1 270.2 259.5 246.5 233.1 227.2
153.9 158 161.6 169.7 186.3 199.8 220.7 243.6 272 303 334.2 362.3 385.5 401.5 408.8 413.6 414.9 425.2 429.8 414.3 398.2 370.9 344.7 324.7 303.5 279.6 265.7 269.9 283.8 301.6 323.9 355.7 386.9 413.7 440 460.4 484.2 493.6 493.9 486.2 467.5 454.5 442.3 413.3 390.7 372.1 355.5 344.6 326 314.6 304.3 291.3 274.1 258.2 248.8 236.7 226 220 219.5 219.4 219.6 219.6 220.8 235.3 248 262.2 273.5 287.3 299.4 307.5 311.4 307.1 293.4 276.6 266.6 253 238.1 232.3
155.3 154.5 156.8 164.7 176.5 190.4 212.3 237.4 263.7 291.2 322.7 353.3 375.3 391.2 400.5 399.9 405.6 412.8 412.9 404 397.2 386.1 364.2 343.1 318.3 297.4 286 291.9 302.2 322.5 351 384.3 415.1 444.6 470.3 484.5 496.3 495 489 467.6 448.5 438.4 420.2 394.7 376.9 359.1 344.1 333.6 317.7 305 292.1 281 267.8 254.9 241.4 231.5 222.6 220.3 220 219.8 220.4 222.9 225.5 242.1 259.4 271.3 287.6 300.5 313.2 320.1 325.8 320 305.9 286.3 271.5 257.4 239.4 231.8
152.3 152.3 154.3 160.5 169.6 185.6 204.3 226.3 254.2 281.2 308.7 339.7 363.2 377.2 383.6 389 397.2 400.5 406.8 404.7 404.7 389.9 393.5 359 334.8 317.3 316.4 321.9 327.9 342.5 374 409.6 440.9 465.3 484.7 496.4 502.5 497.3 471.5 458.1 439.7 418.1 401.5 382.9 365.8 351.3 334.1 321.1 306.6 295 280.9 270.5 260.7 253.4 241.7 228.4 223.3 220.7 220.3 220.8 229 232.1 234.9 248.8 271.3 285.3 301.2 315.7 323.3 332 335.9 332.8 320.3 299.2 276.8 262.7 242.7 230.4
152.5 150.3 152.4 157 164.4 177.6 192.9 217.2 242 269.8 296.1 322.8 345.5 364.3 377.7 380 384.8 390.8 397.5 401.9 399.9 393.9 400.6 380.4 354.5 346 361 364.2 357.6 363 391 426.8 455.2 474.3 491.6 509.1 506.2 482.8 465.4 447.2 424.8 407.5 386.6 370.6 355 337.9 321.7 308 296.6 286.8 270.6 260.7 256.3 250.9 241.8 230.2 222.4 220.6 221.2 222.9 233.5 239.8 247.2 254.5 279.5 296.3 313.6 327.5 332.9 342.6 349.5 345.3 331.8 311.6 287.6 266.8 245.2 231.2
152.1 149.5 153.3 157.1 164 172.2 189.6 212.8 233.8 260.2 289.7 318.1 344.3 358.8 369.1 382.2 388.6 386.5 392.9 397.4 395.2 402.5 404.5 389.6 369.1 371.9 386.4 390.2 394.4 404.2 407.3 448.7 471.4 495.9 507 513 495.2 484 462 438.2 417.6 393.3 376.6 363.2 346.8 328.2 311.6 298.1 286.4 273.6 260.2 253.2 252.3 246.5 237.8 229.5 222 222.1 222.8 229.7 241.2 247.2 259.8 273.5 291 308.3 325.1 336.6 349 359.9 367.1 359.7 343.3 322.2 294 272.8 251.9 234.5
148.9 151.2 155.6 159.3 163.4 170.8 183.6 218.5 237.6 257.9 284 309.9 335.3 357.9 373.5 384.3 381.3 381.6 392.8 396.1 398.9 408.7 404.4 393.4 385.2 388.8 403.6 408.2 421.8 437.4 434.9 465.9 486.7 509.2 514.3 518.1 500.9 478.8 451.3 424.1 403 384.7 367.9 354.5 334.9 318.3 301.4 289.1 272.8 263.9 254.5 249.5 247.2 240.4 235.2 228.1 221.9 224.2 228 233.4 244.1 254.8 268.9 285.5 303.3 322.1 338.8 351.1 365.2 379.6 388.8 377.3 357.6 331.7 306 277.9 255.8 236.3
149.6 152 155.3 158 165.2 174 189.2 224.5 234.2 255 275.9 303.6 330.8 351.3 364.3 369.9 376.6 383.3 390.6 396.4 401.4 408 406.5 401.5 401.1 405.4 417.8 429.2 440.2 446.9 461.6 478.9 490.9 518.5 527.2 511.1 496.9 476.2 440.8 413.4 393.7 380.2 358.1 344.4 325.4 306.3 291.4 279.2 268.3 255.3 248.3 239.9 233.4 227.5 232.1 224.6 223.3 228.1 234.7 244 252.6 264 279.1 300.1 319.6 338.7 354.6 375.5 395 405.3 410.3 398.6 374.4 347.9 315 284.5 260.7 239
150.6 151.7 153.6 159.8 165.2 178 193.5 214.2 234.5 255.2 280.8 304.2 328 352.5 365.6 375.8 379 383.6 390.7 398.6 404.8 414.7 413.5 413.3 419.3 421.5 431.7 441.1 458.9 461.3 473.4 487.4 502.3 524.2 525 507.5 482.4 455.7 429.2 402.3 391.4 370.2 353.7 331.5 315.7 297.2 278.6 267.2 256.6 251.8 242.6 235 230.3 226.9 225.8 225.7 225 229.6 239.2 250.4 261.1 275.6 293 313.9 332.2 353.6 380.2 400 424.9 438.8 441.2 423.7 394.1 359.7 323.4 291.9 268.5 242.6
154 156 157.2 153 163 176.7 196.6 212.4 231.7 253 278.7 305.4 331.8 357.1 381 391.9 391.6 393.6 398.4 398.4 408.2 417.4 420.4 418.6 431.9 431.7 438.7 453.1 462.5 474.5 488 498.1 516.2 523.2 518.8 499.5 472.7 447.1 420.9 395 379.4 363 344.5 321.6 305.8 289.5 277.2 265.1 262.3 254.8 240.9 237.3 229.8 227.9 227.2 225.6 226.1 234.6 247.2 263.1 273.8 288.4 306.1 327.4 350.4 377.5 403 429 455.6 480.1 479.3 449 413.2 374 333.6 302.4 275.6 250.3
149.6 156.2 155.6 151.5 160.1 175.1 203 217.5 228.9 249.1 277.1 302.3 328.2 356.5 379.2 392.9 398.2 400.4 404.8 402.3 416.4 426 430.4 440 443.5 441.7 446.5 457.4 472.7 488.9 496.2 505.7 515.9 528.1 513.1 487.6 464.1 436.5 409.2 387.8 370 354.5 335 315.3 297.3 283.3 271.7 268.3 266.8 258.5 245.9 236.3 233 229.7 228.5 227 231.5 240.1 252.6 270.6 287.1 301.4 320 344.2 369.4 396.2 425.1 453.3 482.8 509.3 499.9 464 426 386.1 346.4 313 283.3 258.7
148.2 149.9 152.8 151.3 157.8 172.9 199.7 222 230.6 249.8 269.6 297.1 329.1 352.8 380.9 406.7 409.1 414.2 411.4 409.9 422.5 431.1 438.2 447.7 453.6 440.6 447.6 461 483.1 501.7 507.5 509.8 517.3 521.5 498.4 468.8 440.2 421.8 402.7 376.8 362.5 347.6 327 308.2 291.1 280.1 273.8 271.7 269.4 259.4 249.7 239.5 235.2 232.5 232.8 230.4 238.4 246 258.5 278.7 296.6 315.7 337.5 362.9 390.9 419.9 448.6 476.6 504.7 524.7 511.1 473.9 436.7 397.2 355 322.3 292.4 266.9
148.5 149.2 156.3 149.8 157.4 173.9 190.9 210.7 232.6 248 268.3 297.9 328.2 373.5 398.4 415.6 421.3 423.2 415.1 422.5 438 446.5 449.5 457.5 450.8 449.4 451.8 468 497.4 510.4 517 522.8 529.2 518.2 496.7 461.6 433.1 405.8 386.5 371.5 355.9 340.5 320.5 300.2 286.9 279.8 274.2 270 268.2 259.9 249.4 241.9 237.8 238.7 237.9 233.8 245.6 249.4 264.9 286.2 305.4 327.3 353.3 382.7 412.8 442 470.9 500.8 524.8 533.5 525 484.3 448.2 407 364.8 332.9 302.2 274
148.9 150.3 149.2 149.8 149.3 163.4 185.4 205.6 222.9 244.3 266.3 298.8 327.2 365.1 399.1 417.1 429.1 437.4 426.9 437.3 452.2 459.7 463.6 454.3 453.7 456.4 455.5 475.4 503.4 518.2 524 529.8 534.3 524.4 490.6 460.2 422.5 394.7 377.9 364.1 347.2 330.4 312.1 298.2 288.2 278.9 279.1 272.3 263.1 255.1 249.3 243.3 239.8 240.5 242.2 236.9 252.6 253.8 274.4 293 312 341.2 369.6 399.8 430.5 460.1 493.7 522.9 545.3 554.5 536.7 499.8 460.4 418.9 380.8 343.5 309.8 279.7
149.4 149.6 149.7 150.1 150 157.1 178.9 197.6 215.8 236.8 261.3 286.5 318.5 355.3 392.7 420.9 438.8 446.7 434.7 452.6 468 473.1 471.4 456.9 458.2 460.3 463.7 480.2 503.2 521.9 532.9 544.9 541 521.3 487.1 445.1 412.3 392.1 377.7 364.3 345.9 330.9 321.1 308.6 291.5 279.2 269.4 264.4 262.4 255.6 248.4 243.2 241.3 236.4 236.4 235.6 250.7 258.2 280.4 302.4 325.3 357.2 390 431.3 458 482.7 513 541.6 565.9 569.8 549.3 509.9 471.8 429.9 391.9 351.7 316.2 286.3
149.4 149.4 149.6 150 150.3 150.1 167.6 193 211 231.6 256.1 284.7 321 355.1 389.1 425.4 454.4 460 443.6 465.8 478.9 479.7 469 468.2 466.4 469.1 472.3 483.8 503.1 523 538.2 550.9 547.9 511.9 476.8 440.5 413.2 397 387 375.6 357.1 342 328.3 311.8 292 275.8 260.9 255 250.3 243.7 246.6 241.7 239.1 239.8 241 243.9 251.8 266.4 287.7 310.8 337.5 371.7 414.8 453.9 479.6 506.7 532.2 556.5 574.1 569.8 548.9 514.3 476.7 436.1 399.2 359.4 324.4 293.4
149.4 149.5 149.7 150 150.6 150.1 160.8 184.7 204.7 229.1 249.6 281.2 318 357.6 390.5 428.5 457 463.3 451.5 468.5 488.3 490.2 481 475.3 473.2 477.5 479.6 492 503.5 517.8 532 546.7 544.4 509.3 473.3 447.6 424.3 410.8 398.4 382.6 371.5 346.5 329.1 315.1 290.3 273.1 260.1 247.8 244.1 240.7 245.1 239.4 241.8 243.2 245.2 250.2 259.4 274.3 295.1 318.2 349.8 386.1 422.9 452 483.9 512.3 536.9 558.6 572.8 566.1 544.8 516.7 482.4 444.3 404.5 366.3 330.7 299.8
149.9 149.6 149.9 150 150.3 150.4 156.5 175.2 195.6 218.7 247.3 280.8 310.5 345.8 383.8 425 461.7 466.2 458 475 493 494.4 492 483 491.9 487.2 489.4 497.5 508.1 520.3 534.6 549.5 548.8 519.7 488.5 458.5 439 434.4 423.4 398.8 377.9 347.8 338.1 316.2 291.2 270.8 260.1 246.6 241.7 240.1 241 242.5 244.7 246.5 249.5 256.9 267.2 283.9 302.9 327.8 359.2 393.9 424.9 454.7 483.3 508.8 531.8 550 564.6 558.2 544.7 520.5 486.4 450.3 407.8 369.5 333.7 303.7
150.2 150 150 150 150.8 150.4 157.1 170 189.8 213.3 243.3 276.1 305.4 341.9 379.6 417.3 455.9 470.4 463 477.4 484.8 501.7 490 492 500.3 489.1 497.7 507.9 520.5 529.3 540.7 549.2 547.1 531.3 499.3 469.8 459.7 461.9 469.5 461.3 411.2 370.3 346.7 317.8 293.5 273.1 259.2 245.9 240.6 241.5 242.6 244.1 247.5 249.7 254.3 263.4 274.5 290.4 308.2 337.1 368.1 399.7 426.7 452.1 479.5 502.8 523.3 542.6 555.6 551.9 545.5 521.7 486.5 450.7 413.5 375.1 339.7 307.6
150.5 150.4 151.1 152.2 151.4 150.6 160.8 170.5 189.3 210.5 239.6 270.8 296.7 331.4 367.4 401.7 436.8 458.8 470.5 468.5 482.8 496.1 489 499.5 501.1 504.2 506.7 516.7 532.2 538.6 551.1 550 544.4 534.6 517.3 497.7 505.7 496.2 516.6 481 436.2 391.8 357.6 331 298.8 273.8 255.4 242.7 240.1 242.9 244 245 248.4 252.2 257.4 267 279.4 294.8 311.2 336.7 368.3 399.3 426.3 450.2 476.1 497.7 517.3 535.5 549.2 549.4 541.8 526.2 496.9 461.2 419.2 378.8 343.8 310.8
150.5 151.9 153.4 152.8 153.3 150.1 156.1 169.2 186.7 206.5 229.2 263.6 301 331.9 363.3 398.7 434.4 457.2 467.3 460.3 477 490.8 491.8 503.4 507.2 507.9 514.4 521.6 536 543.7 553.2 553.1 546.9 532.8 520.4 525.9 549.7 539.9 527.1 493.8 446.7 403.5 360.8 325.9 299.6 273.5 254.6 243.1 240.5 243.8 245.9 245.8 249.3 253.9 262.4 272.9 286.3 304.1 325.1 348.5 361.2 392.8 423.5 447.8 470.9 490.8 510.2 528.4 542.2 543.5 543.3 531.4 499.1 457.9 418.3 380.1 347 314.6
150.8 151.1 152.9 152.9 159 151.6 150.9 162.7 181.4 200.7 223.8 254.9 295.9 336.5 366.2 397.7 436.3 455.3 467.2 455.3 466.9 476 480 501.1 509.6 515.7 522.9 540 543.6 545.4 548.5 544.6 550.9 548.9 535.3 541.7 555.5 545.1 521.4 494.2 452.7 402.7 359.5 322.6 298.9 271.8 254.7 245.9 240.8 242.5 244.1 246.1 248.4 252.7 266.1 279.8 293.5 305.7 334.8 361.8 383.8 391.9 422.9 446.5 466.8 484.4 503.1 519.7 533.1 536.4 540.5 528.3 496.1 457.5 419.7 382.7 348.6 319.7
151.3 151.4 151.2 151.3 154.2 152.3 151.7 154.5 175.3 196.4 216 247.8 289.2 339.8 375.8 398 426.6 448.4 459.3 437.9 446 444.7 483.7 501.8 515.8 521.6 540.2 553.9 551.9 548 545.7 546.5 546.7 544.3 541.9 550.1 554.2 541.8 513.7 477.2 436.1 393.3 354.2 322.7 297.8 274.3 254.2 244.4 240.8 242.3 243.6 245.2 246.7 253.3 268.2 287.5 306.4 321.1 342.3 353.8 396.6 409.9 424.1 445.3 465.1 479.6 497 512.2 524.3 532.8 535.5 519.9 492.7 456.8 421.1 386.3 354.8 322.6
151.8 151.7 151.9 152 151.8 151.9 151.6 152.7 165.9 185.9 208.8 242.2 280.1 330 376.1 400.9 418.9 441 438.7 414.5 413.8 440.8 477.5 499.3 512.6 528.5 565.6 550.2 555.5 545.5 552.5 535.8 532.6 533.5 536.6 541.5 546.5 533.9 512.9 475.3 430.5 390.8 355 321.8 297.2 274.5 255.9 242.7 241.2 241.8 243 244 247.2 255 272.5 294 315.7 333.8 361.2 385.6 396.9 405.5 429.2 446.7 464.6 478.9 494.9 510.2 518.7 526 525.5 511.7 488.6 453.7 421.3 388.8 358.5 323.7
152.3 152.3 152.7 152.9 153.1 152 153.3 151.7 159.6 176.1 202.9 237.5 276.3 315.7 371.5 392.8 409.1 418.5 412 397.1 394.8 434.5 470.6 497.4 510.3 525.8 544.9 551.3 546 544.5 548.9 542.6 523.9 521.2 523.1 526.7 536 532 503 474.7 426.6 386 348.8 317.4 291.4 271.2 251.6 242.8 241.9 242.1 242.3 243.6 246.5 257.3 276 301 320.7 349 377.1 405.4 431.3 420.5 433.6 449 463.7 479.3 495 507 516.2 521.3 521.3 510.6 486.4 450.8 420.1 388.9 360.4 324.9
