GeneralExemplars/GeoExemplars/data/LakeDistrict/terrain-50-dtm_3563996/ny/NY41.asc
ncols 200
nrows 200
xllcorner 340000
yllcorner 510000
cellsize 50
[rows 105 to 139 of 200, columns 0 to 77 of 200]
153 153.1 152.9 153.4 152.4 152 151.5 151.3 152.4 171.8 197.8 233.6 268 314.3 351.6 380.1 396.5 393.4 385.8 359.3 391.6 428.6 463.2 491.4 504.1 516.8 536.6 543.8 548.4 551.6 541.2 533 523.4 506.6 509.9 515.2 525.6 524.3 499.2 466.4 420.5 381.1 344.2 310.4 284.3 267.1 250.9 245.7 242.4 243.1 243.2 248.5 250.5 265 284.2 308.6 332.4 364.3 394.5 423.7 444.3 438.7 434.8 451.6 464.6 480.8 493.2 505.2 513.8 518.4 519.5 508.4 484.2 447.6 417.7 390.2 359.3 323.7
153.7 154 153.6 153.1 152.7 152.2 151.6 151.4 151.7 164.6 193.2 218.6 254.6 294.5 328.4 357.2 367.4 358.2 349.1 350.3 386.1 422.2 458.6 485.3 503.5 521 524.5 536.4 557.4 550 526.6 524.2 506.4 498.3 499.1 506.5 514.1 512.2 495.1 463.5 418.3 377 341.9 310.1 286.4 267 256.8 247.8 244.1 244.1 246.1 253 258.8 277.5 295.1 320.3 355.3 385 413.4 439.9 453.5 450.8 454.2 458.9 465.9 480.8 494.6 504 509.1 515.5 518.8 507 485.3 444.9 415.9 385.9 354.2 323.1
154.4 154.5 153.7 153.5 153 152.4 151.8 151.6 151.8 153.9 181.1 209.5 238.3 272.2 301.2 321.7 325.2 323.3 315.7 354.9 385.5 419.2 454.3 482.8 508.4 511 518.7 528.6 540.7 531.1 514.6 502.4 496.2 487 489 496.9 499.6 507.8 493.5 462.8 416.6 378.3 343.2 311.9 287.5 270.6 259.7 252 246 245.7 247.9 254.5 269.4 288.3 311 338.3 373.1 402.6 430.7 454.7 458.4 457.8 452.5 464 470.3 482.3 494.7 502.1 506.7 512.4 514.6 510.7 485.6 445.5 413.7 380.6 351.2 321.2
155.2 155.2 154.7 154.2 152.9 152.4 151.9 152 152.2 152.4 168.4 196.7 222.3 250.7 272.3 284.3 287.8 284.9 324.7 355.4 386.1 418.5 451.7 482 506 507.6 513.4 513.5 510.3 505.2 498.5 488.5 478 476 477.1 485.9 494.1 497.3 492.9 467.6 422 385.7 352.7 317.5 290.4 273.4 258.8 251 247.6 247.9 251.2 265.4 283 303.5 327.5 356.4 388.4 418.7 451.6 464.2 465 463.3 457.3 466.1 474.6 484.5 496.4 502.7 508 512.7 514.3 513.1 479.2 441.1 411.2 377.2 347.2 319.1
156 155.8 154.8 154.3 153 152.5 152 151.8 152.2 152.6 164.4 187.1 208 228.8 245 244.3 267.3 302.3 331.1 359.4 387 420.8 450.5 479.6 503.3 497.9 505.2 501.3 496.7 492 485.1 474.6 474.2 473.1 474.5 482.4 492.3 489.1 482.3 466.5 432.5 390.2 351.3 319.6 293.9 276.2 262.6 252.3 249.6 251.1 257.7 275.4 294.3 317.2 345.7 376.2 406.6 438.4 466.7 476.4 473.8 469.3 466.1 467.7 475.9 488.5 498.2 505.6 511.1 514.3 515.2 508.5 478.3 441.8 406.7 373.3 343.6 318.6
156.6 156 155 154.6 153.6 153 152.2 152.2 152.5 156.8 170.1 182.9 201.5 208.9 223.9 250.1 275.6 301.9 330.6 358.5 388 423.2 450 475.6 489.2 492.4 497.1 496.2 493.4 482 477.3 485.9 473.1 473.1 473.1 473.6 484.2 491.8 484.9 467.6 438.8 393.1 355.1 325.5 299.9 281.8 266.8 256.4 253.7 258 267.3 283.6 304.2 331.4 360.8 390.4 424.1 458.7 487 490.7 483.9 476.8 471.9 466.9 476.4 489.1 499.9 507.5 512.3 516 516.1 505.1 471.9 440.7 402.7 369.1 341.3 316
157.5 157.4 156.3 155.4 154.1 153.7 152.6 152.7 152.4 162.6 169.6 178.9 187.6 196.5 215.3 232.3 265.2 295.7 326.9 351.4 385 422 451.4 472.4 484.1 488.4 487.9 485.5 479.5 475.4 474.3 473.1 473.1 473.1 473.1 473.1 474.4 492 492.7 472.3 447.4 408 366.8 336.6 310.8 289.7 271.4 262.1 263.4 271.1 278.6 295.6 314.7 346.8 376.3 407 442.9 473.7 504.4 502.1 491.3 483 479.3 473.3 478.7 491.3 502.7 509.5 513.7 516.5 515.9 501.1 468.1 433.5 398.1 366.6 338.8 313.2
159 158.3 156.7 155.6 154.8 154.1 152.5 153.1 156 158.2 164.9 169.5 176.7 190.1 207.6 233.4 262.9 292.7 325 354.7 388.3 422.7 454.7 473.9 482.4 479.7 477.1 472.3 468.6 476.5 476.2 481 479.7 473.1 473.1 473.1 474 491.5 493.9 479.9 466.1 422.9 384.3 352.4 328.9 304 285 272.3 271.9 279.9 290 309.8 332.9 362.3 397 434.6 465.9 493 520.1 521.6 508.8 496.2 484.4 479.9 481.2 492 504.6 512.2 515.8 519.4 513.9 494.1 459 425.6 392.8 363.1 335.1 310.5
159.9 158.5 156.8 156 155.1 153.8 152.7 152.8 152.7 156.8 159.2 163 167.1 177.8 199 224.4 252 281.7 313.6 347.6 388.2 422.6 448.8 468.9 469.2 467.2 468.1 464.3 474.9 479.3 479.7 476.5 474 473.1 473.1 473.1 476.9 493.8 500.7 499.3 474.1 433.6 394.5 364.2 336.8 314.4 297.2 286.1 284 293.1 305.7 323.8 348.1 375.7 410.1 454.2 489 515.9 537.9 539.9 521.5 506.1 490.5 483.7 485.8 496 508.2 514.4 519.9 520.3 515.8 492.3 454.9 421 389.4 360.1 333.1 311
162 158 157.2 155.7 154.9 153.6 152.9 152.9 152.7 155 158.4 160.7 162.9 169.4 189.7 212.3 241.2 278.3 326.3 356.5 391.3 418.6 441 447.2 446.4 446.4 449.2 462.5 480 504 494.4 487.8 473.1 473.1 473.1 473.1 473.3 494.2 511.2 516.5 495.3 447.9 411 378.9 348 327.3 312.5 301.4 297 312.5 325.1 341.4 365.4 393 421.7 460.1 501.1 530.7 563 552.2 529.2 509.9 497.9 486.7 489.7 500.1 509.9 512.1 519.9 523.9 518.6 485.1 452.2 418.7 386.7 356.4 330 311.8
164.8 158 156.8 155.8 154.6 154 153.3 153.3 152.7 154.9 156.4 158 159.5 166.6 185.5 210.7 239.5 271.4 309.8 350.3 386.5 419.5 427.8 417.5 430.9 446 453.3 468.4 481.6 494.8 500.9 497.6 477.6 474.6 473.1 473.1 478.8 496 512.5 521.6 519.3 463.4 426.1 394.4 364.6 343.9 330.7 320.5 320.4 329.7 351.2 365.4 383.8 411.8 443.7 479.8 513.6 553.5 582.3 571.2 542.1 524.7 504 494.9 498.5 503.8 511.6 521.9 525.2 526.7 518.7 483.3 453.7 418.7 383.8 354.3 329.2 312.6
167.3 159.1 156.3 158.8 158.4 154 153.5 153.1 153.4 153.7 154.4 155.9 158.2 167.7 185.7 209.2 236.3 267.4 308.9 353 395.7 421.3 399.2 422.2 436.3 447.9 459.4 481.9 483.6 491.3 504.5 500.2 488.4 477.4 473.5 473.1 484.5 494.6 509.2 525.6 531 507.9 446.8 412.5 384.9 364.8 352.2 340.7 340 347.2 368.3 386.6 404.8 430.5 464 504.9 539 564.1 593.4 583.7 557.6 535.3 511.5 506 508.4 511.3 520.8 528.1 529 531.7 511.6 478.6 449.7 416.6 379.5 352.8 332.4 316.9
177.9 172.1 158.5 157.9 161.1 153.6 153.5 153.3 153.3 154.2 154.6 155.5 157.8 162.1 181.1 204.7 235 268.5 320.1 365 402.2 389.5 403.8 426.4 440 449.6 458.4 472.8 484.2 496.5 498.7 499.5 487.7 478.2 475.5 477.3 488.9 498.9 508.5 522.4 528.2 520.1 475.5 441.3 412.2 392.1 374.4 361.8 363 363.9 385 406.8 424.7 450.6 486 529 557.5 579.6 601.7 593.8 568 543.4 525.8 517.8 516.5 523.3 528.6 529.8 533.7 535.3 509.8 477.5 450.6 413.7 379.4 350 331.7 315.9
200.1 184.7 175.4 163.6 157.3 153.7 153.8 153.5 153.3 154.1 155.1 155.7 157.8 162.3 176.8 202.1 231.5 264.3 303.7 339.8 367.2 364.6 406.9 433.6 448.1 460.1 465 474.5 480 489.8 498.9 499.3 492 484.5 480.3 478.6 492 497.3 507 519.8 524.9 531.9 526.9 487.9 445.4 421 397.7 387.8 392.1 392.9 402 421.5 441.4 469.6 506.6 543.8 568.7 589.7 608.5 612 581.7 553 535.7 533.8 532.3 532.2 538.8 544.1 547.6 544 510.2 480.9 450.7 410.9 374 349.3 330 324
205.9 193.5 181.9 166.6 160.9 154.4 154.2 153.8 153.4 153.6 154 155.6 157.6 168.3 184.3 202.1 219 248.2 285.8 302.2 322 358.5 399.2 438 456.3 464.7 462.9 469.2 477.4 485.9 492.1 497.7 501.8 495.3 489.6 488.5 495.3 494.6 506.3 519 525.5 534.4 547 544.5 483 448.9 422 417.8 418 417.6 423.4 441 461.6 488.8 523.6 554.2 577.4 598.1 612.5 619.8 592.1 572.2 554.2 548.4 546.4 549.2 554.3 566.5 565.3 544.2 508.8 479.6 450.4 409.5 374.9 353.1 341 332.6
213.9 205.4 188 173.8 164.6 154.3 154 153.7 153.6 153.9 153.7 154.4 167.1 172.1 184.7 204.5 226.9 253.2 293.6 324.2 347.2 372.8 402.9 446.6 461.3 460 461.1 466.3 472.8 482.8 489.1 495.2 496.5 495.2 494.8 496.9 502.9 499.1 506.6 519 525.8 533 553.4 559.8 547 485.5 453 446.4 446.6 444.6 446 463.2 481.7 509.7 539.3 564.1 585.6 602.8 618.2 621.4 608.8 592.8 572.9 568.7 562.8 572.1 580.3 584.2 581.4 545.6 510.1 479.4 445.9 407.8 376.2 361.4 351.1 343.7
215.3 207.3 190.5 174.6 164.6 154.7 154.3 153.9 153.9 154 153.9 154.1 163.1 172.6 185.7 203.5 228 256.6 290.5 333 367.6 392.1 427 447.1 454.6 452 454.3 460.1 467.7 482 487.5 495.2 501 502.7 497.2 497.2 499.6 503.1 506.5 516.8 528.4 533.7 541.7 562.8 558.5 522.1 485.8 473.2 476.2 472.4 470.9 482.8 500.8 522.1 549.2 573.1 588.4 606.7 623.1 626.7 627.7 613 601.8 602.4 592.3 599.7 615.4 616.5 584.8 553.9 516 478.5 442.9 407 381 369.9 358.7 348.9
222 208.1 196.8 178.9 165.7 155.1 154.5 153.9 154 154.3 154.2 154.3 159.2 171.8 184.6 202.8 230.3 260.1 292.6 346.3 386.5 418.2 435.4 446.7 450.5 451.9 453.3 460.5 469.6 482.3 490.8 501.7 510.1 523.2 512.3 506.5 515.9 512.4 513.6 513.7 523.9 528.2 540.1 553.4 555.4 535.5 510.5 500.4 502.4 498.3 498.4 508.1 528.6 541.4 562.4 578.4 593.2 606.1 618.5 631.3 640.6 637.8 627.4 623.2 622 629.5 642.5 625 592.7 556.1 514.4 476.5 441.8 411.2 388.1 376.2 364.1 357.7
232.5 212.4 200.9 184.6 168.9 155.3 154.6 153.9 154.5 154.5 154.4 155.1 162.8 172.7 183.5 203.8 230.6 265.3 297.2 344.6 386.3 443.8 447.9 447.1 447.3 452.8 455.3 460.5 468.6 487.2 500 515.1 518.4 529.4 528.5 527.4 537.9 531.6 519.7 521.1 526.3 537 548.3 548.6 555.5 531.4 518.2 515.7 515.8 519.6 522.2 533.1 551.7 557.4 574.5 592.8 599.1 609.2 613 625.3 644.8 648.4 645.9 649.7 646 656.9 664.9 632 596.7 552.5 513.1 475.8 445.8 418.4 395.4 383.9 370.5 366.6
244 221.5 204.8 191 171.1 154.8 155.1 154.6 154.5 154 155.2 160.1 159.7 168.8 182.6 203.9 230.5 267.1 306.2 355.6 396.3 439.2 446.5 445.2 444.6 454.5 469.2 467.1 470.3 490.9 510.9 526 536.3 532.3 534.2 540.9 549.2 547.9 543.2 533 531.1 534.8 541.3 543.6 553.8 550.8 532 523.9 525.6 531.4 538.3 549.6 567.8 571.8 586.3 600.6 607.7 605.2 607.8 617 635.3 651.4 661.8 668.6 674.7 682.4 674 638.6 592.7 555.2 517.7 480.7 448 425.4 403.7 392.1 382.8 375.2
255.2 232.8 208.7 191.5 170.9 155.6 155.1 155.2 154.8 155 158.3 163.4 162 169.2 180.6 201.3 227 259.9 303 352.2 395 427.4 431.7 446.9 445.9 449.4 465.5 471.7 474 494.3 512.1 532.1 546.4 549.4 547.2 549.3 552.1 559.7 550.4 538.9 540.6 538.4 535 535.3 541.6 556.5 557.3 553.9 553.4 543.4 556.4 571.6 579.8 576.3 590.2 598.6 603.3 594.9 602.9 612.4 629.7 650.8 663 679.4 692.1 690.9 677 631.1 590.5 554.7 518.7 481.1 455.1 430.9 412.1 401 391.9 387.4
267.1 244.4 214.2 193.1 170.5 155.6 155.2 155.3 155.4 158.6 157.7 161.4 170.5 172.8 179.9 198.2 224.3 253.8 288.6 328 369.3 418.2 421.7 432.1 439 444.3 460.7 474 485.3 499.2 510 529.3 550.4 559.3 553.8 552 555.7 561.8 554.9 549.5 551.4 546.7 527.8 525.1 532.3 548.3 560.5 562.9 566.8 558.8 559.3 572.1 584.6 581.2 584.3 583.1 584.6 592.7 598.2 614.2 630.8 650.7 666.2 684.9 694.3 693 668.3 624.9 583.2 546.2 511.8 482.5 459.9 436.4 415.9 411.7 403.8 401.8
264.6 241.7 215.5 191.2 169.9 155.9 155.7 155.8 155.8 157.2 159 161.5 165.5 170.5 185.1 202.8 221.7 251.6 283.3 318.3 360.4 389.8 403.5 419.2 435.4 438.2 451.3 465.3 481.7 495.4 505.9 521 539.9 548.9 553.2 551.5 557.6 555.4 557.6 551.1 549.7 537.9 524.1 522.8 523.2 530.8 548.3 558.5 563.8 562.9 562.3 563.6 567 566.8 564.6 569.2 575.3 583.9 596.4 615.1 632.5 651.3 668.3 682.2 689.4 690.3 670.2 629.6 589.4 547.9 512.1 483.3 465.7 445.5 430.8 420.5 416.6 417.1
271.5 240.5 216.3 190.7 168.1 156 156 156.2 156.1 156.9 161 160.6 163.7 174.7 199.8 219.6 224.5 247.2 274.9 304.2 347.4 379.8 403.9 411.5 422.3 425.5 441 453 462.6 471.3 486.4 502.6 522.2 546.8 545.9 548.4 548.5 546.8 551.6 543.5 541.7 531.9 519.9 516.5 523.6 518.5 529.1 550.4 563.4 559.8 562.2 557.6 551.9 549.4 551.1 556.3 567.2 577.1 591.1 615.3 633.9 649 658.6 669.5 677.7 681.4 670.3 631.9 593.3 550.9 515.5 492.2 479.7 462.3 445.1 434.7 434.3 433.8
273 240.9 218.1 191.4 166.5 156.5 156.1 156.6 156.6 157 159.9 161.5 175.3 181.1 201 220.5 225.6 242.7 269.2 294.8 338 361.7 392.3 397.9 410.5 417.6 424.7 431.6 437.8 451.3 471.1 488.6 504.3 523.2 534.4 537.7 533 534 537.1 535.6 535 524.2 524.3 518 510.7 514.1 518.2 523.7 532.1 539.3 540.6 540.4 536.4 534.3 538.1 546.6 561.5 573.8 589.2 609.5 627.5 641.3 648.5 658.1 664.4 667.7 665.5 633.9 594.3 560.7 529.8 507.7 496.5 481.9 462.2 452.6 451.8 452.2
269.4 241.4 215.9 192.6 168 157 156.5 156.5 156.9 157.3 158 159.9 174.2 195.2 200.8 213.6 228.9 238.2 258.5 284.7 316.3 350.4 375.5 383.6 397.2 404.3 410.2 413.3 421.7 438.3 454.4 475.7 486 501.4 513.1 521.3 517.3 514.3 516.1 518.1 519.3 511.8 514.1 501.2 492 509.3 509.2 512.8 515.7 522.8 524.8 524.8 521.5 519.9 522.8 534 553 567.7 586 606.9 618.5 626.1 636.2 645.9 650.1 650 647.4 633.5 597.4 565.9 535.7 530 513.4 502.1 482.7 468.6 472.2 470.6
267.6 235.9 211.8 188.6 167.9 157.7 156.9 157 157.4 158.3 158.9 159.5 164.2 180.6 192.7 203.8 222.2 229 247.4 273.5 302.2 327.8 354.1 369.7 379.7 384.8 390.4 399.8 407.2 427.1 440 449.8 466.6 478.6 497.8 505.4 500.7 498.7 498.2 503.2 495.8 499.8 493.7 483.8 467.3 490 494 502.8 503.8 504.8 506.6 506 505.5 508.3 520.4 539.6 556.1 571.1 586.4 598.9 607.9 615.7 625.5 632.2 633.2 630.7 629.2 617.1 591.5 568.3 556.8 549.1 530 516.8 498 489 492 489
263.6 232.6 207.1 184.4 167.7 158 157 157.5 158 159.2 159.2 160.2 161.1 168.4 183 195.4 204 221.9 235.9 259.7 282.9 305.7 322.9 342.2 353.2 360.1 370.2 381.1 393.4 405.6 415.2 426.6 440.8 453.2 464.3 477.2 476.7 485.1 478.6 480.6 480.3 480.4 473.4 465.3 445.2 465.1 475.2 487 490.6 496.3 497.3 489.9 499.8 512.8 525.4 543.7 555.6 566.4 578.3 585.9 594.6 602 609.7 615 615.3 615.3 613.4 604.9 586.8 579.9 577.2 571.1 558.6 537.5 522.9 517.1 510.8 507.9
262.9 231.4 204 179.5 159.7 157.6 157.3 157.8 158.3 159.2 160.3 161 162.1 163.3 172.2 187.9 197.3 209.1 223.5 243.3 264.5 292.2 311 324.3 333.6 339.8 347.2 359.5 369.8 380 392 400.2 412.1 422 433.1 441.4 443.3 446.7 444.4 451.6 454.6 453.5 450 440.4 420.4 440.1 460.9 470.9 487 493.9 489.1 487.7 499.9 512.6 523.4 539.2 545.2 558.3 570.1 574.8 579.2 586.4 593.5 598.7 601.5 601.5 600.3 594.4 586.7 588.2 591.8 591.2 588.6 567.8 562.7 539.1 535.9 532.6
273.1 237.3 202.4 178.6 158.7 158.4 157.7 158 158.6 159.5 160.6 161.5 162 162.8 166.6 176.6 188 198.9 209.5 226.9 247.9 269.6 294.8 311.9 320.1 324.6 327.3 336.2 344.5 353.8 364.6 370.1 381.9 390.7 400.2 405.2 407.9 409.2 409.4 420.5 423.9 423.2 421.3 413.6 397.3 425 443.3 457.8 475.3 475.8 477.5 486.4 497.3 516.6 519.8 528.3 535.5 549.3 556.5 562.5 566.7 574.1 579.9 588.1 590.2 592.5 590.3 586.9 588.9 591.4 593.6 598.6 608.8 603.5 602.9 571.9 572.2 578.8
265.2 233.1 206.7 181.5 158 158.2 159 158.5 159 159.8 160.8 161.7 162.9 163.6 165.1 171.5 181 190.4 200.4 214.8 230.2 248.9 270.3 289.6 300.7 309.8 312.4 317.8 324.7 330.6 337 342.9 353.2 362.3 370.6 378 375.9 375.1 378.9 384.9 388.1 388 386 383.3 379.9 404 431.5 448 448.6 448.1 468.5 482.4 498.8 508.3 513.9 518.5 527.6 536 543.8 552.3 557.6 564.3 570.8 578.5 581.7 582.2 584 583.4 586.4 590.7 595.1 603.3 617.9 625.6 629.4 608.7 593.1 589
261 236.1 214.8 178.7 156.6 157.3 158.6 159.4 159.8 160.7 161.9 161.4 162.5 163.8 165.3 167.5 174.5 183.1 192.7 201.9 212.4 228.2 243.9 260.7 275.8 285.2 293 300 307.3 311.2 317.1 322.3 330.8 336.3 342.1 343.5 343.9 345 346 352.3 352.6 352.4 352 353.5 357.7 380.8 404.5 423.9 416.1 446.7 462.6 476.5 488.8 497.3 501 510.4 518.2 524.9 533.5 541 550.4 556.1 563.7 570.2 574.3 576.3 580.7 584.3 588.2 589.2 598.3 605.9 620.7 634.5 648.5 642.5 616.7 601.8
256 228.4 201.2 170.1 156.6 157.2 158.2 159.2 160 160.5 161.3 162.3 162.9 164 164.7 167.5 170.7 175.6 182.4 190.5 201.2 214.7 225.1 235.7 248.5 261.5 271.7 280.4 288.6 294.7 300.5 305.6 308.6 313.5 316.9 317.9 314.8 315 315.3 318.1 318 319.4 323.5 326.7 338.7 357.5 375 386.5 406.8 435.9 456.5 467.6 480.1 488.1 493.1 499.7 506.1 512.6 520.4 530.1 538.3 547 557.6 567.4 575.2 578.9 583.6 587.8 592.1 596.8 603.5 614.6 630.6 645.8 661.1 668.2 644.3 620.2
243.1 214.9 188 161.1 156.6 157.6 158.5 158.7 159.4 160.2 161.4 162.9 165.1 165.5 166.4 167.2 167.7 171 176.4 183 190.6 202.4 211 218.6 229 238.8 251.2 261.3 272.4 280 285 286.7 291.2 292.4 294.5 293 288.9 287.4 289.2 291.4 294.4 294.1 298.1 306.2 317.4 333 347.5 362.1 385.2 415.5 439.2 455.3 467.7 475.4 483.3 489.4 494.2 504.8 516.6 528.3 540.2 549 559 569.6 578.5 582.2 586.4 592.3 597 603.4 613.2 627.3 638.8 657.3 672.1 681.3 667 636.3
234.5 206.8 179.4 157.1 156.6 156.9 157.9 158.4 159.6 160.2 161 165.1 167.1 168 170.6 170.4 172.2 172.1 170.7 177.9 183.4 191.9 198.7 205.9 214.3 223.9 234.7 244.8 254.4 262.9 269.2 270.6 273.6 275.5 275.3 270.1 263.7 262 267.1 264.7 269.3 277.1 283.8 290.7 299.4 313 326.6 344.1 367.7 392.8 418.4 437.2 450 463.3 470.6 478.6 488.4 497.7 508.7 520.4 532.3 545 560.4 572.4 581.1 586.8 590.7 597.5 606.7 612.1 618.3 634.2 648.6 666.3 681.4 695.4 695.3 646.6
