GeneralExemplars/GeoExemplars/data/LakeDistrict/terrain-50-dtm_3563996/ny/NY41.asc
ncols 200
nrows 200
xllcorner 340000
yllcorner 510000
cellsize 50
[rows 140 to 174 of 200, columns 78 to 155 of 200]
633.2 625.6 638 624.2 639.4 653.3 679.1 689.6 722.8 759.6 764.6 767.5 761.5 753.7 744.4 735.2 726.7 717.2 710.4 703.3 692.6 685.4 678.9 670.7 663.8 657.6 651.5 644.3 637.5 636 631.9 627.3 621.5 615.9 612 605.2 599.7 594.9 589.9 587 583.1 578.5 576.6 576.2 573.8 568.1 562.8 557.3 549.8 548.9 535 508.1 468.7 427.4 389.2 357.6 328.6 310.2 300.6 291.8 285 283.6 279.8 266.4 250 238.1 238.1 238.1 238.1 238.1 238.1 238.1 238.1 238.1 238.1 238.1 238.1 238.1
652.6 645.3 650.5 651.7 670.1 691.7 708 732 763 784.4 778.1 770.8 763.3 756 745.9 732.9 723 711.2 700.7 689.5 680.1 672.1 665.6 659.4 652.9 647.6 643 637.8 632.3 627.5 623.6 620.7 613.9 602.2 599.5 593.1 588.8 584.1 579.6 575.3 570.7 566.6 564.5 558.6 555 553.3 545.4 541.4 533.7 520.8 517.1 496.6 463.6 438.9 411.7 379 349.4 329.1 314.1 305.2 296.5 295.5 284.7 265.6 249.2 238.1 238.1 238.1 238.1 238.1 238.1 238.1 238.1 238.1 238.1 238.1 238.1 238.1
675.9 681.2 681.1 684.3 700.7 725.7 745.3 763.4 791.4 790 781.4 772.5 764.9 758.9 750 736.1 723.1 718.7 710.3 701.9 691.5 677.3 664 658.9 650.6 645.3 638.6 633.9 632.3 629.3 625.3 622.1 617.6 611.8 601.2 592.4 582.2 575.3 570.3 564.8 557.7 551.3 547.3 540.6 534.6 526.2 521.2 521.3 508.2 497.1 490.7 482.4 467.4 464.3 437.3 408.7 366.8 351.6 333.1 320.8 314.3 307.4 285.1 267.5 253.5 238.1 238.1 238.1 238.1 238.1 238.1 238.1 238.1 238.1 238.1 238.1 238.1 238.1
705.6 718.6 716.2 732.1 740.3 771.6 785.2 790.6 791.2 789.8 784.1 776.2 768.1 762.7 755 745.9 738.1 732.9 726.2 719.2 707.8 694.6 686 674.9 664.6 655.9 648.6 642.6 639.7 636.9 634.1 632.1 623.6 615.4 605.5 595.2 584.1 577.3 570.6 563.1 552.2 535.9 517.1 519.3 512.3 497.9 491.1 486.2 481.7 478.1 477.2 474.9 472.8 468.2 460.3 437.3 400.9 378.3 359.5 347.1 343.2 318.2 289.9 272.3 260.4 238.1 238.1 238.1 238.1 238.1 238.1 238.1 238.1 238.1 238.1 238.1 238.1 238.1
731.2 745 755 764.1 774.1 784.8 791.4 791.6 789.7 788.3 784.7 778.8 771.1 765.9 760.5 754.6 747 742.1 737.4 729.8 723.5 714.1 701.6 692.8 683.4 672.5 663.2 657.8 653.6 649.8 643.3 641 633.5 624.8 611.2 599 588.5 580.1 570.2 560.6 551.5 540.3 525.1 506 485.7 474.6 466.8 461.4 457.8 459.3 460.7 459.6 462.7 456.8 455.1 452.5 445.2 434.7 385 382.1 393.3 334.3 295.2 276.3 263.5 238.1 238.1 238.1 238.1 238.1 238.1 238.1 238.1 238.1 238.1 238.1 238.1 238.1
739.7 752.7 764.7 773.8 779.4 786.3 787.7 787.2 787.3 785.6 781.8 777 771.3 767.5 764.5 761.4 756.6 749.6 745.6 739.1 735.4 726.2 720.3 711.1 704.7 695.5 679.5 672.1 668.1 663.2 656.7 647.9 643 634.1 619.2 607.5 593.7 583.8 569.7 560.5 551.7 540.5 528.5 516.4 502.5 498.5 492.2 477.9 460.1 443.1 430 434.9 440.1 446 445 446.5 449.1 453.6 423.7 399.7 391.2 344 301.2 282.4 284.4 238.1 238.1 238.1 238.1 238.1 238.1 238.1 238.1 238.1 238.1 238.1 238.1 238.1
749.2 758.8 767.9 776.3 780.9 784.2 782.8 776.1 773.4 772.8 766.4 763.9 763.9 764 765.9 768.7 764.8 758.9 753.2 747.7 743 733.8 727.1 722.1 717.2 708 697.4 689.6 679.2 670 663.3 652.4 645.4 636.3 622.9 609 598.4 585.7 575.9 568.1 558.8 552.3 542 528.8 519.3 513.5 505.5 491.1 477.2 460.9 440.1 421.2 415.3 426.6 430.3 437.7 445 445.9 426.2 412 388.2 339.5 310.2 294.2 274.5 238.1 238.1 238.1 238.1 238.1 238.1 238.1 238.1 238.1 238.1 238.1 238.1 238.1
756.2 763.2 770.3 776.9 779.3 779.7 768.7 755.6 749 744.8 744.2 739.3 743.5 749.8 762.4 774.1 775.4 769.4 757.7 750.5 741 734.7 726.2 721.8 719.3 714.1 702.5 694.5 684 675.2 665.6 654.8 643.2 633.1 624 613.1 600.4 587.3 583.9 575 568.2 560.8 550.4 538.9 526.4 521 516.6 504.1 488.8 464.5 447.2 426.8 407.9 406 416.4 421.2 430.9 430.4 420.3 412.9 387.2 346.9 313.1 293.1 257.3 238.1 238.1 238.1 238.1 238.1 238.1 238.1 238.1 238.1 238.1 238.1 238.1 238.1
758.2 765.5 771.9 775.9 772.3 762.9 744.6 725.7 717.8 715.9 712.4 706.8 715.6 728.1 748 757.8 776.1 769.4 758.2 740.7 721.9 712.6 713 710.5 713.8 708.5 703.9 694.9 684.1 674.5 662.9 651.1 637.7 627 616.9 605 596.9 586 581.3 576.7 574.3 560.8 554.3 547.3 533.1 524.8 519.3 506.9 495.3 462.1 445.5 425.5 405.7 388.8 401.3 411.4 419.7 421.4 411.2 410.6 378.6 350 310.9 284.1 250.7 238.1 238.1 238.1 238.1 238.1 238.1 238.1 238.1 238.1 238.1 238.1 238.1 238.1
758.7 765.2 769.5 763.8 749.8 734.3 716.9 693.6 683.7 681.6 677.3 675.3 685 702.2 716.9 722.1 725.5 724.1 719.8 712.2 693.5 683.2 682.6 683 687 686.9 696.6 686.6 676.9 667.5 655.4 641 624.4 611.1 596.9 589.3 582.6 575.4 571.1 565.6 568.2 561.4 558 550.3 536.7 526.2 520.3 505.1 492.1 465 443.8 419.4 397.9 380.6 389.1 398 404.1 402.2 404.3 407.4 374.2 338.7 303.5 274.8 246 238.1 238.1 238.1 238.1 238.1 238.1 238.1 238.1 238.1 238.1 238.1 238.1 238.1
755.3 760.2 759.1 742.2 723.4 709.1 684.6 666.5 647.8 646.1 641.5 641.7 652.1 669.2 678.7 682.4 684.9 681.6 678.3 670.8 660.3 649.3 648.1 651.2 652.7 656 667 666.5 658.3 643.7 631.9 614.5 597.9 581 571.4 561.8 557.7 553.8 553.1 551.1 549.4 546 550 556.3 541.6 534.1 513.4 493 476.3 462.6 441.6 414.8 396.5 377.7 375.5 384.7 387.4 386.7 396.5 393.7 362.1 332.7 299.7 274.6 243.7 238.1 238.1 238.1 238.1 238.1 238.1 238.1 238.1 238.1 238.1 238.1 238.1 238.1
751.5 760 752.2 721.7 695.3 676.4 647.7 631.7 616.2 611.1 607.9 610.3 619 628.9 638.8 639.4 640.1 640.1 637.3 630.9 623.7 614.6 610.2 615.8 617.1 621 625.4 625.1 623.2 603.9 595 579.8 563.6 549.6 538 526.3 524 522.3 521.9 521.8 519.8 518.1 515.2 512.3 513.7 516.4 509.7 486.1 469.1 454.1 434.8 411.4 393.3 379.8 365.4 375.4 372.9 376.6 382.9 376.8 347.9 321.6 299 281 245.3 238.1 238.1 238.1 238.1 238.1 238.1 238.1 238.1 238.1 238.1 238.1 238.1 238.1
746.2 756.4 755.7 718 676.7 643.5 616.1 598.5 584 577.2 577.5 584.6 589.4 593.7 597.3 602.1 600.2 599.9 597.1 592.9 588.4 579.1 576.2 578 579.7 586.6 583.6 582.6 580.2 565.9 555 545.2 528.9 516.8 502.5 492.5 491.5 488.3 487.5 485.8 486.4 484.4 483 479.1 479.1 477.6 480.6 479.2 459.9 444.1 431.1 407.9 389.5 374.7 357.3 362 363.8 363.3 367.9 364.4 337.8 314.2 298.8 268.8 243.8 238.1 238.1 238.1 238.1 238.1 238.1 238.1 238.1 238.1 238.1 238.1 238.1 238.1
741.8 745.8 742.9 702.4 667.3 638.7 610.5 578.7 560.2 552.5 554 563.1 571.8 570.3 567.3 567.4 566.1 564.1 558.9 555.8 548.5 543.5 540.7 540 539.6 549.3 542.9 542 538.7 532.7 516.5 508.1 494.3 484.8 471.1 461.4 460.6 457.6 457 456.1 455.5 453.2 452.2 451.3 448.5 447 446.7 446.9 434.4 427.2 423 403.2 384.5 370.5 351.4 349.5 353.8 350.8 349.7 343.6 327.6 308 298.8 266.5 243 238.1 238.1 238.1 238.1 238.1 238.1 238.1 238.1 238.1 238.1 238.1 238.1 238.1
735.8 728.1 700.8 671.3 642.2 616.6 583.5 559.4 544.3 535.8 535.2 544.2 551.5 553 550.4 548 541.7 538.1 531.3 523.7 515.6 509.6 506.5 504.4 505.7 506.9 503.6 501.1 500.5 495.1 481.4 472.9 460.3 450.9 440.7 433.9 430.5 429.4 429.7 428.5 428.8 426.9 429.2 426.8 426.5 423.3 420.9 415.8 411.3 404.9 401.1 389.3 375.7 364.2 353.2 339 343.6 340.4 334.4 328 316.1 313.5 295.3 272.1 247.1 238.1 238.1 238.1 238.1 238.1 238.1 238.1 238.1 238.1 238.1 238.1 238.1 238.1
724.1 718.8 683.3 638.8 610.3 586.9 569.9 550.5 535 527.5 525.8 530.8 533.5 534 536.1 531 527.3 521 513.1 503.6 493.2 484.8 476.2 469.4 470.3 467 463 463.6 460.7 460 449.8 437.8 431.1 420.4 412.2 408.5 408.1 406.6 405.2 405.7 405.2 410.3 411.1 408.3 410.7 408.5 405.5 400.6 395.5 389.4 380 374.9 365.8 356 345.3 338.5 330.3 329.4 324.9 316.8 312.3 307.2 293.2 266.1 244.1 238.1 245.3 238.1 238.1 238.1 238.1 238.1 238.1 238.1 238.1 238.1 238.1 238.1
708.7 715.1 678.7 644.6 606.4 579.3 563.7 547.8 531 525.5 523.5 523.8 523.7 519.3 518.2 517.8 511.8 505.9 495.5 485.9 474.1 462.8 452.8 445.4 437.3 431.1 429.8 427.7 429 423.3 415.4 412 405.3 397.1 390.6 391.6 390.2 389.1 388.5 390.9 388 393.2 394.4 395.2 394.1 391.1 388.8 386.6 382.6 376.8 367.9 360.5 354.4 347.6 339.1 332.9 320.6 320.6 316 310.1 306.2 296.5 282.9 265.7 246.8 240.3 248.9 240.3 238.1 238.1 238.1 238.1 238.1 238.1 238.1 238.1 238.1 238.1
699.7 711.7 704.6 676.4 627.4 592.9 571.3 555.9 544.2 534.1 528 524.3 519.5 510.9 504.4 502.9 495.9 488.3 478.6 467.9 456.8 445.9 432.6 425.4 417.4 408.1 404.5 403.5 400.6 397.2 390.8 388.4 382.2 379.1 377.1 375.1 375.3 375.9 375.6 375.4 376.3 377.5 378 378.5 377.3 375.9 374.7 372.2 368.8 364.4 356.7 349.6 344.2 335.9 330.2 322.3 314.2 310.5 308.7 303.6 298.9 285.1 272.3 260.4 244.9 244 245.3 245.7 238.1 238.1 238.1 238.1 238.1 238.1 238.1 238.1 238.1 238.1
696.2 710.3 722.8 708.6 661.1 627.3 595.4 578.1 565.1 555.6 544.3 531.9 522.2 510 496.1 491.9 481.2 467.6 461.1 446 435.5 422.8 412.1 407.5 398.1 392.9 388.7 387.1 383.8 380 376.3 374.1 370 366.7 363.5 361.9 361.7 361.4 361.2 360.3 361.2 362.1 363.7 363.7 364.5 364.1 361.9 359.8 357.3 353.8 347.7 339.9 337 329.3 322.5 315.4 299.9 299.4 296 291.9 283.3 273 263.6 250.8 243.5 240.1 239 238.1 238.1 238.1 238.1 238.1 238.1 238.1 238.1 238.1 238.1 238.1
691.3 710.2 724.7 729.4 695.2 658.6 637 621.6 607.3 592.1 555.4 536.6 526.8 514.5 501 487.1 461.5 450.8 438.4 425.8 411.4 401.3 396.3 390.6 381.4 377.3 374.3 372.1 369.1 365.6 364.2 360.9 358.3 354.5 351.5 349.1 347.7 347.5 347.1 346.5 349 348.8 349 350.8 350.2 349.7 348.9 347.3 344.1 340.8 337.1 331.5 327.7 319.6 314.3 308.5 293.1 282.7 279 273.6 269.7 262.8 251.1 243.7 240.5 238.1 238.1 238.1 238.1 238.1 238.1 238.1 238.1 238.1 238.1 238.1 238.1 238.1
688.4 708.9 726 734.3 727.6 693.6 665.4 644.4 627 587.8 546.6 527.5 515.9 506.3 491.7 473 453.4 433.4 420.7 408.8 400.9 390 379.9 375.5 365.9 365.5 361.3 361.3 357.8 355.7 353 350.6 346.4 344 339.7 337.9 334 333.9 334.4 334.7 337 335.5 337.2 338.5 337.6 338.2 337.2 335.3 329 326.9 324.4 320.9 315.4 310.2 304.8 298.2 289.4 271.1 266.8 263.5 263.6 255.6 246.5 238.1 238.1 238.1 238.1 238.1 238.1 238.1 238.1 238.1 238.1 238.1 238.1 238.1 238.1 238.1
686.6 711.2 730.3 738 742.1 703.8 659.3 621 584.5 556.4 532.4 517.5 503.8 490.5 475.9 457.9 436.5 416.4 410.1 396.9 385.1 374.9 366.4 360.1 356.6 352.2 352.7 346.9 347.1 344.7 341.8 337.4 334.4 331.8 327.5 324.5 323.3 321.4 320.9 321 323.3 322.2 326 327.3 328.4 327.5 324.4 320.2 317.5 314.7 309.4 306.4 303.6 299.1 290.7 282 276.2 269.1 256.6 253.5 249.9 245.5 238.1 238.1 238.1 238.1 238.1 238.1 238.1 238.1 238.1 238.1 238.1 238.1 238.1 238.1 238.1 238.1
689.1 716.9 733.9 738.6 731.8 687.8 641.5 604.9 571.1 544 524.5 509.7 493.4 476.1 460.9 442.8 421.3 403.6 390 380.2 370.2 361.3 357.1 350 343.1 342.1 338.8 336.7 333.6 329.8 328 325.5 322 318 314.6 312.3 310.1 309.7 309.9 311.5 312.3 314 316.2 317.5 316.9 314.5 308.9 306 303.4 302.3 299.3 296.4 290.6 284.3 279 272.6 265 259.4 252.2 247.6 242.7 238.1 238.1 238.1 238.1 238.1 238.1 238.1 238.1 238.1 238.1 238.1 238.1 238.1 238.1 238.1 238.1 238.1
693.8 723.2 739.8 743.6 726 680.3 632.5 596.5 566.4 542.7 520.6 505.3 489.1 469.4 449 425.4 405.7 390.7 378.5 370.1 363.9 352 346.1 339.7 338.8 333.3 331.5 327 324.4 323.5 323 315.4 311.1 308.7 307 306.4 305.3 304.4 304.5 304.6 304 304.5 304.6 305.4 303.9 300.2 294.5 291.3 294.5 294.6 291.9 284.9 279.3 273.4 269.3 264.6 259.3 252.8 246 239.6 238.5 238.1 238.1 238.1 238.1 238.1 238.1 238.1 238.1 238.1 238.1 238.1 238.1 238.1 238.1 238.1 238.1 238.1
699.1 730.8 746.5 752.4 729.8 682.4 634 600.8 572.4 544.6 518.6 496.7 482.4 462.3 439.9 418.9 399.8 386.3 374.9 363.8 356.3 349.2 341.3 338.9 334.2 331.4 329.8 329.4 324.7 322.6 322.5 315.3 310.2 306.9 306.4 304.9 304.1 303.1 301.7 301.4 299.9 299.7 299.1 298.8 294.8 293.2 291.7 294.9 282.9 281.9 280 273 266.9 268 259.1 253.7 248.8 244.3 242.8 239 238.1 238.1 238.1 238.1 238.1 238.1 238.1 238.1 238.1 238.1 238.1 238.1 238.1 238.1 238.1 238.1 238.1 238.1
707.2 738 751 759.2 751.3 706 667.3 634.3 591.7 553.4 522.6 496.7 480.4 458.4 437.9 419.4 404.6 391.2 375.9 366 359.9 353.7 348.3 343.1 337.6 332.9 332.4 330.5 329.2 327.7 322.9 318.7 311.7 309.2 306.1 304.6 302.9 302 300.4 300 298.3 298.6 298.5 296.7 299 299.9 298.2 297.3 292.5 279.1 273.2 274.1 269 262.8 260.2 256.3 251.8 246.7 248.1 243.1 238.1 238.1 238.1 238.1 238.1 238.1 238.1 238.1 238.1 238.1 238.1 238.1 238.1 238.1 238.1 238.1 238.1 238.1
707.8 741.5 756.8 764.9 769.6 735.7 698.8 664.9 612.3 568.8 536.1 506.4 484.9 464.3 446 431.1 413.2 396.6 385 378.6 372.8 365.4 359.1 352.9 346.5 340.6 336.6 335.2 335 331.7 325.2 320.7 319.2 315.4 311.5 307.6 307.7 304.2 301.5 300.8 299.8 298.2 300.9 300.2 302 301 299 297.1 293.7 287.9 283.3 277.7 274.3 271.4 269.1 265.1 256.9 252.7 250.2 245.4 243.1 242 242.2 238.1 238.1 238.1 238.1 238.1 238.1 239.8 240.6 240.7 244.6 248.9 239.2 238.1 238.1 238.1
725.2 752.7 765.8 772 776.7 772.5 742.2 704.4 660.2 599.1 563.5 524.1 495.9 476.8 458.8 443.1 426.4 415 404 396.3 391 378 373.8 369 361.5 352.4 350 347.7 345.3 340.9 337.7 333.2 329.5 321.6 321.8 317.4 315.4 309.8 304.7 304 304 305.2 307.2 305.1 306.1 305.2 301.9 300.8 300.3 298.6 293 288.1 279.9 275 268 263.5 256.8 251.9 250.5 250.5 249.6 250.9 249.4 243.5 239.4 238.1 238.1 238.1 245.8 257.6 269.3 268.3 268.5 259 240.9 238.1 238.1 238.1
725.4 760.6 773.4 779.9 785.9 791.8 769.8 727.8 687.9 624.6 579 551.7 518.4 493.1 479 460.9 457.9 439.8 426.2 416.9 410.9 400.8 399.4 391.9 379.9 372.9 368.9 366.6 360.2 360.6 360.4 352.7 344.9 343.8 337 340.3 329.5 324.4 323.7 321.3 319.5 320.5 320.9 314.6 315.3 319 314.7 310.2 309.1 308.9 307.2 294.1 284.9 278.4 271.7 264.3 260.5 257.2 257.6 257 256.5 255 252.4 250.4 249.3 251.5 253 253.2 261.9 272 277 278.4 266.7 246 238.1 238.1 238.1 238.1
729.7 765.3 778.8 788 794.1 798.5 779.2 728.6 681.1 640.2 597.7 568.8 542.3 528.5 501.3 486.9 476.4 469.5 453.5 443.4 437.8 431.2 427.7 415 403.3 392.8 390.9 385.8 382.4 385.4 384.1 379 369.9 367.9 363.5 359.7 352.5 348.2 346.7 344.8 342.9 345 341.5 331.1 324.7 320.7 323.9 324.8 321.6 324.1 316.4 308.9 299.7 289.8 283.7 277.1 271.5 266.8 265 265.5 263.7 263.4 263.9 259.9 263.8 273.7 273.5 275.9 277.4 279.1 275.5 262.3 245.9 238.1 238.1 238.1 238.1 238.1
726.6 769.4 786.1 796.3 803.6 808.2 779.4 733.8 685.3 646.5 617.6 587.2 572.5 580.4 550.8 527.4 505.3 494.7 488.2 481.2 473.3 468.1 459.3 451 434.4 422.5 417.4 415 413.3 416.7 411.8 407 401.2 394.9 393.1 386.6 389.2 376.9 376.2 372.9 367.7 370 376 357.6 344.7 335.3 338.1 338.6 334.6 331.6 330.6 328.9 330.1 312.4 299.3 292.9 287.4 280.3 277.7 275.8 276.5 276.1 275.2 276.6 277.3 279.1 286.8 283.4 277.9 268.3 255.7 243.9 238.1 238.1 238.1 238.1 238.1 244
721.4 752.8 786.6 801.6 810 813.1 788.1 757.4 723.4 668.8 637.4 618.5 618.9 627.3 607.1 579.5 545.1 537.2 519 512.5 517.5 517.7 499.9 490.6 476.1 465.7 455.6 457.8 455.3 454.5 450.5 450.5 443 433.9 423.5 417.7 416.3 411 410.7 404.4 399.7 395.9 394.5 384.4 375.5 359.5 359.9 360.6 356.6 352.4 349.4 347.7 340 331.4 318.7 310.8 305 297.2 294.9 291.6 292.7 291 290.2 285 282.3 288.8 286.7 275.3 264.6 253 238.1 238.1 238.1 238.1 238.1 238.1 246.6 259.1
744.2 775.6 794.6 804.9 813.9 817.1 810.7 774.4 735.1 705.6 688.6 661.4 656.6 663.3 650.3 612.9 587.5 574.8 565.9 551.7 553.1 560.1 550.7 544.9 532.6 512.7 509.9 512.3 519.4 504.3 508.7 501.5 491.6 480.2 465.5 464 467.2 453.7 446.4 443.2 441.3 441.3 431.2 419.3 421.2 402.5 393.6 393.2 392.3 388.8 380 378.4 364.3 355.8 343 334.7 331.5 318.8 319.4 308.8 308.5 307.9 304.6 310.5 302.6 290.4 277 262.2 246.8 238.1 238.1 238.1 238.1 238.1 238.1 243.4 259.3 275.6
758.4 783.4 800 809.3 817.7 819.7 818.1 801.5 765.3 749.1 735.3 697.1 686.1 692.4 677.1 656.3 630 620.5 611.8 601.2 597 587.4 590.6 587.2 584.3 574.5 554.3 566.8 581.9 559.2 557.9 554.4 552 548.3 535.8 542.7 537.4 515.4 491.7 488.6 495.4 493.2 472.7 470.2 466.9 441.2 430.4 443.5 434.8 430.6 420.3 431.8 402.4 381 371.9 365.3 369.2 348 344.5 333.4 332.9 333.8 321.2 314.5 291.4 277.6 261.7 241.7 238.1 238.1 238.1 238.1 238.1 238.1 238.1 252.3 271.9 294
772 794 806.4 815.8 820.3 822.8 821 817.5 797.4 784 759.9 733.1 717.4 706.3 691.3 678.5 659.3 641.3 623.7 618.1 605.5 597.2 594.6 599.2 607.2 614.7 610.7 614.4 618.4 610.7 608.2 600.3 598 596.6 582.9 588.1 580.7 574.4 541.2 543.7 541.5 534.6 526.4 521.4 514.4 487 470.6 489.6 484.3 482.9 467.7 466.3 456 418.4 415.3 407.1 408.8 390.4 382.2 376.6 363.7 334.8 309.6 290.9 274.4 258.2 242.7 238.1 238.1 238.1 238.1 238.1 238.1 238.1 250.4 270 289.9 307.6
