GeneralExemplars/GeoExemplars/data/LakeDistrict/terrain-50-dtm_3563996/ny/NY42.asc
ncols 200
nrows 200
xllcorner 340000
yllcorner 520000
cellsize 50
[rows 0 to 34 of 200, columns 0 to 77 of 200]
326.6 325.2 325.1 323.2 323 322.9 321.8 320.4 318.5 316.4 314.3 313.8 312.8 312.4 311.8 310.9 309.2 305.1 299.8 296.7 295.6 292.4 288.3 285.1 285.3 284.1 285.3 284.7 280.3 276 272.3 270.2 269.9 270 270.9 271.7 271.9 272 270.2 268 266.5 265.6 264 262.4 258.4 255.3 252.5 251.2 251.6 252.5 253.8 254.5 252.2 251.4 250.3 249.2 248.2 247.8 247.1 247.9 247.2 243.8 242.1 238.7 232.2 229.9 232.6 232 230.8 228 223.6 219.1 215.7 214.1 212.9 211.5 209.4 207
327 324.4 323.3 322.9 323 323.9 322.8 319.6 318.4 316.4 314.9 313.3 311.7 310.1 311.9 311.2 308.4 305.4 302.7 298.9 293.2 288.4 285.6 283.7 280.8 278.3 280.6 281.7 277.7 273 270.9 269 269.2 269.7 270.5 271.3 271.7 272.1 270.8 268.5 266.9 265.7 263.3 263.3 260.3 256 253.4 253.3 253.2 253.7 255.1 256.2 254.6 252.8 252 250.9 251 249.5 248.4 248.1 248.3 245.6 241 235 235.6 236 235 233.8 232.2 228.1 223 218.7 216 214.6 213.2 211 209.1 206.6
326.1 323.3 323.2 323.2 322.8 324.4 323.8 320.7 319 317.1 315.8 314.9 312.7 312.9 313.8 312.6 310.4 307.4 303.8 300.2 294.9 289.8 286.8 285.1 280.5 277.5 275.3 276.1 273.3 271.3 269.4 268.7 268.8 269.1 270 270.9 271.5 272.2 270.7 270.2 268.5 267.4 264.3 265.1 261.5 257.4 254.7 253.5 254.5 255.1 256.6 257.8 257.3 256.4 254.5 253.2 252.8 251.5 250.4 250.1 249.3 246.2 239.1 240.4 242.3 239.9 237.6 235.7 233.6 228.7 223 219.4 217 215.1 212.8 210 207.3 205.4
325.5 322.8 322.9 323.1 322.3 325.2 325.1 322 319.1 317.4 316.9 317.1 313.6 314.1 315 313.8 312.3 309.1 304.6 300.7 296.4 292.9 289.9 286.6 282 278.6 276.3 273.9 272.8 270.7 268.9 268.6 268.4 268.2 269.1 270.1 271.7 272.6 270.6 270.3 271.3 267.5 265.3 265.9 262.4 259.4 256.6 255.1 255.5 256.6 257.9 258.5 259.2 258.3 257.1 255.6 254.7 253.9 252.4 251.9 251.3 246.1 242.9 245.7 246.4 242.1 239.5 237.7 234.9 230.4 225.4 219.8 217.3 215.8 213.2 211 208.7 205.9
325.3 323.4 322.5 323.2 320.8 327.6 326.7 322.9 320.2 318.8 319.4 319.2 316.2 313.9 315.9 314.6 312.3 309.9 305 301.1 297.1 294.3 291.3 287.7 282.5 279.4 277.3 275 273.1 270.2 268.1 267.9 267.7 267.5 268.1 269 271.6 273.6 270.8 272.5 271.4 268.5 267.5 269 264.5 261.7 259.1 257.6 257.7 258 258.8 260 261.3 259.6 258.1 257.2 255.2 255 254.9 253.9 252.1 247 248.9 250.3 249.5 244.9 241.7 239.5 237 232.7 226.7 219.6 217.6 215.5 212.4 210.9 208.9 206.6
324 320.7 321.2 320.4 317.2 321.8 328 325.4 321.7 319.6 321.4 320.4 317.7 314.5 315.2 314.5 312.4 308.4 306.7 301.8 298.1 295.3 292.4 288.3 283 280.2 278.2 275 272.6 269.3 267.4 267.2 267 266.9 267.4 268.3 271.8 274.2 273.6 274.1 272.7 271 270.1 269.9 267 264.5 262 260.6 259.5 260.1 261.4 262.9 263.6 262.8 260.6 258.2 256.1 256 256 255.5 250.9 251.9 254.7 255.2 252 247.5 244 241.8 238.2 233.9 227.5 220.4 218.5 214.9 211.8 210.2 208.5 207.2
322.2 319 316.8 313.6 312.6 316.8 319.2 320.9 320.8 320.7 322.2 321.7 318.7 315 313.6 311.7 310 307.1 303.6 301.5 298.7 295.3 291.9 286.8 282.9 281.5 278.2 274.6 272.3 268 266.8 266.5 266.4 266.4 267.1 268.7 272.3 274.5 274.4 275.6 274.4 272.5 271.3 270.5 269.4 267.4 265.4 263.4 261.4 262.2 264.4 265.9 265.9 265.2 264.1 261.7 259.2 257.3 257 255.8 253.3 257.6 260 257.9 254.3 249.6 246.4 243.7 239.5 234.7 227.8 220.6 217.3 213.5 211.3 210.4 208.6 207
319.5 316.6 314.9 311.7 309.4 311 312.4 316.2 317.3 318.1 319.2 321.4 319.3 315.3 312.1 308.8 305.2 303.8 300.8 298.5 296.5 294.5 291.1 285.5 282.9 281.4 278.2 276.2 271.9 266.7 266.2 266.2 266.3 266.7 267.6 268.6 271.7 274.5 275.2 277.4 275 273.1 272.6 271.6 270.8 269.1 267.2 265.1 262.8 264.5 266.9 268.9 268.7 268.5 267 264.9 262.7 260.3 258.7 257.8 256.9 261.1 263.1 260.6 256.9 252.3 249.1 245.1 240.7 235.3 227.7 220.3 216.2 214.1 212.2 211.5 209.6 207.5
316.2 313.3 311.4 309.6 307.7 305.4 307.1 311.5 313.4 314.3 315 316.3 318 316.2 312.3 309.5 305.3 301.1 298.7 295.8 293.8 291.6 289.1 284.2 280.5 279.7 277.4 275.1 269.2 266.1 265.9 266.4 266.7 267.2 268.2 269.1 270.4 273.4 275.4 277.8 275.7 273.3 272.9 272.7 271.9 270.9 269 267.1 265.3 266.3 269 271.6 272.4 271.4 270 267.9 266.2 263.8 261.2 257.1 260.4 265 265.6 263.7 259.5 255.2 252.2 247.9 243.2 236.4 228.3 221.1 216 214.4 213.5 212.2 210.6 208.2
311.5 308.8 304.5 303.7 304.4 303 302.8 307 308.8 309.1 310.4 311.1 312.4 313.8 313 308 303.6 300.4 297.1 293.4 290.5 288.1 285.1 281.3 277.1 276.4 275.4 272.7 267.3 265.6 265.9 266 266 267.4 268.7 269.6 270.4 271.8 275.4 277.8 275.9 273.6 273 272.6 273.7 273.6 272.5 269.7 269 268.7 271.8 273.9 275.1 273.4 272.8 271 269.5 266.2 261.7 259.9 264.5 266.9 268.2 266.6 262.7 258.3 254 249.6 243.8 236.8 228.1 221.8 215.9 214.6 212.2 211.2 210.7 208.9
307.7 304.6 300 298.4 299.9 299.6 299.5 303.1 304.9 305.2 304.9 305.7 306.6 308.3 309.3 306.9 301.9 297.5 293.9 290.8 287.7 283.8 280.9 277.9 274.4 272.1 271.4 268.5 265.7 265.2 265.2 265.3 265.4 266.7 268.8 269.5 270.4 270.2 274.8 278.5 276.4 274.7 275 275.4 275.8 276 275.3 272.2 272 271.7 274.2 275.9 277.2 276.4 275.9 275 272 268.2 262.8 265.2 267.2 269 270.1 268.8 264.6 259.3 255.1 250.4 245.1 236.4 227.8 222.2 217.5 216.9 214 211.5 211.1 209
301.2 296.5 293.2 294 297.4 299.4 295.7 297.6 300.2 300.4 301.2 300.1 301.6 302.4 301.9 303.4 296.9 295.4 290.6 287.7 285.4 282.3 278.8 275.6 272.8 270.1 268.3 266.7 265.3 264.9 264.5 264.6 264.8 265.8 268 269.5 270.4 271.8 276.5 279.3 277.5 275.8 275.4 275.7 276.9 277.3 277.2 275.1 274.1 275 276.6 278 278.3 278.3 278.1 276.9 273.3 269.3 265.2 266.8 268.6 270.2 271.3 269.3 264.6 259.6 254.9 250.8 245.5 236.2 226.9 222.3 220 218.3 214.6 212.6 211.1 209.1
297 294.3 292 292.2 296.6 299.7 295.5 293 294.4 296.1 297.4 294.6 296.1 296 295.1 294.4 293 288.8 287.3 284.9 283 280.6 278.3 276.2 273.5 270.1 268.2 266.4 265.6 265.3 265 264.7 265 266 267.2 268.7 270.3 270.6 274.6 278.5 276.9 276.7 276.2 276.3 277.5 278.5 277.8 276.5 276.2 276.4 277.8 279.2 279.9 279.8 280.1 278.3 273.8 267.8 266.6 268.4 269.6 270.8 270.9 268.1 263.5 259.1 254.8 250.8 245 234.7 228.3 222.5 222 218.5 214.4 213.4 211.3 209.2
293.8 292.4 291.3 291.7 296 299.6 296.5 292.8 290.6 292.2 293.8 290.7 289.1 290.3 289 288.1 288.5 286.1 283.7 283.1 281 280.2 278.5 276.1 273 269.7 267.7 266.2 265.8 265.4 265 264.8 265.7 266.1 266.9 268.1 270.2 270.4 274.4 277.1 276.2 276.3 275.8 276.2 277.6 279.1 278.3 277.4 277.3 276.9 277.6 278.2 279.9 280.9 281.1 277.5 270.2 267.5 268.4 269 269.6 270.4 269.6 266.2 261.7 257.3 252.8 249.6 245.2 235.1 228.6 224.3 223.8 218.1 215.4 212.8 210.4 209.7
290.3 290.6 290.2 291.5 295.1 298.7 296.5 293.7 290.1 289.3 290.4 288.7 284.9 284.8 285.8 285.8 286.7 284.2 281.7 280.5 279.4 279.8 277.9 274.7 271.3 268.6 266.8 266 265.6 265.2 265 264.7 266.1 266.5 266.1 268.3 269.8 271.2 275.9 276.2 275.8 275.6 275.7 276.4 277.5 279 279.2 279.7 279.1 278.7 277.8 277.5 279 280.2 278.9 273.3 270.3 270.8 268.7 268.7 268.8 269.6 268 263.8 259.7 254.4 249.4 245.6 238.6 233.4 227.9 225.5 223.3 217.6 215.7 212 212.1 210
289 289 289.8 291.4 294.1 297.5 296 293.2 289.8 287.4 286.8 285.5 283.9 283.4 283.9 285.2 284.7 282.1 280.5 279.3 278 276.1 272.3 270.7 268.9 268 266.7 265.9 265.5 265.2 264.9 264.7 266 266.1 265.5 268.3 268.6 272.3 276 276.2 276 276.2 276.3 277.3 278.1 279.8 281.5 281.5 281 280 278 277.8 278.7 278.9 277.2 272 273.9 272.6 270.1 269 269.1 267.9 265.6 261.5 256.8 252.4 250.3 246.2 237.4 231.7 228.2 225.4 220.5 217.5 214.8 212.8 212.8 210.8
288.8 289.3 289.8 290.8 293.2 296.5 295.6 293.3 290.4 286.5 285.9 284.9 283.4 283 283.2 283.6 282.8 281 279.2 277.1 276.4 277.8 277.6 275.3 271.9 269.9 267.9 266.3 265.2 265 264.8 264.6 265.5 266.1 266.4 268.7 269.2 271.5 274.3 276.5 278.3 276.9 277.4 278.3 279.5 281.4 283.5 283.9 282.8 281.3 279.5 280.2 280.5 278.4 274.4 273.9 275.3 274 271.6 270.2 268.5 264.8 262.3 258.9 254.5 251.4 248.5 242.7 235.9 231.2 227.4 225.2 220.9 216.8 214.1 213.7 212.3 213.4
288.5 288.6 289.1 289.3 292.6 296 296.3 293.7 289.5 284.8 284.5 283.8 282.8 282.5 282.3 282.7 281.3 279.7 278 277.9 279 279.6 278.7 276.2 272.9 271.6 268.7 265.8 264.6 264.4 264.4 264.6 265.9 265.8 267.2 269.2 270 271.2 273.3 275.9 277.7 279.4 276.5 277.9 280.7 283 286 286.4 284.8 283.4 283.3 283.4 282 280.1 274.5 279.3 277 274.4 272.4 271 267.2 263.1 259.9 256.6 252.9 249.6 246.3 242 237.1 230.3 228.9 227.1 220.8 215.1 213.8 213.3 212.9 218.4
288.1 288.1 288.3 289 292.1 295.4 296.6 293.5 288.3 284.6 283.3 282.6 282.1 281.5 281.3 281.3 279.7 279 278.1 278.6 279.3 280 278.8 276.6 274 273.5 271 265.5 264.3 264.1 264.2 264.4 264.3 265.9 269.5 269.3 270.1 272 274 276.4 277.4 277.3 277.4 278.6 282.1 284.5 287.5 288.4 287.6 285.7 285.7 286.3 285 280.6 281.6 280.5 278.1 274.8 273 270.7 266.2 262.2 259.2 255.2 250.5 247.1 244.8 240.6 234.6 232.3 226.3 219.9 217.7 216.2 214.6 214.2 214.6 219.3
287.7 287.8 288.2 288.8 291.5 295 296.4 293.6 286.2 283.8 282.7 282.2 282 281.3 280.6 280 279.7 278.9 279.3 280 280.6 281.3 279.1 276.7 274.8 274.2 272.1 265.4 264.5 264.2 264 264.1 264.2 268.2 270.9 270.3 270.9 272.8 274.8 277 277.2 277.1 278.3 279.7 283.8 285.9 287.8 290.9 290.6 288.7 286.4 287.7 283.6 286.3 285.3 282.7 279.3 275.6 272.6 269.3 264.9 260.6 256.6 250.8 249.2 246.3 242 238 235 229.8 222.9 225.9 225.6 223.4 220.5 216.3 218.3 220.8
287.4 287.6 288.2 288.7 291.3 294.7 295.9 293.6 287.7 283.1 282.2 282 281.8 281.2 280.8 280.6 280.6 279.4 280.2 281.2 281.8 281.8 279.6 276.5 273.8 273.6 270.1 266 264.8 264.2 263.9 264 265.4 270.2 271.5 271.3 271.8 273.7 275.9 277.7 277.3 277.3 278.8 281 283.8 286.7 287 286.7 288.7 284.2 286.5 286.6 288.3 288.3 286.2 283.4 279.2 275 271 267.8 263 258.8 253.4 251.2 248.5 243.4 239.4 237.8 234.1 227.6 224.1 228.6 227.3 225.4 223.1 218.6 221.2 222.8
287.9 287.5 288.1 288.7 291.6 294.7 294.9 292 287.5 284 282.3 282 281.8 281.7 281.6 281.4 281.2 280.2 280.8 282.3 282.6 281.6 280 276.9 273.7 271 269.5 266.2 264.4 264 263.9 263.9 266.5 270.6 271.2 270.7 272.5 275.3 278.1 278.7 278.2 277.6 278.7 280.9 283.8 286.2 286.6 285.7 285.3 286.1 289.7 289.9 287.7 286.4 283.1 281.6 278.1 274.3 269.1 263.7 259.2 254.3 252.9 250.2 247.8 244 240.1 237.5 230.7 226 227.2 229.7 228.2 226 223.6 220.6 223.6 223.7
288.4 287.4 288.1 289 291.7 294.1 293.6 289.7 286.2 284.2 282.6 282.4 282.4 282.3 282.2 282.3 281.6 280.5 281.1 282.5 282.7 281.4 280.3 277.3 274.8 272.3 270.3 267.1 265.2 263.9 263.9 264 266.7 270.8 270.5 271.2 273.4 276.2 277.9 279.2 278.5 277.7 278 281 284.1 285 285.7 285.5 285.5 286.7 291.2 289.2 286 283.8 281.6 279.9 275.8 269.8 267.6 262.9 258.6 257.2 254 249.9 247.4 245.6 240.3 234.3 228.7 229.8 231.9 230.6 228.3 225.6 223 223.4 224 224
288.7 287.2 287.8 289.3 291.7 293.1 292.9 289.9 286.9 284.1 283.3 283.3 283.3 283.7 283.9 283.1 281.9 281 281.1 282 282.5 281.3 280 277.8 275.6 273.3 271.9 269.2 265.9 263.8 263.9 264.4 266.9 270.4 270 271.8 274.2 275.8 277.5 279.1 278.3 278.1 277.9 279.2 281.6 283 284.3 284.8 283.8 287.9 289.4 286.7 283.4 284.3 279.5 275.4 271.8 271.8 269.4 264.3 259.9 258.8 253 248.2 247.7 245.8 239.1 231.5 235.3 235.8 233.6 230.5 227.4 225.3 223.7 224 224.6 224.6
288.8 287.7 287.6 289.7 291.8 292.6 292.7 290.4 287.4 285 284.3 284.4 284.6 285.4 285.1 284.4 283.3 282 281.9 282.1 281.9 281 279.4 277.7 275.9 274.6 273.6 270.7 266.2 264 263.7 264.6 268.2 268.5 271.4 272.7 274.3 276.2 278 278.4 278.2 278.4 277.9 278.3 279.2 281.1 281.3 281.7 284.2 285.1 286.8 286.1 287.9 286.9 284.7 280.2 275.4 273 268.7 263.9 261.8 258.5 251.9 249 246.2 241.4 234.9 234.6 239.4 236.9 234 230.8 227.9 226.2 225.3 224.8 225.5 225.7
288.9 288.1 288 290.1 291.5 292.2 292.5 290.1 287.8 285.8 286.2 285.3 286.3 286.5 286.4 286.1 284.5 282.8 283.2 283.2 281.6 280.5 279.7 278.8 277.8 276.8 275.4 271.8 266.8 264.7 263.6 265.1 268.3 270 271.1 273.3 275.8 276.9 277.6 278.1 278.2 277.9 277.5 277.8 278.8 279.6 281.8 284.3 284.5 284.5 286.2 288.2 287.8 286.9 285.2 279.5 277.2 273.8 268.8 265.8 262.3 258 250.9 250.3 245.1 237.1 234.7 239.4 240.1 236.7 234.1 230.9 228.8 226.7 226 225.8 226.7 227.2
289.3 287.6 288.1 290.4 291.9 292.1 292.2 290.2 288.3 289.3 288.7 286.9 288.1 288.7 288.6 287.4 285.3 283.8 284.5 284.5 282.9 281.7 280.9 280.2 279.7 279 277 273.2 267.6 265 264.2 266.3 269.4 271.3 271.7 274.3 276.2 276.8 277.3 276.7 276.5 276.5 277 275.2 279.7 280.8 281 284.1 284.2 283.6 285.3 286.7 286.8 285.8 283.3 278.5 277.3 273.2 269 266.2 262.9 256.7 252.8 249 243.7 235.8 237.9 243.1 240 235.7 233.1 232.5 230.9 228.2 227.5 227.4 228.4 228
287.7 287.3 288.7 290.6 292.1 292.4 292.1 290.8 290.5 292.1 291.8 288.5 289.8 290.9 290.6 288.8 286.5 285.1 286 285.5 284.7 283.7 282.6 281.9 281.5 279.7 277.9 273.2 268.7 265 262.7 268.8 270.5 272.2 271.7 273.6 276.9 277.5 277.4 275.5 276 276.8 276.2 273.2 276.2 278.7 282.5 283.8 283.1 283.5 285.4 286.9 285.5 284.6 281.2 279.8 278.3 273.4 269.3 265.8 262 257.5 252.6 248.8 244.9 236.2 241.2 244.1 240.7 237.1 234.6 235.1 232.7 230 229.2 229.3 230.2 230.6
286.1 287.1 288.7 290.1 291.5 292.3 291.9 291.1 292.9 293.9 293.4 291.5 292.1 293 292.5 290.3 288.2 287 289.5 287.1 286.6 285.9 284.7 283.7 283 281.2 278 273.9 269.2 264.5 262 269.1 271.4 273.3 272.5 274.1 275.8 276.7 275 275.4 273.8 272.7 269.7 270.7 273.7 279.3 281.3 283 282.1 283.4 285.5 286.6 287 284.6 280.9 280 276.1 271.2 268.3 263.6 259.9 256.6 252.8 251 245.1 237.2 242.3 245.4 241.6 238.7 236.8 237.3 234 231.7 230.9 231.1 232 232
286 288 289.3 289.8 291.1 291.4 290.4 291.1 294.5 295.9 293.3 291.4 293.7 295.5 294.2 291.3 289.9 288.3 288.8 289.1 288.1 287.8 287 286.3 284.8 281.3 277.3 274.2 269.8 265.8 262.3 268.2 271.9 271.9 271.1 271.2 273.5 276.7 273.4 273.8 273.3 270 264.9 268.9 270.5 276.5 279.3 280.7 281.6 283.2 284.8 285.3 286.3 283.3 279.6 279.1 273 269.6 266.8 262.3 257.9 255.5 254.6 253.7 244.2 238.2 243.4 245.4 242.4 240.4 238.9 238.8 235.5 232.7 231.7 232.9 232.7 232.4
286.4 288.8 289.9 289.9 289.4 289.1 288.1 292.6 296 296.9 293.6 293.5 295.7 297.4 296.3 294.2 290.8 290 290.4 290.9 290.1 289.4 288.7 287.8 285.6 281.5 277.6 274.3 270.6 267.7 268.2 260.8 266.7 271.2 269.4 269.8 271.9 272.4 272.7 272.1 271.7 266.5 263.1 264 271 274.8 275.7 277.5 281.7 283.6 284.1 284.5 283.7 280.8 279.7 278 271.8 268.3 265.6 261.6 258.7 256.2 255.4 249 241.2 241.2 247.4 245.7 242.8 241.2 241 240 237.3 234.4 233 234.2 233.7 233.3
288.2 290.7 290.3 287.8 287.3 286.7 289.1 292.4 295.5 296.8 293.5 294.4 298.1 299.8 298 296 292.4 291.8 292.6 292.7 291.9 291.2 290.1 288.6 285.2 282.2 278.3 274.4 272 268.2 270.2 269.5 259.9 265.2 266.7 268.7 269.2 268.7 271.1 270.2 268.5 265 262.2 261.6 265.9 269 271.1 273.2 281 283.2 283.9 282.3 281.1 278.9 279 274.8 270.5 267.1 264.7 261.1 257.8 256.2 251 243.9 243.9 249.2 249.1 246.4 243.4 241.9 242.4 241.1 239 236 236.2 235.7 234.8 234.2
290.2 292.2 290.7 288.1 285.2 283.2 288.4 291.5 294.3 294.9 293.3 295.9 300.1 302.3 301.1 298.5 294.4 294.1 294.8 294.6 294.1 292.3 290.1 287.7 283.9 280.7 278.1 275.5 272.5 271.4 271.5 269.4 264.8 259.7 260.2 264.8 268.6 268.9 269 269 268.6 264.8 261.7 260.5 260.4 262.5 263.7 268.6 276.2 279.3 280.6 281.1 277.8 277.9 276.7 271.1 268.2 265.1 262.9 259.3 255.8 250.6 245.7 245.3 251 251.9 250.4 247.3 244.8 243.4 243.3 242.2 241.5 238.2 239 237.6 235.2 234.8
291.4 293.5 291.5 288.2 283.6 281.1 286.3 290.1 291.6 292.4 292.8 297.3 302.3 304.5 303.5 301.1 298 295.2 296.5 297 295.3 292.9 290.4 286.5 282.8 279.6 277.1 274.8 274.9 274.9 272.6 269.5 266 262.8 259.4 259.6 265.9 269.5 269.9 268.5 267 264.6 261.9 260.9 260.6 260.7 260.4 264.3 268.4 272.7 274.4 273.9 274 273.7 272 269.3 264 261.6 259.4 256.4 250.8 245.4 245.6 252.5 253.5 253.3 252 249.7 246.8 246.1 245.5 245.4 244 240.4 240.5 238.3 236.6 235.2
292.5 294.3 291.6 287.9 283.7 278.7 282.8 288.1 289.4 289.2 292.4 296.6 303.5 306 305.8 302.9 299.5 298 298.3 298.4 296.8 294.2 290.1 285.8 282.7 281.6 278.2 276.5 277.3 277.1 274.4 270.7 267.2 263.3 259.1 259.5 265.4 269.9 270.1 268.5 266.6 265.3 262.3 261 260 259.8 260.6 263.1 265.6 267.7 270.1 270.8 270.6 270.3 267.2 263.5 259.8 257.7 255.6 251.4 245.5 245.6 252.1 255.5 256.1 257.2 255.9 252.5 248.8 249.9 249.5 249 245.4 243 241 238.7 236.6 235.6
