GeneralExemplars/GeoExemplars/data/LakeDistrict/terrain-50-dtm_3563996/ny/NY42.asc
ncols 200
nrows 200
xllcorner 340000
yllcorner 520000
cellsize 50
[rows 35 to 69 of 200, columns 78 to 155 of 200]
235.6 238.3 239.1 239.1 239.8 242.7 247.2 250 251.3 252.5 252.8 249.7 246.7 249.2 250.7 249.1 248.6 248.3 247.6 245.1 241.7 239.1 236.7 234.1 234.8 238.3 241.7 242.9 244.2 245.8 244.5 246 249.4 249.7 251.7 254.8 253.8 254.8 256.4 257.9 258.6 257.6 256.2 254.8 253.4 253.2 252.5 253.9 255.2 256.5 257.8 256.7 257 257.5 257.6 257.4 257 256.3 252.9 250.2 249.2 248.9 247.1 246.2 243.6 240.7 238.4 235.4 232.2 230.9 227.9 217.6 224.5 222.7 220.2 218.6 217.6 216.7
235.9 238.8 239.2 239.2 240.8 242.8 246.3 249.2 252.1 254.2 254.3 252.4 250.1 251.5 253.1 252.4 252.2 251.7 250.6 247.6 244.1 242.7 240.1 237.6 237.1 240.5 243.8 245.7 246.8 248.8 247.4 247.2 250.8 252.2 253.6 256.2 254.9 254.8 255.7 257.7 258.8 258.2 256.1 254.5 253 252.9 250.2 251.8 252.4 254.8 255.9 254.8 256 256 256.3 256.2 256.4 256.8 254.9 252.5 250.9 249.7 246.7 246.5 243.5 240.9 239.6 237.2 234 232.3 229 217.5 224.2 222.8 220.8 219.1 217.3 216.2
236.6 238.5 239 239.4 241.2 243.3 246.1 249.5 252.8 255.3 256.1 255 252.9 253 254.1 254 254.5 254.4 253.1 250.3 247.2 247.5 244.6 240.4 240.1 242.9 246.2 247.8 248.2 251 250.4 249 251.7 254.3 256.2 257.7 255.4 254.8 253.9 256.1 258.2 257.7 256.2 254.3 251.8 251.6 250.6 251.9 252.5 253.2 253.9 254.6 255 256.4 256.6 256.2 255.9 257.7 255 253.7 253.4 251.2 248.9 245.7 242.6 240.8 241.9 232.5 229.8 227.9 225 217 224.1 222.4 220.7 218.8 216.6 212.2
237.2 238.2 239.5 240.1 240.5 243.7 246.8 250 253.3 255.6 257.1 255.1 253.2 253.6 255.9 255.3 255.7 254.8 255.2 253.3 251 251.4 249 243 243.4 246 249.3 249.8 251.7 253.6 254.8 251 253.1 256.4 258.6 259.7 257.6 256.8 254.6 255.5 256.9 255.1 253.9 253.9 252.7 250.5 248.8 248.3 249.2 251.1 252.1 252.7 251.5 253.6 255.1 255.7 255.2 255.3 256.1 255.8 256.1 254.2 251.4 248.4 245.4 242.3 240.8 234.6 228.7 226.5 223.6 222 225 222.7 220.6 218.8 216.9 213
237.8 238.6 239.7 241.1 242.3 245 247.9 250.9 253.8 255.8 256.9 255.2 254.1 254 255.5 256.8 258.2 259.3 258.3 256.9 255 254.6 251.5 247.8 247.1 249.4 250.4 252.1 254.4 257 257.5 254.1 255.9 259 260.9 262.4 261 260.3 259.3 257.4 257.2 256.5 255.9 255.2 253.6 250.4 247.8 247.6 248.5 249.7 250.8 251.3 250.8 252 252 256.6 255.9 255.8 254.7 255.1 258.6 257.2 253.8 250.8 248.2 244.7 241.9 239.3 233.2 233 230.6 227.7 225.6 223.9 223 219.9 217.7 215.8
238.9 239.9 240.5 241.9 243.9 246.2 249.2 252.1 254.8 256.7 257.3 255.6 255.2 255.4 257.2 258.5 260.4 262.2 261.5 259 257.8 257.7 254.4 250.1 250.8 253.1 252.8 254.4 256.4 259.5 260.7 258.8 259.6 262.7 262.1 264.8 266.5 264.3 262.5 259.7 259.4 259.2 258.1 256.2 254.6 253.4 250.3 247.2 247.8 248.6 249.7 250.8 250.2 250 251.3 252.6 254.9 257.6 256.7 256.9 255.8 259 257.7 254.5 251.5 247.9 245.6 242.4 239.7 236.8 234.3 231.6 229.4 227 225.9 222.3 219.1 216.4
240.1 241.2 241.3 242.7 244.3 247 250.3 253.4 255.7 256.4 257.2 256.8 256.5 257.7 259.1 260.8 263.3 264.9 264.7 262.3 260.8 260.5 257.3 255.4 254.2 257.7 257.2 257 258.2 262 263.8 263.5 263.7 264.8 266.8 269.3 269.8 268.1 266.6 263.2 262.7 262.5 261.6 258.8 256 254.7 252.6 249.5 248.1 248.9 249.4 250.4 247.9 248 248.6 251.5 253.3 253.2 260.4 258.6 258.3 258 253.3 251.1 248.8 247.4 249.3 245.9 239.6 236.9 236.7 235.5 232.1 227.2 222.9 220 216.5 213.8
241.8 242.5 242.2 243.3 245.2 247.6 250.3 253.8 256.5 257.5 258.9 258.7 258.9 260 261.5 263.6 265.8 267.8 268.2 266 263.9 263.5 263.4 262.6 260.2 261.9 262.6 261.3 266.4 265.4 267 267 266.2 266.2 267.8 272.7 273 271.5 271 268.4 266.6 265.6 264.3 261.9 258.5 256.3 254.6 252.3 250.5 250.7 250.9 251.8 250.9 248 246.5 248.5 251.2 252.7 253.8 256.5 258.8 258.1 257.4 257.5 254.4 251.3 246.5 242.5 240 236.5 233.7 231.5 229.7 227.6 225.3 222 219.1 216.3
244.6 244.7 243.8 245.2 247.4 249.4 251.6 255.3 257.5 259.1 260.2 260.3 261 262.4 264 266.4 268.7 269.9 271.4 272 270.3 270 270.5 270.4 267.9 270.1 270.1 267 263.1 265 267.9 269.2 269.5 268.7 268.2 271.4 276.5 275.7 275.3 273.3 270.7 268.7 266.9 264 261.1 258.9 257 255.2 253.5 251.5 251.1 252.5 252.6 250.1 248.2 247 248.6 248.5 252 254.5 253.1 258.5 259.2 258.1 254.7 252.6 251.3 248.1 244.6 240.6 237.5 234.6 233.7 231.3 228.3 224.1 221.8 220
247.1 247.4 246.9 248.2 249.2 250.7 254.4 256.5 259.2 260.1 261.3 262 263 264.9 267.1 270.1 272.4 275.2 277.9 277.5 277.2 276.9 276.8 275.1 276.3 274.6 273.9 271.1 267.3 266.1 268.3 271.2 271.9 272.5 271.6 270.3 275.2 278.9 278.7 277.4 275.5 273.2 270.9 268.9 264.4 262.1 260.9 259.2 256.3 253.3 251.9 253.1 253.4 251.4 249.9 246.5 246 248.3 245.5 250.7 253.6 250.7 253.6 259.6 256.1 255.7 252.6 249.5 245.5 243.4 236.8 233.3 233 231.8 229.5 227.3 223 220
252.9 254.2 251.9 253 252.3 254.6 256.9 260.5 261.6 262.4 263.6 264.6 266.3 268 270 272.8 276.5 279.8 279.5 277.8 281 283.1 283.4 283.9 282.8 280.9 279.4 275.8 272.6 269.8 270.6 271.1 273.9 274.8 275.5 274.8 274.8 279.6 282.8 281.4 279.4 277.3 275.2 274 267.7 266.4 263.4 260.5 258.5 256.7 255.1 254.6 254.4 252.5 250.9 248.7 246.2 247.3 245.5 246.1 247.5 251.4 251.5 251.9 250.7 260 257.6 255 249.5 245.8 240.5 237.5 234 234.6 232.7 228.6 224.6 222.4
253.7 252.3 252.4 253.9 254.6 257.5 260.5 263.7 265.1 266.4 267.8 267.9 269.5 271.7 275.6 276.8 280.4 284.4 287.5 288.7 288.9 288.8 290.9 290.8 288.9 287 285 281.6 277.8 273.5 274 274.1 276.8 276.6 276.9 278.1 276.9 278.2 290.1 287.2 284.4 283 280.3 275.9 266.2 264.1 261.4 262.6 261.1 259.8 258.1 257.1 257.2 254.8 252.7 250.2 247.3 244.9 245.3 241.7 240.2 238.8 242.7 250.3 253.3 251.7 248.6 251.5 247.5 242.7 246.1 239.8 234.6 231.6 230.1 224.6 223.1 223.5
257 255.6 255.3 256.3 256.9 259.7 262.6 265.7 267.3 269 270.6 271.9 272.6 274.5 276.1 278.6 281 284.6 293.5 295.1 294.4 293.6 294.2 297.7 295.2 292.7 290 287.1 282.7 277.1 275.9 275.7 275.5 277.5 278.4 278.2 278.3 278.1 280.9 284.7 285.3 281.5 276.3 268.2 265.4 263.4 260.6 259.4 261.7 261.4 261.4 260.2 259.6 257.6 253.8 249.7 245.2 239.8 243.4 239.3 234.8 232.6 230.5 233.2 247.2 250.7 250.2 246.7 243.8 239.9 236.7 234.8 233 230.9 229.1 226.5 223 220.6
259.5 258.2 258.1 259.3 259.6 262.5 264.8 267.5 269.9 271.8 273.3 273.4 274.4 277.2 279.7 282 283.9 288.2 290 295 299.2 296.7 295.1 294.6 299.9 293.9 292.2 290.8 287.2 281.5 277.9 276.2 273.8 274 275.4 276.9 279.4 278.3 277.2 277 275.4 273 270.4 267.7 266.8 265.3 262.2 259.5 260.4 257.8 260 262.2 260.9 258 249.3 243.1 237.8 236 240.2 236.6 229.5 226.4 224.8 223.3 225 233.9 238.9 240.8 243.9 244 240.7 239 235.5 234.1 233 230.8 227.3 224.1
262.3 259.5 260 261.8 262.2 262.8 264.9 265.1 266.6 271.8 272.7 273.5 274.7 278.3 280.4 283.3 285.2 288.5 289.3 290.8 293.8 293.6 295.4 296.2 293.3 290.4 289.4 288.9 289 285.2 281.2 276.9 273.8 271.8 271.3 272.4 274.2 276.9 276.1 275.1 273 270 268.6 268.2 268.2 267.8 266.3 263.4 260.6 256 252.7 251.2 251 248.2 243.4 239.2 234.8 230.3 231.1 229 223.4 219.8 221.3 220.5 217.4 214.5 218.3 221.1 224.2 224.9 226.8 226.7 225.6 228.4 229 227.8 226.9 225.6
260.7 261.2 260.7 260.8 261.6 263.9 266.2 267.3 265.3 266.3 270.2 272.3 274.8 274.9 279.9 281.7 282.4 283.5 285.5 288.4 293.9 294.9 294.1 298.9 298.4 296.4 293.3 289.4 287.6 286.6 282.9 279.3 275.8 272.9 270.5 270.1 270.6 271.5 272.1 271.4 269.6 267.3 266.7 267.2 268.4 269.2 268.3 266.8 265 260.1 255.5 251.2 248.3 246 241.6 237.5 233.3 227.9 225.1 222 218.1 215.2 216.3 218.7 216.9 213.4 210.2 211.6 214.2 216.5 218.5 219.4 220.4 218.5 217 216.4 218.8 220.4
265.1 263.6 261.7 261.2 264.2 266.6 269.7 271.4 266 263.2 262 260.5 258.6 260 265.2 270.8 277 277.8 279.9 280.4 280.5 287 293.2 289.8 296.1 299.9 298 295 292.1 289.5 282.7 276.3 273 270.5 269.3 268.9 268.7 267.9 267.6 267.8 266 264.1 262.9 263 263.4 263 263.6 266.6 267.4 265.4 258.6 253.3 249.4 245.3 241.5 236.3 229.5 225.2 221.5 215.7 210 210.2 211.7 213.5 211.5 210.9 208.1 206.1 207.8 209.8 210.8 212.7 212.3 211.5 210.1 208.6 208.1 206.7
266.7 265.2 263 261.8 267 270.4 270.2 269.6 266.3 261.1 259.7 258.4 255.4 255.1 257.9 260.1 260.3 265.3 271.4 274.3 269.4 269.5 271.7 277.4 282 282 285.2 284.9 283.3 281.1 276.8 268.7 268.3 264.3 262 262.9 263.2 264.1 264.4 264.1 262.7 260.4 258.3 257 256.3 255.9 254.8 256 258.9 259.6 259.1 255.3 249 241.5 235.5 231.4 226.6 223.8 219.8 215.1 208.8 204.6 206.7 207.4 205.4 204.5 203.5 201.4 200.4 203.4 203.9 204.9 204.1 204.2 203.8 201.9 199.2 197.2
267.1 265.5 260.9 262.1 267.5 268.2 267.7 265.4 261.4 256.6 254.8 254.4 251.1 250.5 250.6 250.7 252.3 252.1 253.7 255 259 261.7 261.7 265.8 269.5 268.4 267.4 266.9 267 265.7 263.8 258.9 257 257 254.7 254 254.8 254.6 255.6 257.4 258.6 257 254.3 251.8 249.8 250.7 249.6 248.7 248.3 248.4 248.8 245.5 238.9 232.3 229.6 227.7 223.8 221.9 217.8 213 207.3 202 198.5 201.1 199.2 198 197.1 195.6 194.5 196.2 197.8 197 196.5 197.5 194.5 193.9 192 189.5
256.4 256 255.4 256.2 259.8 260.8 259.5 255 251.5 248.5 246.9 245.7 244.2 244.7 244.3 243.9 245 245.7 248 249.6 251.3 254.4 255.2 257 258.7 260.3 257 254.4 254.8 255.3 254.8 250.7 248.5 248.6 247.5 247.5 248.7 248.8 249.5 251.3 253.2 253.4 251.7 249.2 246.9 245.7 244.3 243 241.3 237.8 237.1 235.3 232 224.5 223.2 222.4 219.6 216.6 214.1 210.1 205.1 200.7 195 196.1 195.2 192.5 190.9 189.7 188.6 188.5 191.3 191.5 191.6 190.4 188.3 187.2 186.4 184.6
243.1 245.9 246.7 248.3 248.2 246.7 244.3 242.8 241.9 240.4 239.1 238.2 236.7 237.4 236.7 236.6 237.4 239.1 241.6 243.9 245.3 247 247.9 247.4 247.5 248.8 246.5 245.2 244.7 245.7 245.8 243.2 241.3 240.9 240 240.1 242 241.4 245.2 247 249.2 250 250.2 248.2 245.6 243.3 242.4 240 236.7 232.6 229.8 227.8 225.8 222.4 217.5 215.6 214.4 211.5 209.2 206.4 201.8 197.7 192.4 188.9 190 188.2 186.8 185 181.7 182.7 184.8 185.4 185.9 184.7 181.1 179 178.8 177.5
234.6 235.5 236.9 239.3 239 237.3 235.7 235.3 234.4 232.3 230.6 231.9 229.8 229.8 230.2 230.4 230.3 232.3 232.5 235.4 235.9 237.7 238.6 237.1 236.1 237.2 237.7 236.2 235.2 234.7 235.2 234.1 231.5 231.6 231.9 232 232.9 233.7 240.5 243.7 245 245.7 246.1 244.5 241.3 238.7 237.8 235.6 233 229.9 226.6 223.4 221.9 220.1 213.1 208.6 207 205.6 204.2 201.9 197.7 194.1 190 182 181.1 182.1 181.4 180 176.1 176.1 177.6 176.8 176.2 175.7 175 174.2 172.9 170
229.4 228.6 227.1 227.6 227.7 228.2 226.3 218.1 222.4 219.3 213.6 222.9 220.3 220.8 220.8 221.4 219.3 222.7 222.9 225.9 227 230.2 230.7 229.3 227.8 228.2 229.8 229.5 228.2 226.4 225.6 225.5 224.5 224.3 224 225.9 227.2 228.1 235.3 239.2 241 240.3 240.2 238.8 236.6 231.4 232.3 229.6 226 224.6 221.9 218.3 210.8 211.7 207 201.9 199.1 198 196.3 195.2 193.2 189.8 186.8 181.1 173.6 176.1 177.6 176.1 172.3 169.1 171.4 171.2 169.7 169.6 169.8 168.6 167.4 164.8
224.8 222.1 216.1 217.3 216.4 216.3 210.2 203.8 204 205.9 201.6 213.1 212.9 213.5 211.9 211.1 209.8 212.4 212.4 215.8 216.9 220.4 223.3 223.1 221.1 219.1 222.5 224.6 224 220.3 218.4 219.5 219.6 219 220.6 221.7 222.3 223.8 229.5 231.7 233.7 232.7 231.4 230 227.1 220.7 222.2 218.9 216.5 213.5 207.9 206.9 197.5 198.5 197 193.7 192.9 191.5 191.1 189.7 188.9 185.8 183.8 179.1 173.4 165.3 171.3 169.8 167.5 165.3 166.2 166.5 163.5 162.5 162.5 159.5 160 157
219.6 216.8 208.6 205.7 204.3 203.4 200 196.1 192.2 193 191.1 200.4 205 208.4 208.7 204.1 202.5 203.3 204.6 207.1 209.4 211.5 214.6 217.3 215 210.8 215.5 217.9 221.6 221.3 215.1 212.4 213.1 212.4 214 215.7 216.2 218.8 222.2 224.1 224.7 224.6 221.9 222.9 219.6 214.1 211.5 208.4 203.8 198.7 195.1 190.6 189 188.8 187.9 185.5 186 186.8 186.5 185.3 183.7 181.3 178.8 175.6 171.5 164.5 159.6 162.9 163.2 161.1 162.2 162.9 161.7 157.1 155.3 152.5 150.7 148.6
216 216.7 210.8 202.5 199 197.2 195.3 191.7 188.7 186.6 186.1 186.1 196.6 205 207.2 204.5 200.1 197.6 199.4 201.4 203.7 206.6 209.6 212 210.9 206.4 209.3 212.8 216.8 220.1 218.6 213.7 210.1 208.5 208 209.1 210.5 212.2 215.5 216.5 217.1 216.4 214.7 215.6 215 214.5 209.4 203.8 198.8 197.3 196.1 191.3 187.7 183.9 181.6 179.6 174.4 181 181.9 181.5 180.1 176.5 170.3 169.6 166.2 163.6 156.9 159.7 160.3 157.8 157.3 159.1 160.6 157.4 151.3 148.8 146.7 145.2
214.2 215.5 211.7 203.4 198.4 196.1 192.9 190 187.8 186.1 185.1 185.3 184.8 190.2 203 204.3 201.7 196.5 193.8 195.5 199.4 202.6 204.6 206.8 207 203.9 204.7 208.5 212.5 214.8 217 217.6 214 209.4 206.1 206.1 206.1 206.2 208.7 209.4 210.7 210.5 208.2 209.5 210.9 213.5 210.7 203 198.7 200.7 199.2 196.4 192.5 187.7 183.6 182.2 170.8 173.7 176.5 174.1 173.7 170.3 165.8 164.6 159.8 157.6 154.7 154.9 156 151 149.3 148.4 152.2 154 149 147.1 145.3 144.5
215.2 216.4 212.9 203.9 197 193.9 191.8 187.4 186.6 187.1 186.1 183.7 183.8 183.8 190.2 201.4 200.7 196.1 190.1 190.9 193.5 197 199.3 202.4 203.9 203.7 203.1 204.6 207.8 209.3 210.5 213.9 215.1 211.7 207.9 207.2 207.1 205.1 203.8 205.3 205.4 204.6 202.5 203.8 205.2 209.1 209.8 202.8 197 198.7 199.2 198.9 196.2 191 186.1 180.5 172.6 163.3 168.8 168.6 164.5 164.8 161.1 160.9 154.3 150.4 148.9 149.5 147.7 145.2 143.7 143.2 142.8 141.5 143.2 142.9 145.5 145.2
218.2 218.4 213.7 204.1 196.4 192.8 188.9 187.5 191 197.2 192 183.7 183 183.4 182.4 190.1 201.6 195.4 188.6 187.9 191 195.2 198.2 200.7 202.2 204.1 203.6 200.4 203.7 205.1 206.1 208.2 208.7 208.7 205.9 204.4 205.3 204.7 200.8 200 200.7 200 198 198.7 199.7 203.4 206.3 200.9 194.5 192.6 193.4 195.8 196.8 192.3 186.3 179.9 171.8 163.2 161.5 165.4 161.8 159 155.3 151.5 149.3 148.2 147.7 146.7 145.6 144 143.6 143.5 142.9 142 141.8 142 141.6 142.7
219.7 220 213.7 204.7 196.5 191.1 188.7 187.1 205.6 202.4 196.8 190.4 182.4 182.8 182.3 181.7 198.3 197.1 188 186.5 187.5 191.3 195.3 197.9 200.3 202.1 203.1 198.4 199.3 201.6 202 202.6 202.8 202.7 200.2 199.4 200.5 201 199.8 197.5 195.8 195.7 193.1 194.4 195 197.6 200.2 196.1 189.6 188.4 188.4 189.5 191.7 190.2 184.9 178.8 171.9 162.4 157.3 157.5 157.1 152.9 151.2 150.6 149 148.1 147 145.3 144.4 143 144.1 144.2 144.2 144 142.8 140.7 141.3 141.5
218.9 220.3 214.2 205.7 197.3 191 187.8 200 209.9 205.8 199.8 198.8 196.2 185.5 181.5 181.1 190.4 197.4 190.9 186.8 184.8 186.8 192 194.4 196.8 199.1 200.6 198.8 196.2 196.9 197.2 197.6 197.7 197.6 195.5 194.4 195.2 195.7 195.3 194.1 192.1 191.6 187 188.8 190.9 192.5 192.9 190.1 185.7 183.2 183.8 184.8 185.3 183.5 180.6 175.3 169.8 160.4 154.2 153.3 151.9 150.8 150.1 148.4 147.1 146.4 146.4 145.4 144.7 143.9 146.6 149.8 145.7 145.3 143.9 142.5 141.2 142.4
213.9 215.8 212 205.8 195.4 190.1 189.8 206.9 213.3 208.9 204 202.1 197.8 186.9 182.1 181.2 181.9 198.1 194.7 190.3 184.2 183.4 187.5 190.6 193 195.1 196.9 197.6 195 190.7 190.1 190.8 192.4 192.4 191 190.1 190.4 190.2 189.6 189.3 187.5 186 183.5 182.3 185.6 186.7 186.4 186.4 182.9 179.2 178.8 179.4 179.9 178.7 176.4 172.5 168.4 161.2 152.8 152.1 151.2 150.4 149.8 148.9 146.5 145.9 145.8 145.4 145.1 150.2 154.3 153.9 147.1 144.8 143.4 142.4 142 140.8
208 208.7 208.2 198.6 192.2 189.2 200.3 213.2 216.1 210.8 206.2 203.2 197.5 191 182.2 179.8 191.2 196.9 196.7 194 188.7 183.5 183.1 185.4 187.3 191.2 193.1 195.1 195.4 190.2 185.2 184.7 186.4 186.6 186.7 186.3 186.9 185.9 184.4 183.9 181.8 181 179.8 176.7 179.9 180.9 180.8 181.1 179.2 176 172.5 174.5 175 174.1 173.2 169.9 166.3 162.1 153.5 151.6 150.8 150.1 149.4 146.9 146.3 146.2 146.3 146 145 154.1 154.4 154.7 150.1 144.5 143.7 142.7 142.4 140.6
197 195.5 194.4 192.9 191.6 194 208.8 218 218.4 212.6 208.1 203.7 197.1 190.7 180.3 179.8 188 195.4 198.5 196.1 191.5 185.5 179.5 180.7 181.6 186.6 189.2 192.1 194.4 192 186.8 183.6 181.3 180.5 181.3 182.1 182.7 182.7 180.7 179.6 178.1 175.7 174.6 174.8 174.3 176 176.3 176.7 175.9 173.3 168.1 168.2 170.3 169.9 167.1 164.3 162.5 159.8 153.9 151.6 150.5 149.4 148.2 146.8 146.9 145.1 146.9 145.4 154.4 155.9 154 154.4 151.2 144.5 143.6 143.1 142 140.5
195.3 194.2 193.3 192.1 191.1 206.4 215.7 222.9 219.2 214.1 209.3 203.8 196.3 190.4 178.6 179.1 183.3 194.9 196.5 192 189.2 186.2 180.6 177.9 177.9 181.8 184.9 188.7 192.7 194.3 190.1 182.9 180 179.1 177 177.9 177.2 178.5 177.6 176.8 176.3 175.5 172.3 168.9 169.7 171.3 172.4 172.5 173.6 171.1 166.8 160.6 163.1 159 158.1 157.6 155.7 153.9 152.3 150.9 149.6 148.5 147.7 146.3 147 146.5 146.9 151.1 156.2 158.1 155.4 154.1 153 147.3 144.3 143.7 142.3 140.1
