GeneralExemplars/GeoExemplars/data/LakeDistrict/terrain-50-dtm_3563996/ny/NY42.asc
ncols 200
nrows 200
xllcorner 340000
yllcorner 520000
cellsize 50
[rows 0 to 34 of 200, columns 78 to 155 of 200]
205.5 205 204.9 205 207.8 210.2 216.2 220.4 221.8 223.3 219.1 212.6 204.4 198.7 194.4 193.4 193.6 194 195 196 197 198.8 205.8 212.9 218 223.4 228 233.3 236.9 238.8 239.9 240.2 239.6 239.6 238.8 238 237.5 237.6 237.4 236.4 235.9 235.4 235.3 235 235.3 235.8 234.6 234.2 232.6 229 223.6 216.5 225.1 223.4 220.8 217.1 213.7 212.3 212 210.6 208.7 206.4 204.3 202 199.7 198.5 197.5 196.2 194.6 191.4 188.7 186.8 185.5 184.3 183 182.9 182.6 182.5
204.7 204.5 204.5 204.9 206.9 209.1 213.7 218.2 221.8 225.6 222 216 207.1 200.8 195.6 194 194.2 194.8 195.8 198.1 198.3 198.4 207.4 211.2 215.8 221 226.4 231.4 236.1 238.5 239.8 240.5 240.6 240.8 240.6 239.7 239.4 238.8 238.3 237.4 235.6 235.1 234.8 234.5 234.9 235.5 235.4 236.8 234 231.8 228.9 215.7 226.5 225.1 221.5 219 215.2 213 212.8 212.2 210.3 207.9 205.3 203.1 201 199.6 198.8 197.8 196.3 193.1 189.6 187.6 186 184.6 183.7 183.3 182.9 182.5
204.5 204.2 203.9 205 206.6 208.1 209.1 212.7 218.4 224.5 223.4 217.7 209.1 203 196.8 194.7 194.8 195.6 196.9 199.3 201.1 200.5 203.1 211.6 215.7 220.4 225.1 230.4 235.4 237.3 239.4 240.5 240.2 242 242.1 241.8 241.2 240.1 239.4 237.7 235.7 234.9 234.2 233.9 234.5 235 234.8 234.6 234.8 234.2 231.2 223.8 219.7 224.8 222.2 222.2 217.6 213.2 212.4 212.8 211.7 209.3 206.9 205.2 202.9 200.5 199.8 199.1 197.8 194.7 191.6 189 186.6 185.5 184.6 183.9 183.6 183.4
204.3 204 203.9 204.7 206.3 207.6 209 211.1 214.9 219.7 220.6 215.7 209.3 204.2 197.9 195.6 195.5 196.6 198.1 201.1 204.1 205.5 201.8 207.6 214.5 219.3 224 229.6 234.4 236.1 238.1 237.2 233.9 231.6 229.3 227.5 225.2 224.4 226.2 221.3 231 235.1 234.5 233.8 234.1 234.1 230.8 228.7 227.7 229.3 225.3 227.8 227.6 226.7 225.4 224 221.2 215.9 212 212.1 212.7 211 208.5 206.5 204.9 202.3 200.4 200 198.9 197.3 194.9 191.6 188.3 187 186.2 185.3 184.6 184.3
205 204.1 203.7 204.7 205.9 207.2 207.7 208.1 211.3 215 214.8 211.7 207.4 202.6 198.8 196.2 197.1 197.7 199.9 203 206.3 208.1 208.6 204 213 218.3 222.6 228.1 233.6 236 237.8 239.5 237.7 236.2 234.4 231.9 230.6 227.9 225.6 226.6 231.4 235.1 235.6 233.7 233.1 232.9 232.7 232 228.1 225.9 227.1 229.7 228.8 228 227 226.5 223.9 218.9 213.3 212.3 213.4 212.6 210.2 207.6 206.4 204.7 202.4 201.2 200.3 199.4 197.4 194.6 191.1 188.6 187.7 186.8 185.9 185.3
205.8 204.3 204.1 203.7 205.1 208.1 206.8 206 206.7 210.9 212.7 210.5 205.9 201.1 196.6 196.5 198.6 199.8 201.6 204.8 207.9 211 211.4 209.1 205.9 215.7 221.9 226.9 232.7 235.7 238 240.2 241 240 239 237.3 235.9 233.2 231.3 234.1 237.4 237.3 236.1 232.1 231.8 232.4 232 232.2 230.8 228.3 228.6 229.8 229.8 229.2 228.4 228.2 226.8 222.6 216.4 212.4 214 214.2 212.5 209.1 207.7 206 204.2 201.1 201.8 201.3 199.4 197.4 193.4 189.5 188.6 187.9 187.2 186.3
205.3 204.7 204.4 204.1 203.7 205.7 206.2 206 205.9 208.5 210.7 208.9 204.7 200 198.7 199.6 199.8 200.7 203.2 206 209.8 212.8 214.3 213.1 209.1 211.5 220.5 226.3 231.3 235.9 238.6 240.8 242 242.2 242.5 241.9 241 239.6 238.1 240.5 239.6 238.1 236.8 233.3 230.1 231.5 230.6 231.1 231.1 230.5 229.9 230.6 231 230.3 229.4 229.4 229 226.6 220.9 215.2 215.2 216.3 214.6 211.5 208.9 207 205.2 203.9 203.1 202.5 201.7 199.9 195.9 191 188.7 188 187.6 188.2
205.6 204.8 204.5 204.2 203.9 203.5 204.2 206.1 204.8 207.1 208.7 207.1 203.6 200.3 197 201.6 201.5 201.1 203.7 207.8 211.8 214.8 216.9 215.8 213.1 209.3 217.1 224.6 230.3 236.1 238.7 241.1 243.3 242.9 244.9 245.2 245.1 243.5 242 242 240.7 239.2 237.7 235.1 231.6 230.5 229.9 230.1 229.9 229.4 229.4 229.5 231.4 230.8 230.1 229.5 229.9 228.5 224.6 218.7 214.7 216.3 216.5 214.4 211.1 209.2 207.3 206.5 206.1 204.7 203.3 201.6 199.2 194.1 189.8 188.9 188.9 189
205.9 205 204.4 204.2 203.9 203.5 203.1 203.6 203.2 205.4 206.5 205 201.8 198.5 199.6 202.1 201.5 201.7 204.7 208.4 212.8 216.4 219.2 218.6 216.2 212.8 213.1 220.4 229.3 237.3 240.9 242.2 243.4 242.7 242.8 243.6 245 245.3 244.2 243 242.1 240.6 239.1 237.2 234.2 230.5 230.1 230 229.5 229.6 229.8 230.6 232.6 229.8 233.8 230 229.9 229.7 227.8 222.5 216.6 216.2 217.8 215.8 213.3 211.4 209.8 209.6 207.7 206 204.7 203.8 201.8 197.2 194.2 190.7 191.3 190.6
206.6 205.3 204.6 204.2 204.2 203.8 203.3 203 202.8 202 204 202.7 199.4 198.4 203.2 202.8 201.8 202.7 205 209.1 213.7 217.6 220.2 220.8 218.9 216.4 211.8 217.2 225.2 233.4 239.9 241.9 243.7 243.3 242.6 244.4 245.9 246.8 245.2 244.6 243.5 242 240.5 238.7 235.2 232.4 231.5 231.4 230.6 230.9 226 227 230.1 226.4 230.1 230.5 229.5 230 229.3 226 220.7 217.2 218.8 217.8 215.9 214.1 212.7 212.1 210.2 207.4 207 206.3 204 200.6 194.7 191.9 195.5 192
207.7 206.3 204.8 204.4 204.3 204.1 203.6 203.3 202.8 201.9 201.4 199.4 199.3 198.9 200.5 201.5 202.6 203.4 205.1 209.4 214 217.8 221.4 222.4 220.7 218.2 215.5 215 221.4 229 239.7 241.6 243.7 243.3 242.9 245.1 247 247.8 246.2 246.1 244.9 243.4 241.9 240.2 237.1 234.5 233 232.7 231.8 231.3 223.8 227.4 226.1 229.4 223.9 233.1 230.2 230 230.3 227.9 224.6 219.7 219.1 219.4 217.3 215.4 214.5 214.7 211.9 208.8 208.2 208.2 207 204.1 198.8 194.5 194.2 194.2
208.3 206.8 205.3 204.9 204.5 204.4 203.9 203.5 202.9 202.7 202.5 200.8 200.4 198.9 201.4 202.3 203.2 203 205.2 209.6 214.3 217.9 221.6 224 222.5 219.9 217.3 214.8 218.8 225.7 232.3 241 243.6 243.5 243.3 245.5 247.6 248.3 247.7 247.2 246.5 244.9 243.4 241.8 239.3 236.8 234.6 233.3 232 230.9 223.8 223.8 225.3 226.9 224.4 230.3 229.7 229.7 230.9 229.3 227 222.4 221 220.3 219.2 217.5 215.7 216.1 213.4 210.3 209.7 209.7 208.9 205.9 202.3 197.8 197.8 196.1
208.6 207.3 206.1 205.7 205.3 205.5 206.3 205 204.1 203.9 203.6 202.2 201.3 199.9 200.2 203.1 202.9 202.5 205.3 210 214.4 218.1 221.8 225.4 224.3 221.7 219.3 217 215.4 222 228 236.7 242.9 244.6 243.9 245.3 248.1 248.8 249.8 248.2 248 247.3 245.1 243.4 241.7 239.4 237.2 235.3 233.9 231.6 223.9 223.8 224.7 224.7 224.9 222.7 232.2 230 231.5 230.8 228 224.4 221.5 221.6 220.6 219.3 216.8 216.5 214.8 212.7 212.1 211.9 211.3 208.3 204.9 200.3 197.9 197.3
210 208.2 206.8 206.5 207 207.2 208.1 208.6 207.2 205.9 204.9 203.6 202.2 201.4 200.7 201 201.7 202.3 205.4 210.1 214.7 218.5 222.4 225.6 225.8 223.8 221.4 219 216.9 218.8 224.8 230.9 237.6 244 241.4 244 246.7 250.1 251 249.4 249.3 249.6 247.1 245.2 243.4 240.8 239.3 237.6 235.3 229.4 226.5 224.5 226.3 222.3 222.4 223.9 233.9 230.4 231.2 230.8 228.9 225.4 222.1 222.1 221.6 221 219.2 217.4 216.5 215.4 214.7 214.3 213.6 211.7 208.2 205.6 202.2 198.5
211.4 210.1 207.8 208 208.2 208.4 210.4 211.3 209.3 207.4 206.1 205.2 204 202.9 202.2 201.7 202.1 202.7 206.2 210.6 214.8 218.9 222.9 225.7 226.6 225.4 223.4 220.1 217.9 217.7 221.4 227.1 231.9 238 240.6 242.4 246.1 250.8 252.2 251.1 250.7 250.7 248.8 247 245 241.6 239.6 238.5 237.3 234.8 228.4 229.8 238.5 239.6 226.7 222.8 226.6 240.5 232.8 231.9 230.5 226.6 223.6 222.8 222.5 222 221.2 220.6 219.1 218.2 217.2 216.5 215.9 215.2 212.6 210.7 205.8 201.8
211.9 209.8 208.7 209 209.3 210.1 212.9 214 211.9 209.7 208.5 207.2 206 204.6 203.7 203 203.4 204.2 205.1 209.3 214.6 218.7 222.6 226.1 227.1 226.2 224.7 221.7 219 218.8 219.6 223.3 228.1 232.4 235.7 240.4 246.1 249.9 252.9 252.8 252.1 251.8 249.8 248.9 248.6 244.3 243.1 242.2 242.3 240.4 242.4 246.5 247 247.1 231.8 224.5 224.6 236.1 234.8 233.3 231.8 228.3 225.3 223.6 223.2 224.1 224.3 224.4 223.5 222.4 220.7 219.6 218.7 217.8 216.9 213.2 208.4 205.9
213.4 211.4 210.5 210.4 210.4 213 215.4 216.8 214.3 212.8 211.4 209.4 207.8 206.4 205.4 204.7 204.9 205.6 205.2 208.4 214.4 218.4 222.2 225.9 227.6 226.8 226.1 222.8 220.5 220.4 220.8 221.9 224.4 227.7 232.7 238.5 244 249.4 251.3 253.6 253.6 252.7 251.5 251.4 249.9 248.1 247.1 246.3 246.8 245.4 242.5 249 253.9 252.4 240.5 235.6 228.3 233.8 236.3 234.9 233.5 231.3 227.4 224.8 225.7 227.7 227.8 228 227.7 226 224.4 223 222 221.2 217.8 215.1 212.4 210.2
215.9 213.3 212.4 212.2 212 215.1 217.8 219.4 216.3 214.7 213.9 212 210.1 208.9 207.7 206.6 206.1 207 206.4 208.3 214.2 217.9 221.7 226.3 228.2 227.3 226.7 224.2 221.7 221.3 222.3 220.9 222.3 226.3 231.5 237.4 244.2 248.6 253.9 254.1 254.6 255.9 256.9 255.6 254.2 252.5 251.2 250.1 250.5 248.5 246.5 248.9 254.1 256.2 254 239.6 231.7 234.4 237.3 235.8 234.5 231.9 228.8 226.4 227.7 230.8 231.6 231.2 230.5 229.6 228.3 226.5 225.2 223.3 220.9 218.9 216.7 214
216.7 215.1 214.4 214 214.1 218.1 220.3 221.9 218.4 216.6 216.3 214.7 212.7 211.5 210.1 209 207.8 208.3 207.3 208.1 213.7 217.5 221.2 226.4 228.7 227.8 227.2 226 223.1 222.1 223 221.6 223.2 226.1 230.7 236.1 243.4 247.8 254.6 255.8 256.9 259.8 260.4 259.2 257.7 256 254.6 253.8 254.2 253.7 250.7 249.1 257.9 259 256 240.8 234.9 242.9 238.4 237.4 236 234 230.4 228.4 231 232.8 233.4 233 232.9 232.1 230.8 226 228.2 226.2 224.6 221.7 219.3 214.6
218.3 217.5 216.3 216 216.5 220.5 223.6 223.8 221 219.1 218.9 217.3 215.4 214.4 212.2 210.6 209.4 209.2 208.9 208.1 212.1 216 220.1 225.7 228.7 228.5 228.3 227.7 224.8 223.3 223.5 223.4 224.1 226.2 230.3 235 241 249 254.8 256.9 259.2 261.8 262.7 261.5 260.2 258.1 258.1 258.9 259.3 257.8 253.7 251.1 257.1 257.3 256.3 244.1 238.2 243.7 240.3 239.1 238.3 236.7 232.6 230.2 230.3 235.8 235.1 235.7 235.3 234.9 233 228.9 230.8 228.9 227.1 223.9 219.4 215.3
220.6 219.4 217.6 217.1 218.8 222.7 226.1 226 223.1 221.8 221.8 219.9 218 217.3 215 212.4 211.3 211.3 210.4 209.1 212.8 216.6 220.3 225.1 228.4 229.4 229.7 229.1 226.3 224.6 225.9 225.1 225.6 227.2 229.3 235 240.3 246.3 253.3 258.4 261.4 261.6 263.8 263.2 262.8 261.2 261 261.6 262.4 260.1 254.9 254.4 253.8 249.1 245 241.6 240.1 245.6 240.7 239.3 238.5 237.6 235.3 232.3 232.4 235.8 237.4 237.6 237.4 236.9 233.8 233.7 232.5 230.9 227.8 223.9 219.5 216.5
222.4 220.3 220.2 218.9 221.1 224.7 228.1 228.2 225.2 224.4 224.4 222.3 221 220.2 217.6 214.9 213.5 213.1 211.8 210.6 212.8 216.4 219.9 223.6 227.4 228.8 230.6 230.1 228.3 225.9 227.5 226.8 228.5 228.3 230 235.1 238.1 244.2 253.7 260.9 259.8 262.4 266.2 266.8 265.6 264.5 263.3 263.4 264.3 261.5 256.6 253.6 253.2 247.2 239.8 241.2 246.8 247.8 241.7 239.9 239 238.2 237.9 235.5 232.1 233.1 238.8 239 238.7 237.7 235.1 232.7 231.3 230.1 227 223.9 220.4 217.4
222.8 222 222.3 221.3 223.9 227.3 230.1 230 227.8 227 227 224.9 223.4 222.6 220 217.2 215.6 214.6 213.4 212.2 213.4 216.1 218.9 222.1 225.8 228.3 230.6 230.6 229.8 227.4 229 229 231.2 232 233.2 235 237.9 245.3 253.3 258.8 259.5 263.3 266.1 269.9 269.5 268.7 267.6 265.9 265.3 262.9 257.8 249.5 243.2 241.7 239.9 244.8 247.4 246.5 243.7 241.2 240.3 238.8 238.6 233.9 232 233.8 239.3 241.4 239.6 237.6 234.6 231.6 230.1 228.7 226.4 223.4 220.6 216.6
223.4 224.3 224.1 222.9 226.1 229.2 232.1 232.3 230.6 229.9 229.5 227 225.4 224.7 222.3 218.5 217.1 216 215 213.8 214.2 216.2 218.5 220.9 225.2 228.3 230.6 231.2 231.4 228.5 229.8 230.3 232.5 235.2 236.6 236.4 240.9 242.2 249.9 254.7 259.2 261.7 268.8 269.6 272.2 271.7 271.4 270 267.1 263.3 259.2 252.6 246.5 245.9 245 250.9 252.5 248.6 245.9 243.6 242.9 239.2 237.4 236.1 235 233.9 234.2 237.1 237.1 236.1 233.6 231.2 229.6 228.1 225.5 223.3 220.5 215.6
225.5 226.4 226.2 225.7 228.1 231 234.1 234.6 233.4 232.7 231.8 229.2 227.3 226.7 223.7 220.7 219.3 217.9 216.4 215.3 215 216.2 218.5 220.8 225.2 227.9 230.4 232.2 233 230.2 231.1 231.7 233.7 236.8 236.7 238.1 242 243.1 245.6 252.1 257.8 260.8 265.9 271.5 270.6 274.6 274.5 273.8 271.7 267.7 263.6 262.6 256.1 261.4 257.9 255.4 252.8 250.8 248.3 245.8 244.3 239.8 238.1 239.2 238.1 235.7 233.9 233.4 232.6 232.5 231.7 230.7 229.1 227.5 224 220.7 217.7 214.7
227.3 228.8 226.6 228 230.1 233 236 237 236.2 235.6 233.6 230.9 228.8 228.1 225 222.9 221.6 220.1 218.7 217.2 215.8 216.6 218.9 221.5 225 227.6 229.8 232.7 234.3 232.3 232 233.1 235.5 238.2 239 239.2 242.3 244.6 244.8 250.1 255.8 259.7 263.7 269.9 275.7 273.3 276.7 276.1 274.7 271.8 268.7 266.7 266.8 266.3 262.1 258.6 255 252.9 249.1 246.6 244.7 241 239.1 239.9 240.1 237.4 235.6 233.6 231.9 230.8 229.9 229.8 228.6 225.4 221.6 218.1 215.9 213.4
228.9 230 228.2 230 231.7 234.9 237.8 239.5 239 237.7 235.5 232.1 230.5 229.3 226.7 225.1 223.8 222.4 220.9 219.5 217.6 217.6 218.5 221.2 225.6 228.3 228.5 231.7 235.1 234.1 232.6 234.7 236.9 239.6 241.6 242.5 245.2 245.1 247 247.8 253.4 258.1 261.2 266.4 272.4 279.5 273.6 274.5 277.2 274.8 272.3 269.8 269.5 267.1 264.4 259.7 255.8 252.9 249.4 246.5 243.9 242.9 241.4 241.4 241.6 238.6 234.5 233 231.5 230.5 229 227.7 225.6 223.3 221.6 218.3 214.2 211.3
231.4 231.4 230.4 230.9 233.1 236.6 239.6 241.7 241.2 239.9 237.3 234 232.4 230.9 229.2 227.3 226.1 224.8 223.3 221.1 219.4 219.5 220.2 220.7 225.7 228.7 229.5 231.8 236.1 235.4 234.4 237.6 239.1 241.1 243.3 244.8 247.8 248.9 249.9 248.4 251.1 255.6 259.1 262.8 267.7 272.3 279.6 279.7 278.7 277.3 274.8 272.4 270.7 268.1 264.5 260.2 255.7 251.8 247.4 246.6 246.8 245.8 244 242.1 242.2 241.3 237.5 232.9 231.6 230 227.8 226.3 224.3 222.4 221 218.9 214.6 211.4
232.1 232.2 232.1 231.9 234.5 238 241.6 244.2 243.5 242.2 240 236 234.2 232.5 232.4 229.7 228.2 226.9 225.5 223.2 221.2 221.4 222.3 222.2 226.2 229 230.8 233.8 236.7 236.7 235.3 239 241.4 243.6 245.6 247 248.6 249.7 250.8 249 252.1 254 256.7 258.8 263.2 267.3 270.9 273.8 276.1 279.5 278.8 276.8 273 269.9 265.2 260.1 253.2 249 248.5 248.6 248.1 247.3 245.3 243.3 241.7 240.4 237.9 235.2 232.4 230.5 228.4 226.4 224.6 222.3 220 219 215.9 212.4
232.4 233.2 233.2 233 236.1 239.7 243.2 246 246.2 244.5 242 238.4 235.7 234.8 234.4 232.2 231 229.3 227.6 225.7 223.8 223.1 223.2 223.7 226.3 230.4 231.3 233.9 237.3 237.6 237 240 242.8 245.2 245.7 246.9 249.1 252.3 254.1 250.6 253 255.2 256.9 257.7 260.9 263.8 266.8 268.6 269.7 271.3 272.8 272.9 270.5 267.7 263.4 258.6 254 250.8 248.9 248.8 247.7 246.4 245.4 243.6 242.3 240.9 240.3 237.9 233.8 231.1 229 227 224.8 222.5 220.1 218 215.4 212.3
232.9 234 234.1 234 236.9 240.4 244.2 246.8 246.9 245.8 244.3 240.3 237.4 238 236.4 234.8 233.6 232.3 230.5 228.4 226.3 225.3 224.5 224.9 226.8 231.4 231.8 233.5 236.9 238.6 238.3 240 243.4 245.7 246.2 246.3 249.4 253.2 255.3 253.4 253.2 255 256.3 257.3 258 260.3 262.7 264.5 265.5 265.8 267.1 267.2 266 263.2 260.3 257.6 254.4 251.3 249.3 249.3 249.2 248.6 246.8 244.7 243.2 241.8 241.9 240.4 236.7 234 231.2 228.1 225.1 222.6 219.7 214 212 208.1
233.7 234.2 234.9 234.9 237 241 244.5 247 247.8 247.5 245.6 240.4 239.6 240.8 238.6 237.3 236.1 235 233.5 231.8 228.9 227.1 226.6 225.9 229.5 232.3 233.7 234 237.5 239.9 239.3 239.3 243.9 246.2 247.3 247.6 249.6 253.9 257.2 255.7 253.2 254.6 255.8 257.7 256.8 258.1 260.2 262.4 263.9 263.1 262.3 263.9 263.7 260.8 258.5 257.3 255.3 253.6 251.1 251.8 251.3 251 249.4 246.4 244.4 242.6 242 241.3 238.7 235.8 232.9 229.2 224.9 222.5 219.6 215.8 212.4 211.4
234.3 235 235.7 235.4 238.1 242.2 245.5 248.2 248.6 248.6 247.5 244.2 242 242.8 241.5 240.3 239.2 237.9 235.9 235 231.9 230 229.5 227.2 230.9 233.8 235.2 236.1 239 241.3 240.1 241.6 244.3 247.1 248.5 248.6 248.9 253.5 257.1 257.2 253.8 254.1 256.4 257.7 255.7 256.7 258.8 260.9 261.8 261 259.1 259.7 259.7 259.4 257.7 256.7 254.7 251.4 248.9 246.9 246.4 245.2 244.5 242.8 244 243.6 242.4 241.8 238.8 236.1 233.4 230.6 225.5 222.8 218.3 217.1 215.2 214.7
234.8 235.8 236.8 236.5 238.8 243.6 246.6 249.3 249.8 249.8 249 246.5 244 245.5 244.4 243.3 242.2 241.2 239.6 238.3 235.6 233.2 231.5 228.8 231.7 235.3 236.5 237.7 240.2 242.4 241.5 243.9 245.4 248.1 249.7 250.4 249.8 253.6 256.7 257.3 255.6 254.2 254.9 255.2 254.6 255.4 257.3 258.8 259.1 259.4 257.9 257.7 256.6 256 256 256.3 255 253.1 250.9 248.7 246.6 244.6 243.7 243 240.8 241.7 241.1 240.7 238.6 235.3 232.6 229.7 225.7 221.9 218.9 216.4 216.1 217.1
235.3 237.1 238.4 238.6 238.8 243.3 247.6 249.8 250.8 251.4 250.5 248.2 245 247.3 247.9 246.5 245 244.7 243.9 242 239.2 236.6 233.9 231 232.9 236.5 238.3 239.6 241.8 243.4 242.2 245 247.4 248.9 250.7 252.1 251.9 254.7 256.5 257.7 257.5 256.2 254.7 253.5 253.1 253.7 255.2 256.5 256.7 258.4 258.2 257 257.6 256.7 256.8 256.9 256.2 255.1 251.4 249.4 245.7 243.9 244.9 244.7 241 238.6 235.4 234.9 233.3 231.1 229.4 228.1 226 223.1 220.5 218.4 217.6 216
