GeneralExemplars/GeoExemplars/data/LakeDistrict/terrain-50-dtm_3563996/ny/NY42.asc
ncols 200
nrows 200
xllcorner 340000
yllcorner 520000
cellsize 50
[rows 105 to 139 of 200, columns 0 to 77 of 200]
386.3 385.7 384.3 383.8 379.6 385.1 387.5 378.8 368.3 357.2 344 325.8 297.3 275.4 265.1 260 254.4 255.3 258.1 252.9 252.5 253.7 253.8 255.2 260 266.9 273.5 280.9 297 315 335.4 354.4 373.2 389 401.8 409.9 404.6 388.3 375.6 360.6 343.9 339 332.9 333.7 338.4 350.5 364.9 375.4 381.3 377.7 368 356.9 344.9 339.4 335.8 330.7 326.3 321.6 315.8 310.8 304.2 296.9 288.7 280.5 276 272 264.8 265.6 263.7 259.4 254.9 250.3 244.6 246 246.4 245.2 239.7 238.3
374.4 371.7 370.9 369.8 365.8 367.6 367.3 361.6 353.7 343.8 330.9 317.4 288.7 268.7 259.4 255 254.9 260.9 258.8 253.2 252.7 255.2 254.8 256.6 261.5 267.7 274.2 283.2 298.2 318.2 338.4 358.4 376.5 393.7 406.9 414.5 407.8 392.5 382.1 364.1 346.7 343.5 341.6 340.9 346.4 359.4 373 383 387.7 383.5 374.8 363.4 350.9 344.9 340.4 335.7 330 323.9 317.2 310.5 304.3 298.4 288.4 282.3 277.6 270.7 266.2 266.3 264 259.3 254 249.3 246.1 245.9 247.6 245.1 239.8 237.7
361.1 358.4 356.1 357.2 354.4 349.4 346.5 339.4 333.2 321 307.3 292.7 274.2 265.5 258.1 256 258.3 263.1 258.2 253.2 252.7 255.2 254 255.5 261.3 268.2 274.1 284.3 300.2 324 343 361.2 382.1 397.1 410.4 415.8 409.8 397.1 385.4 368.3 350.7 347.8 347.2 345.9 355.6 368.4 381.3 390.3 392.4 388.8 380.5 369.3 357 350.4 346 339.9 334.1 328.1 320.3 311.7 305.3 299.1 289.9 283.9 279.2 272.6 267.3 265.6 263.4 258.9 252.6 249.2 246.6 247.1 247.4 245.1 240.4 237.4
349.6 349.8 345.6 340.6 337.7 335 326.6 317.3 313 305 289.8 278.6 270.9 263.1 256.4 257 261.8 262.5 254.9 253.1 252.9 254.5 253.7 254.6 261.8 269.3 276 285.8 306.5 328.5 348.5 365.3 385.1 402.2 414.4 419.4 408.7 403.9 391 373.6 356.6 351.6 351.3 352.7 365.1 377.4 391.2 398.1 398.6 395.5 387.2 374.9 365.1 358.4 355.1 350.7 343.9 335.2 324.9 311.9 304 297.9 291.4 285.1 280.7 272.4 267.6 264.3 260.7 255.6 252.8 250.1 247.5 248.7 249.5 246.5 241.6 237.7
344.5 343 340.2 334.3 330 324.1 316.1 306.3 299 292.4 285.6 279.1 268.8 261.6 256 256.8 262.7 261 253.8 253.4 253.7 253.5 253.6 254.6 260.8 269.4 278.9 292.1 313.7 335 354.5 373.4 391.9 407.9 419.9 423.1 417.4 411.5 397.9 379.5 363.2 356.9 355.9 363.4 376.6 389.4 402.2 407.4 406.8 403.6 395.3 384.7 376.5 372.1 367.8 361.3 352.7 341.9 329.1 315.1 305.5 298.1 290.2 285.2 281 272.2 268.4 264.7 260 257.6 254.6 252.3 250.8 251.3 251.7 249.2 243.4 237.7
336.5 339.1 336.6 333.1 326 317.6 310.8 302.5 294.5 286.2 280.3 275 266.6 259.9 255.9 257.8 263.2 257.7 253.8 253.3 253.8 253.7 253.8 254.9 261.8 270.3 281 297.4 322.3 342.5 361 381.4 398.8 414.4 426.3 429 427.8 418.3 404.9 388.3 370.7 363.1 361.8 374.2 389.1 402.3 413.9 417.2 417.3 414.2 408.4 400.7 394.2 386 378.7 369.4 359.2 347.3 331.1 317.9 307.3 298.6 289.5 285 279.5 273.9 269.8 266.6 263 259.2 255.3 252.7 253.6 253.5 254.4 252 245.3 238.7
328.1 330.4 328.8 325 316.5 310.2 303 294 286.5 279.4 274.8 270.8 263.8 257.1 256 261.2 263.8 256.3 253.7 253.2 253.7 253.9 254 255.6 262.7 272 283.7 302.6 327.7 348 367.7 388.1 405.6 420.6 432.2 429.6 433.7 424.8 411.8 396.3 377.6 370.5 369.6 386.6 402.1 416.5 427 430.7 430.9 427.5 422.7 415.7 407.9 398.3 386.6 376.6 365 352.4 333 318.2 306.9 298.5 288.7 284.4 278.2 275.2 272.4 268.8 265.5 260 255.1 255.8 256.3 256.6 257 254.1 247.6 241.1
317.6 316.3 315.1 310 306.4 301.5 295.5 287.4 278.7 273.3 269.7 266.6 260.9 257.2 257.6 263.2 261.1 254.7 253.7 253.2 253.6 253.9 254.2 257.4 264.3 275.5 288.8 308.4 331.9 353.9 372.6 393.9 411.3 426.5 436.3 432.8 439.1 431.2 418.3 404 385.7 378.5 385.1 402.2 418.2 431.1 440.4 444.2 443.9 440.7 434.9 426.6 418.5 406 393.8 380.6 366.6 354.2 336.2 317.9 306.5 298.3 289 284.4 280 277.3 273.3 269.8 264.2 260.9 256.7 258.1 259 259.9 259.6 255.1 249.9 243.7
308.8 306.9 302.5 299.6 293.7 289.3 285.1 276.2 271.9 264.9 262.7 262.2 258.5 257.1 261.5 264.1 260 254.9 254.1 253.6 254.2 254.4 254.6 256.2 265 277.9 293.1 313.7 335.4 357.3 375.5 397.2 414.2 428.4 433.7 443.8 443.8 436.9 427.1 415.6 396.1 390.8 404.6 419.7 433.8 445.3 453 456.6 454.9 449.8 445.2 439.8 431.3 413.4 396.2 382.5 367.2 353.9 335.8 316.2 307 297 289.5 285.1 281.4 277.8 274.6 270.5 265.6 261.8 257.6 259.5 260.6 261.7 261.3 257.1 251.7 245.3
297.6 301.2 296.7 292.3 282.6 274.3 270.3 266.9 264.8 260.3 258.8 258.2 257.9 258.7 261.8 261.2 256.9 254.9 254.3 254.1 254.5 254.5 255.4 259.2 268.3 282.1 296.9 315 332.1 356.9 373.7 395.8 411.1 422.9 435.3 448.1 447.1 444.7 436.9 425.4 407 409.4 424.4 436.7 447.4 457.6 465.4 467.3 466.3 464 458.2 451.4 440.6 424.4 397.4 382.6 368.3 354 336.3 314.8 304.7 297.2 290.1 285.4 281.7 279.4 276.2 270.9 265.8 261.6 259.8 260.6 262.4 263.4 263.1 258.8 253.2 247.8
296.6 289.1 290.3 284.5 276 268.5 264.1 261.6 260 259.4 259.2 258.7 260.7 261.2 258.3 257.4 255.5 254.9 254.5 254.3 254.5 255.1 257 262.4 272.6 282.2 300.2 319.4 338 358 372.4 390.2 406.7 422.5 435.2 443.8 448.9 447.5 442.7 434.6 420.6 428.1 441.9 453 462.1 470.2 474.9 476.9 475.7 472.5 466.2 457 446.5 428.4 398 382.2 367 352.9 334.9 315.4 304.3 298.4 291.1 285.8 281.6 279.9 276.3 269.5 264.6 261.4 260.9 261.7 264.2 265.7 265 260.5 254.4 249
292.8 286.2 285 282.4 274.5 271 265.5 262.4 260.9 260.1 259.5 260 263.7 262.6 256.9 255.7 255.1 254.9 254.7 256 256.1 256.1 259.4 265.3 274.7 283.9 295.3 313.9 336.3 357.6 372.5 388 404.1 418 431.9 440.3 447.2 450.8 447.1 440.4 433.8 445.5 456.1 466.1 474.6 481.7 485.7 485.9 482.8 478.4 471.4 461.9 451.2 430.3 398.1 380 366.1 351.9 334.2 315.6 305.9 298.5 291.4 287.3 281.7 279.6 277.1 273.7 267.2 262.1 260.8 264 266.8 268.5 268.1 263.4 258 251.7
287.7 281.4 277.8 275.6 271.7 269.8 265.9 263 262 261 260.8 260.8 264.9 262 256.4 255.6 255.3 255.1 256.3 259.2 259.3 257.9 263.3 268.3 277.7 287.2 298 307.9 327.1 350.7 365.4 381.2 399.3 412.2 425.1 432.9 439 446.6 446.6 448.3 444.9 455.7 466.3 475.8 485.5 492.1 494.5 493.5 489.2 482.2 474.2 465.6 452.6 428.4 397.3 377 364.1 349.8 334.4 314.8 306.9 298.4 291.7 287.5 282.1 281 279.4 275.4 269 262.9 263 266.3 269.2 271.6 271.3 266.1 260.1 254.5
282.6 276.9 272.3 270.2 270.4 267 264.6 263.4 263.3 263.3 263.9 263.6 264.8 260.9 256.2 255.5 255.3 255.2 257.3 263.1 261.1 262.2 266.6 271.9 279 290.1 299.1 304.7 326.7 349.1 365.8 376.5 391.3 404.3 414.7 423.7 428.7 433.9 439.8 450.1 454.4 462.4 473.6 484.1 493.5 499.6 501.5 498.2 492.6 485 476.2 467.7 451.7 430.3 400.4 374.2 360.1 348 330 314.8 304.2 297.2 291.7 287.2 283.4 283 281.4 276.6 270.4 263.3 265.1 268.5 271.6 273.3 276 272.1 262.1 256
276.4 272.6 270.5 268.8 267.4 265.7 266.8 267.5 268.8 269.5 266.6 264.8 263.7 260.2 256.1 255.5 255.4 255.5 260.6 265.4 263.4 265.3 269.2 273.9 282.2 292.5 301.6 305.6 325 344.8 363.5 375.6 384.8 398.9 408.4 416.3 422.6 427.9 435.6 445.5 453.7 460.4 474 486.8 497.3 503.7 504.5 499.7 494.8 486.2 478.4 467 452 432.5 403.1 374.5 359.2 345.6 322.3 312.9 302.2 297 291.6 286.9 284.4 285.1 283 277.7 272.8 266.2 266.8 270.2 273 274.5 278.6 277.6 266.9 258.6
276.8 277.5 276.3 274.5 272 273.2 275 274.3 275.6 272.5 269 264.6 260.8 258 255.9 256 255.8 255.9 263.5 267.7 265.2 266.8 271 276.2 283.5 292.7 302.1 307.9 320.5 339.1 352.1 370.1 380.3 386.8 398.1 408 415.7 421 428 438.3 448.2 455.6 469.3 482.8 494.7 501.7 503.7 500 494.6 487 478.9 466.6 449.3 428.7 401.1 377.6 355.4 342.6 319.9 308.1 301.1 295.4 290.4 286.6 285.5 286.4 284.2 278.8 272.7 268.1 267.8 271.1 274.2 277.5 282.8 283.5 274.8 261.3
286.3 286.7 281.2 282.3 281.4 282.6 282.2 280.8 277.8 272 266.8 261.5 257.8 256.2 256.3 256.7 256.2 257.4 265.5 267.6 266.6 266.4 269.8 274.7 281 288.5 297.2 306.4 313 328.4 340.4 358 367.7 377.2 384.9 394.3 403.5 412.3 419.2 425.9 437.2 445.7 460.6 474.2 485 492.5 496.7 496.2 492.6 485.4 475.5 460.1 442.2 422.6 396.3 374.2 351.8 338.4 319.8 306.3 298.6 293.8 289.2 286.4 285.8 287.3 283.9 277.9 271.6 267.4 268.4 272 275.7 279.4 286 287.1 281.4 266.6
292.5 288.3 285.7 284.8 287.1 287.5 285.3 282.8 275.9 269 264.9 259.2 256.4 256.5 256.7 256.9 256.4 258.7 267.3 267.9 267.1 266.7 268 270.8 274.7 281.1 292.3 302.2 306.5 313.2 326.3 332.2 342.3 359.4 368.7 378.1 386.8 398.1 407.2 414.9 424.3 432.8 446.6 462.1 473.6 481.5 484.9 484.6 482.1 475.9 464.3 448.4 432 415.9 389.9 369.6 347.6 332 314 304.8 296.7 292.3 287.9 285.9 285.1 283.9 281.2 276.5 271.1 267.5 269 274.5 276.3 279.4 286 286.1 281.1 270.2
293.2 286 287.2 286.1 285.9 283.7 281.3 278.2 273 266 260.7 257.7 256.6 256.6 256.8 257.1 256.7 259.7 266.1 267.7 266.2 266.7 267.8 269.4 271.1 272.7 274.9 281.7 287.6 294.1 301.6 304.1 309.9 333.8 350.7 359.8 369.3 380.2 390.7 401.8 411.7 422.2 432.5 446.1 458.4 466.8 470.4 470.7 466.6 459 448.1 435.5 421 402.8 380.8 361.8 340.2 327.1 312.8 303.4 296.3 290.5 287.6 285.8 284 281.8 278.1 274.2 269.7 267.9 269.3 275.3 276.4 277.6 281.7 279.4 273.5 270
292.4 286 285.7 282.1 279.8 277.5 275.1 271.9 267.6 262.2 258.4 257 256.9 256.9 257 257.7 257.1 260.9 266.5 267.1 265.8 266.6 267.6 269.4 271.4 273.3 275.8 277.4 279.9 283.5 290.7 298.2 305.5 315.3 326.1 336.4 347.3 359.9 373.4 386.1 395.9 407.1 419.4 429.6 441.8 448.8 451.8 451.5 447.2 439.9 430.3 418.5 405.6 388 368.9 348.7 334.9 322.1 309.7 301.2 295.3 288.8 286.1 283.7 281.4 277.9 274.1 271.3 267.8 266.5 266.9 270.3 271.8 271.1 270.1 268.6 267.3 265.4
290.2 287.5 281.7 277.4 274.2 271.9 268.7 265.2 261.8 259.3 257.8 257.4 257.3 257.1 258.3 257.6 257.3 262.1 269.5 268.2 265.5 266.4 268 271.2 273 276.2 280.1 283.8 287.4 290.8 286.8 289.6 298.4 305.8 313.5 321.3 327.7 335 346.8 372.2 384.1 395 405 416.7 427.8 431.2 430.3 428.7 423.2 414.5 404.4 392.8 382.7 368.8 351.6 333.5 322.7 311.7 302.3 298.3 293.5 287.5 282.3 279.6 277.4 274.7 271 268.7 266.4 264.3 265 264.3 265.1 265.6 265.9 263 262.5 259.7
290.6 284.6 278.9 273.7 269.5 266.5 263.2 261.7 259.7 259.2 258.9 258.4 260.6 264.5 265 260.3 257.7 262.9 270.1 268.4 265.4 266.8 269.8 272.3 275.1 279.1 283.2 287.6 290.6 294.7 298.3 297.9 294.5 307.2 314.8 321.7 326.6 333.7 341.4 353 372.6 385.8 393.3 404 409.9 412 410.6 407.1 399.1 387.5 371.4 354.3 352.6 340.4 327.9 319 306 300.6 296.5 293.9 291 286.1 280.2 276.6 270.5 268.9 264.4 261.1 261.4 260.7 259.2 260.2 261 260.7 257.6 254 250.9 247.4
287.3 283 276.4 271.1 266.1 263.3 262 260.7 260 261 262.7 265.2 267.1 269.8 268.1 263.1 259.4 263 267.2 267 265.7 267.8 270.6 275.1 277.5 280.8 285.1 289.8 294.9 298.2 302.2 307.2 304.5 304.6 313.8 319.6 327.5 334.3 343.7 358 370.7 377.3 383.1 389.2 392.5 394.7 393 387.1 378.4 361.6 349.9 338.3 329.5 317.7 308.9 299.7 294.7 293 291.2 289.5 286.8 283.2 279.7 274.6 270.5 264.4 257.4 255.9 255.5 255.2 253.1 249 247 248.2 244.5 245.5 244.9 235.4
281.5 278.6 273.3 267.2 263.9 263.1 261.9 261.9 265 267.4 270.4 267.8 272.3 273.1 269.6 264.5 260.3 261.2 263 264.2 265.8 268.2 273 275.9 279.2 283.1 286.9 290.6 296.2 301.6 305.3 309.9 314.2 309.1 311.4 318.6 324 335.4 346.9 358.7 366.4 371.2 376.1 381.7 384.1 387.6 387.1 380.4 370.6 362.1 350.9 332.3 321.8 314.4 305.7 296.5 292.9 290.5 289.5 288.3 285.7 281.7 280.4 275 269.9 265.5 259.9 253.4 245.8 246.1 242.9 237.1 234.8 233.9 234.3 233.3 229 227.8
276.7 273.6 266.5 265.7 268.1 268.1 268.3 269.1 271.8 272.6 274.4 268.7 272.9 273.5 268.9 262.5 260.6 261.2 262 263.6 267.5 270.3 275 278.6 283.2 287.8 292.2 296.5 300.9 305.3 309.2 312.6 316.7 320 315.6 322 328.7 338.4 345.3 351.7 357 361.1 366.4 372.8 376.7 381.1 382 381.6 378.7 369.9 358.3 340.8 319.9 308.7 302.3 297.6 294.9 291.6 291.3 290.3 285.4 283.3 280.7 274.1 269.1 264.3 257.7 252 245.6 241.4 238.3 235.8 233.5 231.4 231.1 229 229.9 227.9
271 268.2 273.5 275.2 275.1 275.5 276.2 275.9 276.2 277.1 275 268.5 270 269.2 264.9 259.9 260.8 261.5 262.2 264.4 267.5 271.9 278 283.1 288.8 292.9 297.1 301.1 305.2 309.3 313.5 316.4 319.2 322.2 324.4 324.3 327.7 332.4 333.8 341 346.2 353.1 360.9 368.2 372.6 376 379.6 385.2 387.1 389.6 373.4 350.6 331.9 316.4 308.9 302.6 298.2 295 294.7 292.5 286.5 284.8 280.9 273.6 267.1 262.8 257.6 251.2 247.3 243.2 238.4 235.1 233.3 232.7 233.9 232.6 234.7 234.3
269.4 276 280.4 279.5 279.8 280.7 279.8 277.8 276.5 279.1 275.6 266.4 263.1 263.7 260.3 259.8 260.3 261.5 262.4 265 266.9 272.1 280.4 282.5 290.7 298.4 301.5 305.3 308.8 312.3 316.6 319.8 322.8 326 328.6 330.4 331.8 336.7 341.6 344.7 349 353.2 358.1 363.6 368.6 373.4 379.4 387.6 397.6 400.5 393.5 375.7 348.4 331.1 320.1 308.1 301.5 300 297.8 293.6 288.1 286.2 279.9 271.3 264.9 260.6 256.3 251.6 247.4 242.4 238.1 235 233.4 234 234.4 235.1 236.5 235.1
270 275 278.7 280.2 282.5 283.1 279.8 278.4 279 280.8 277.1 267.6 262.9 260.3 260 259.9 259.9 260.6 263.3 268.4 272.9 278.6 283.2 290.8 295.7 300.4 306.2 308.2 314 317.8 320 323 326.5 329.6 331.9 333.6 336.2 334.8 343.2 347.3 352.6 357.6 360.6 362.4 366.7 372.9 382.2 394.4 408 410.5 406.6 390.7 366.4 347.8 333 316.6 310.2 306.2 300.7 294.5 287.9 284.6 278.4 268.3 262.5 258.2 255 251.2 247.1 241.7 237.6 235.3 235.6 236.3 236.5 237.2 236.3 233
272 270.7 273.7 276.2 280 280.3 277.4 280.6 284.7 285.4 279.1 271.4 262.4 260.3 260 259.9 260 260.8 263.4 270.3 275.9 281.7 288.1 294.8 300.6 304.5 307.2 313.3 318.8 321.7 323.7 326 329.1 332.2 335 337.7 340.4 343 345.3 350 355.3 360.4 364.3 364.3 366.9 374.2 386.9 399.7 413.4 415.2 414.6 406.1 391.1 371.6 350.3 339.3 322.7 313.4 303.5 293.9 285.4 280.4 273.4 265.6 259.8 256.6 254.7 251.1 245.3 241.4 237.8 236.8 237.6 238.2 238 236.1 234.2 231.6
277.2 273.9 273 274.3 275.8 279.3 283 286.9 289.8 287.7 281 274.3 266.4 261.9 260.8 260.2 260.7 261.2 263.7 269.9 279.4 286.3 292.3 299 305.1 308.7 313.9 314.9 321.8 324 326.4 328.8 331.7 335.3 339.8 342.4 344.8 348.2 350.8 351.5 357.5 362.8 365.8 366.7 371 375.3 387.8 402.1 411.3 414.6 410.5 409.6 395.5 391.6 373.2 357.5 340.8 324.7 308 290.3 281.1 274.1 268.6 262.3 258.4 257.2 254.7 250.8 244.7 241.2 237.5 237 238 238.2 237.3 234.4 232 230
279.2 279.4 280.7 281.4 282.8 284.9 289.7 293.1 294.7 291.5 284.5 276.1 267.9 265.2 261.2 260.5 260.8 262.7 267.8 273.7 282.5 291.6 297.8 305.7 313.1 315 320 323 324.9 326.9 329 331.9 335 339.1 343.9 347.6 351.3 354.6 355.6 355.5 358.2 362.3 366 370.4 375.7 380.8 386.7 395.7 403 409 404.9 401.9 396.1 394.1 386.4 371.1 357.2 342.1 314.3 287 274.9 267.7 264 259.8 259 257.3 254.7 250.3 244.2 240.7 236.4 235.3 235.8 236.8 236.5 233.2 229.8 227.4
280.6 282.7 285.5 286.8 286.5 287.8 291.9 295.2 296.4 292.1 285.4 275.8 269.5 264.6 260.7 260.7 261 266.1 273.8 281.1 288.6 297.2 303.4 310.6 319 323.8 324.9 327.2 328.3 330.9 333.2 335.7 338.4 342.4 347.7 351.5 355.7 358 359.3 358.9 358.8 362.7 367.8 371.6 380.5 388.3 393.6 394.6 397.5 398.8 399.1 394.9 393 383.5 384.7 380.8 368.8 354.5 326.5 285.3 265.9 261.7 258.7 258.5 258.2 256.8 254.5 249.9 243 238.7 234.4 232.9 232.3 234.2 235 231.3 227.7 224.4
280.1 283.4 286.1 287.4 287.5 289 292.4 295.7 295.6 291 283.2 274.9 268.3 263.1 261.1 260.9 261.6 265.3 274.8 283.5 290.9 297.9 306 314.5 322.7 328.2 328.7 329.6 331.6 333.7 335.9 338.5 343.6 350 351.2 355.5 360.1 361.8 363 362.7 360.9 365.4 371.9 375.7 385 393.6 398.3 397.5 397.7 397 394.5 383.9 384.5 376.8 371.9 366.7 370 351 311.8 273.9 257.5 255.1 253.1 257.1 258.1 256.1 252.9 248.3 241.5 237.3 233.8 230.9 229.5 226 230.7 225.4 220.6 218
279.6 282.3 284.8 286.7 287.3 289.2 292.1 295.4 293.2 288.6 280.9 271.6 266 262 261 261.4 262.5 265.9 275.6 283.8 292.6 301.1 310.6 318.5 325.1 329.2 330.4 331.1 334.9 337.1 339 341.7 347.1 357.2 360.8 362 364.3 365.7 366.4 366.4 365 367.8 374.2 378.1 387.7 401.2 399.6 397 396.8 394.9 391.5 380.8 375.9 368.7 360.3 358.7 354.9 331.2 295.5 265.3 252.4 248.8 253.2 256.4 256.4 254.2 251.1 245.8 240.2 237 233.8 232.6 231 228.9 223.1 219.5 217.4 213.7
279.5 282.1 284.5 286.6 287.8 290.2 292.8 294.3 290.9 285.7 279.7 269.9 264.2 261.6 261.5 262.1 262.9 266.7 275.9 286.5 297.5 306.7 314.9 323.2 327.5 331.7 334.5 336.3 339.6 340.8 343.2 346.8 352.4 362.5 366.6 367.1 367.3 368.5 369.2 368.8 368.4 367.8 372.9 376.9 386.2 399.4 402.3 398.2 393.2 389.8 386.4 380.8 374.8 368.4 359.7 350 336.4 318.8 282.5 254.6 245.9 246.9 250.7 253.9 253.8 251.5 249.2 244.7 241 237.9 235.5 234 231.8 229.7 226.1 221.3 217.8 213.6
