GeneralExemplars/GeoExemplars/data/LakeDistrict/terrain-50-dtm_3563996/ny/NY50.asc
ncols 200
nrows 200
xllcorner 350000
yllcorner 500000
cellsize 50
[rows 0 to 34 of 200, columns 78 to 155 of 200]
432.4 433.4 435.2 434.4 433.9 427.1 429 428.2 427.2 422.9 420.7 416.3 405.7 405.5 403.7 402.6 402.1 400.9 399.8 398.4 397.4 397.5 395 394.1 392.4 388.2 384.9 383 379.6 373.9 366.4 355 349.1 343.2 336.4 336.1 336.2 337.2 334.3 332.9 331.6 331.3 331.8 332.3 330.5 325.6 321.6 319.6 315.5 309.6 308.8 307.9 306.7 305.1 301.4 298.7 296.3 293.5 290.8 286.6 285.2 283.9 286.2 285.6 284.4 282.2 281.1 280.1 278.7 274.9 272.1 264.1 267.7 271.6 272.6 271.2 270 270.7
436.4 436.6 437.8 437.8 437.5 432.3 433.9 431.9 432.5 427.9 423.7 416.9 409.2 408.9 407.3 407.3 405.9 404.1 402.8 402.4 401.7 401.4 399.8 397.3 396 391.9 387.7 385.6 380.7 375.5 365.2 354.6 351.2 344.7 336.9 339.1 340.3 342.6 340.8 338.9 337.6 337.5 338.8 339.9 337.4 331.9 324.5 320.8 316.9 312.2 310.7 309.2 307.5 304.8 301.2 298.3 295.7 292.4 294.7 288.8 285.1 285.3 287.6 287.2 287.1 286.1 285.1 284.3 281.8 280.2 277.4 269.1 267.3 269.7 270.8 268.8 267.3 269.4
440.6 440 440.5 439.4 434.8 438 438.4 436.1 435.6 431.8 426.3 419.2 412.5 411.5 410 411.3 409.4 406.9 405 404.7 405.4 404.7 404 400.6 398.6 394.6 390.6 387.3 381.6 376 364.3 357 350.9 345.8 341.6 343.2 345.6 348.6 348.7 346.5 346.6 346.1 346.2 346.7 344.6 338.2 330.1 326.6 320.2 315.2 312.7 310.3 307.3 304.9 301 298 295.8 296.5 297.3 290.9 286 287.4 289.8 289.6 290.7 290.5 288.5 287.4 285.6 284 281.2 270.7 270.6 269.8 267.8 257.4 260.4 267.7
445.3 443.3 442.9 440.9 438.6 441.8 442.8 439.4 437.6 433.1 428.6 422.1 416.8 415.9 414.7 414.1 413.5 412.8 409.2 408.1 408.7 408.7 407.1 404.2 401.1 397 393 388.8 382.6 375.1 364.5 360.5 357.9 348.2 346.1 350.9 353.3 355.1 357.2 356.1 355.6 354.9 354.7 354.1 351.6 344.2 335.8 331.9 323.7 319 314.5 311.5 308.4 305.2 301.1 298.1 298.7 299.4 299.2 292.6 287.5 290.6 292.2 292.8 294.3 293.3 290.3 290.1 287.6 286.2 282.8 272.6 272.6 272.5 268.8 267.5 251 265.3
448 445.7 444.7 442.7 443.1 444.1 445.2 442.5 440.1 435.3 430.1 426.1 420.2 419 419.5 416.6 416.2 416.1 412.2 412.6 412.5 412 410 406.6 403.4 399.3 395 389.6 383.2 373.6 366.1 364.2 361.8 352.3 352.3 358.1 361.2 363.9 366.1 365.6 364.5 362.2 362.8 361.3 358.2 349.9 341.1 336.4 328 323.4 316.3 313 309.4 305.8 301.4 300.1 300.3 302.2 301.1 295.8 291.7 293.9 295.1 295.9 297.1 296 293 292 288.9 287.2 283.2 273.1 273.9 272.6 268.9 267 256.6 262.5
451.2 448.6 449.2 444.6 447.5 449 449.2 445.2 440.9 436.9 431.7 429 423 421.7 422.3 421.2 420.4 417.6 414.5 415.5 415.7 415.1 412 409.1 405 400.3 395.9 390 382.3 373.6 369.1 368.3 364.5 353.3 359.6 365.3 368 371.6 374 373.3 372.4 370.1 369.4 368.6 364.4 354.9 345.7 340.3 332 327.1 318.5 314.4 310.2 306.3 302.9 303.5 303.4 304.8 303.2 299.4 297.1 296.5 298.2 298.9 299.7 298.6 296.1 293.7 290.3 288.2 281 274.5 274.7 271.6 267.4 265 258 256.8
453.5 452.4 454.8 449.4 447.5 452.1 450.6 445 441.8 438.8 433.1 429.5 424.7 426.8 425 424.4 423.1 421.1 418.3 417.9 418.6 418.5 414 410.5 406.5 401.1 396.9 389.2 382.4 377.3 372.2 371.4 366.2 359.4 366.6 372 375.5 379.6 381.2 381.1 379.3 377.1 376.1 374.9 369.5 359 349.5 342.7 336.2 330.6 321.4 315.6 310.4 306 304.6 306.1 305.8 307 305.4 303.6 301 299.8 302.4 303 303.2 301.3 297.9 294.8 291.7 287.9 281.8 275.1 272.7 268.5 265 262.5 255.5 244.9
457.6 458.1 458.2 454.7 452.5 457.8 454.4 447.3 443.7 439.5 433.4 427.7 430.5 429.6 429 427.1 424.9 422.5 420.2 420.5 420.7 419.3 416 412.5 408.1 402.7 397.3 388.9 384.4 379.6 374.7 373.3 367.2 364.7 372.8 378.3 382.2 385.8 388 388.1 386.3 383.8 383.8 381.2 374.3 363.1 352.8 343.2 339.4 333.2 323.3 317.7 311.5 307.9 307.9 309.8 307.9 309 307.6 307.5 305.5 303.2 306.6 307.2 306.5 303.9 300 295.6 292 288.5 281.5 276 273.5 268.2 263.4 259.3 253.7 248.1
462.4 463.1 462.1 458.4 458.8 461.5 456.7 452.3 446.7 440.2 434.1 436.6 435.5 435.8 433.3 430.1 426.6 423.4 422.1 422.9 422.2 420.6 418 414.4 409.2 403.3 397.3 390.9 387.5 381.6 376.4 372.9 362.6 371.7 378.2 384.8 388.2 392.3 393.9 394.2 392.2 390.7 388.7 385.7 377.5 366.5 354.6 345.8 342.8 335.3 325.3 319.4 313.2 310.2 311.1 312.2 310.4 311.9 311.1 311.7 308.6 307.3 309.8 309.7 309.2 306.2 301.8 298.5 291.7 288.7 281.8 277.4 274.9 269.5 262.1 257 250.4 245.2
466.4 468.4 466.4 462.5 463.6 465.3 459.7 454 447.8 441.3 438.9 441.5 441.2 440 437.1 433.5 429.6 425.3 424.2 424.6 423.1 422.1 419.6 414.8 409.5 403.9 398.5 392.7 390.1 383.4 377.1 370.4 370.9 377.5 383.7 389.7 394 397.2 398.4 398.1 397.1 395.1 392.6 387.7 378.6 368.2 357 348.6 345.6 336.3 326.8 320.6 315.7 313 315.2 315.9 313.7 315 315 315.8 312 310.8 313.5 312.5 311.5 306.5 302 298.2 292.5 287.9 280.9 278.5 275.8 269.2 262 254.8 252.5 241.6
473 473.1 471.9 468.3 469.3 470.6 462 456.4 447 443.8 444.5 444.9 444.5 443.7 439.5 437.1 431.9 429.1 426.7 426 424.3 422.9 419.9 416.1 409.3 404.7 399.9 395.7 391.2 384.6 377.8 369.9 379.3 383.2 389.6 395.2 398.8 401.7 401.4 401.4 400.6 398.4 394.8 388.7 379.1 369.4 358.6 349.9 346.2 337.2 329.9 323 318.3 316 317.4 319.6 317.3 317.3 318.6 319.2 315.3 313.8 316.4 314.5 309.7 305.7 302.5 298.1 292 286.4 280.8 278.5 275.7 269.3 261.7 254 252.5 241.2
478.5 476.3 472.5 474 473.8 472.2 463.8 457 449.4 449 449.7 448.3 448.2 447.3 444.1 439.7 435.5 431.6 428.2 427 425.5 424.2 420.2 417.4 409.1 404.4 401.1 397.6 392.2 386.3 380.5 376.4 384.4 388.1 394.9 399.7 403.1 404.7 404.5 404.4 403.8 400.7 395.1 388.6 378.5 370.1 359.4 352.4 346.2 339.1 331.9 325.7 319.8 318.9 321.1 322.2 321.1 320.4 322 321.8 318.9 316.7 317.3 314.5 309 306.5 303.1 297.3 292.3 285.2 279.2 277.6 275.3 267.4 259.8 254.9 249 245.3
484.1 479 476.5 476.4 475.8 471.8 465.3 456.2 454 453.3 451.9 450.6 451 449.9 448.9 442.3 438.8 434.5 429.4 428.3 426 423 420.6 416.7 409.5 404.8 402.4 399.2 393.9 387.9 380.5 385.8 389.4 392.8 398.7 403.9 406.8 408.7 409 407.3 405.8 401.4 394.4 387.9 379.2 369.6 359.3 352.5 346.1 338.8 333 328.8 323.4 322.8 323.7 324.9 324.3 323.6 324.6 323.4 321.2 318.7 316.7 312.2 310.9 307.2 302.8 296.8 291.2 282.5 276.6 276.2 274.5 266.4 257.9 253 250.4 252.2
487.5 483.2 479.9 478.3 478 472.7 464.9 459.7 458.7 457.2 454.7 453.2 453 452.3 450.1 446.7 440.9 435.2 431.8 429.4 427.6 424.7 419.9 416.1 409.7 405.3 403.1 399.4 395.3 390 385.5 390.6 393.4 397.6 403.2 407.9 410.9 412.1 413.4 410.4 408.2 400 392.5 385.9 377.7 368.1 359.5 351.9 345.5 339.5 333.8 328.9 327.2 326.5 326.3 326.8 327 326.5 326.6 324.9 322.7 319.8 315.6 312.4 310.8 305.9 300.1 295 287.9 278.1 273.8 274.9 272.1 263.8 257.6 249.7 253 256.4
489.9 487.3 483.2 479.1 476.8 470.5 465.4 463.5 461.7 459.5 456.5 453.8 455.4 452.5 449.9 447.8 441.3 435.1 434.1 430.3 428.6 426.6 420.9 416.3 411.1 406 403.6 399.3 395.4 392 391.9 395.2 397.6 401.7 406.8 410.2 413.5 414.1 414 412.7 408.1 398.5 390.4 384.3 374.8 367 359.3 351.1 344.9 340.6 336.1 331.2 328.8 328.3 328.3 328.4 329.2 328.3 327.1 324.7 322.7 319.3 314.8 312.6 308.5 303.8 297.6 291.6 282.9 275.8 270.2 270.4 268.3 260.4 254.7 258.5 259.1 260.5
492.5 488.8 482.9 478.9 475.1 468.2 466.2 464.9 463.3 461.3 457.3 454.2 455.1 451.9 449.7 446.2 440 435.6 432.9 429.7 429.6 426.6 422.4 417.6 413.7 407.3 403.5 400 395.8 395.3 396.5 399.1 401.4 405.7 410.3 413.6 416.4 415.9 413.8 412.5 407.5 399.7 391.3 383.2 373.8 366.5 359.2 351.7 346.6 342.5 337.9 333.4 331 330.7 329.4 329.4 329.9 328.6 326.7 324 321 318 314.2 311.3 306.6 300.6 295.6 288 277.5 269.5 265.3 263.8 258.5 255.2 260.2 263.5 264.3 263.5
493.9 489.2 484.2 479.4 475.6 471.4 469.8 467 464.2 461.3 458.8 456.9 454.6 451.6 448.4 443.8 438.1 435.5 432.4 430.5 428.6 427.1 423 420.2 415.2 408.9 403 399.2 397.3 398.6 400 401.9 404.5 409.1 413.8 417.1 419.3 418.3 414.6 411.5 405.6 400.2 392.2 382.9 374 367.5 360.3 352.2 348.2 343.3 340.7 336.2 333 332.1 330.3 330.8 330.7 328.4 324.7 321.9 319.1 316.2 313.1 308.9 303.2 297.7 291.5 281.1 271.5 266.2 261.7 260.1 260.4 264.2 264.4 267.1 267.2 266.4
493.7 489 485.5 480.4 475.5 475 474.5 471.6 468 465 461.1 458 455.4 451.1 446.8 442.9 439.4 434.8 431.6 429.1 427.9 427.2 425 421.5 416.9 410.8 403.8 400.3 398.3 402.4 403.6 405.3 408.3 413 416.9 420.9 422.5 420.8 415.5 410.9 406.6 400.8 392 384.3 377.7 369 360.8 353.3 350.3 346.6 344.5 339.8 335.7 334.2 333 331.9 331.1 327.7 323.7 319.3 316.8 314.5 310.1 305.9 301 293.7 287.6 272.2 263.9 263.3 261 262.5 264.3 267.5 268.9 269.6 269.9 268.6
493.5 491 488 482.8 479.6 480.8 479.2 476.3 474.5 468.2 463.5 459.2 456.4 453.3 448.4 443.2 436.6 432.2 430.1 428.7 428.3 427.2 424.5 424 417.3 412.1 404.3 402.4 403.4 405.2 406.8 408.6 411.8 416.4 420.3 422.8 423.6 422 417.1 413.2 408.5 401.3 392.2 384.6 382.1 373.9 365.7 357.9 354 350.4 347.8 342.3 339.1 336.7 333.3 331.9 330.7 325.4 322.8 316.3 315.1 312.7 308.8 302.6 296.6 291 281.6 266.7 266.4 265.8 265.4 267 269.4 270.8 271.7 271.9 272.2 270.7
494.8 493 488 487.9 484.9 486.2 484.5 480 477.8 472.4 465.2 460.8 458.4 455.4 449.5 442.3 436.7 432.3 429.2 428.6 428.4 426.9 425.3 423.9 414.5 409.5 404.2 404.4 405.8 407.7 409.2 412.8 416.6 419.7 422.6 424.1 423.8 421.7 419.2 414.6 411.1 402 393.5 385.7 383.5 377.9 369.2 364.8 358.8 354 351 345.8 341.1 338.2 334.2 329.9 328.4 323.7 319.8 316 314.7 310.9 306.4 300.4 296.4 288.5 274.7 267.8 268.2 267.7 269 271.7 273.5 273.5 274 274.3 274.3 273.3
496 494.2 492.4 494.3 492.8 490.2 488 482.8 480.6 474.7 468.2 464 461.6 457.2 450.6 443.8 437.1 432.9 429.1 427.8 427.5 425.4 421.5 417.9 413 408.4 406 405.9 407.3 409.1 411.6 415.8 419.5 422.7 425.1 425.5 424.5 422 418.9 416.1 410.3 404.6 396.9 387.3 384.3 379.7 375.9 370.7 363.6 359.6 354.1 347.9 342.5 339.3 334.4 328.7 326.7 322.6 317.9 315.9 313.9 309 302.3 297.8 291.9 280.4 271.8 269.6 269.8 272.6 274.3 276.2 276.3 276.6 276.3 276.5 276.1 275.1
502 499 500.9 501.6 498.1 495.2 491 486.4 481.9 477.2 471.9 467.3 461.9 456.3 450.1 444.6 437.5 434.2 428.7 426.1 426 424.8 420.5 416.5 412.2 409.2 407.1 407.6 408.1 410.4 414.6 419.3 422.6 425.5 427.5 428.2 426.5 423.8 420.8 417.1 413.6 405.8 401.1 393 385.9 385.4 381.1 375.8 370 366.5 358.9 350.8 343.8 338.5 333.2 328.5 326.4 320.3 317.8 316.2 312.2 306.3 298.7 296.3 286.6 274.8 274.1 276.9 277.5 278.3 280.3 280.8 279.5 280.4 279.3 278.7 278.1 276.7
502.2 503.5 506.1 506.5 503.9 499.1 496.2 489.5 484.4 478.6 473.2 469.1 463.6 456.8 451.4 446 440 434.3 426.6 424 422.4 421.2 417.1 415.7 411.1 409.8 409.2 409.3 410.2 412.2 417.3 422.1 424.7 428 430.2 430.6 429.1 426.7 424 419.7 413.7 408.9 403 396.6 388.6 388.2 385.6 380.6 375.4 371.7 362.6 353 345.5 338.3 332.8 326.4 323.9 319.3 318 315.2 310.6 299.9 291.3 287.4 279.1 278.7 280.6 282.9 283.5 286 287.2 286.1 284.7 283.7 282.7 281.2 280 278.6
506.7 509.2 509.6 508.8 508 503.7 497.5 491 485.4 480.3 474.8 469.2 462 457.2 453.2 447.3 442.9 434.6 427.1 421.2 418.8 417.1 416.2 413.5 410 410 409 409.5 411.2 414.1 419.5 425.3 428 431.4 432.8 433.4 432.4 429.5 426.8 422.9 417.1 411.5 406.4 400.8 395.5 390.7 390.5 387.8 378 374 365.7 355.6 347.2 337.5 330.2 324.2 321.5 319.7 318 313 298.4 286.3 285.2 283 280.8 281.4 287.1 288.6 290.8 292.1 292.3 290.6 290.1 287.8 286.2 283.8 281.3 279.8
514.7 515.5 514.2 512.1 509.8 505.8 500.4 494.6 488.9 482.5 475.2 469.3 463.9 458.8 452.6 447.1 442.7 434.8 427.3 422.6 419.7 414 414.8 409.8 409.2 411.2 409.5 409.9 412.3 416.4 422.5 427.4 429.9 432.4 434.7 435.8 436.7 433.7 428.7 425.4 421.5 415.9 408.3 405.3 401.3 394.2 392.7 391.2 382.2 378 368 357.5 347.2 337.1 328.3 322.6 321.1 319.8 316.3 302 296.4 297.8 291.8 287.7 285.2 288.5 291.8 294.7 296.3 295.6 296.6 295.6 294.3 292.6 290 287.1 283.1 281.1
522.7 522.4 519.2 516.4 512.9 508.5 503 498 490.9 484.9 478.6 472.2 466.5 459.7 451.1 443.9 440.2 433.2 427.1 420.7 418.5 409.9 413 407.8 406.6 407 410.1 410.1 413.8 417.6 424.5 429.2 432.6 434 437.6 440.3 441.8 438.2 433.2 427.4 426.4 419.7 409.8 407.3 405.1 398.2 393.7 391.3 385.1 381.3 367 356.7 345.8 334.8 326.7 323.1 321.3 318.7 311.3 295.8 306 298.5 294.2 291.5 292 294.9 296.7 299.7 301.4 300.3 300.1 300.1 298.3 296.3 292.9 289.4 284.8 282.4
528.2 528.1 523.8 520.1 515.3 512.9 507.7 500.9 493.5 489.6 483.7 477 469.3 460.8 453.4 445 440.8 431 424.5 421.1 416.9 407 410.5 405.6 404.8 407.2 407.7 409.5 413.1 417.2 425.4 431.7 434.6 437.4 440.6 444.4 446 442.9 421.3 421.3 421.4 419.7 412.2 408.7 410.1 400.4 391.9 385.9 382.4 377.2 361.8 352.9 341.8 333.6 325.6 321.9 319.4 310.9 301.7 303.4 306.3 301.5 297.2 297.5 299.3 302 302.1 305.2 306 305.3 303.9 305.4 302 299.4 296.6 291.1 285.9 283
532.1 530.2 526 522 518.9 514.2 510.8 502.8 497.6 492.5 487.5 480.6 472.7 463.2 450.9 446.3 438 428.7 426.2 419.7 410.7 403.7 406.4 403.5 401.9 402.6 405.2 408 410.4 416.4 427 432 436.1 439.9 443.3 446.6 447.4 440.1 421.6 409.3 407.9 408.4 410.5 406.8 407 395.4 387.8 380.9 378 367.9 356 347.7 339 330.4 324.4 319.5 308 307.1 304.4 307.4 308.2 307 305.2 305.4 305 307.3 306.9 308.3 308.8 308.3 307.7 307.2 305.1 301 300.6 292 285.8 283
536.2 531.3 526.3 524.2 520.6 515.6 512 504 500.8 494.5 488.8 482.2 472.9 463.9 452.8 445.9 435.2 427.2 421.4 415.6 409.5 401.3 403.8 402.3 399.2 400.2 403.9 405.7 408.8 415.6 426.7 431.9 437.4 442.2 445.1 447.9 449.8 443.9 424.4 398.3 393.7 406.4 402.4 400.4 396.4 388.7 381.5 373.8 369.6 361 351.5 342.2 335.7 328.2 322.8 309.9 314.4 309.7 309.7 313.9 314.7 317.2 314 315.8 313.1 310.4 310.7 311.7 311.6 313 308.5 307.2 304.4 301 299.8 289.7 285.6 281.7
537 531.2 527.8 524.9 521.6 516.5 512.3 505.5 501.8 496.3 490 482.7 473.8 465.2 453.4 444.6 433.9 426 419.2 410.9 405.5 397.6 399.9 399.8 396.9 397.3 401.4 403.5 406.3 416.5 426.3 431.3 437 442.4 445.7 450.3 448 443.6 424 389.4 377.7 377.2 392.2 390.2 385.8 380.1 374 366.9 361.9 353.7 345.1 337.5 329.9 323.2 315.2 315.4 314.2 320.1 321.3 320.6 325.1 327.6 327.6 325.6 318.9 315.2 316.1 317 314.2 311.9 307.4 305.6 304.2 297 293.8 289.9 286.1 282.1
537.9 532.4 528.5 525.9 522 516.9 511.7 505.3 501.4 498 492.4 483.5 473.9 465.5 454.5 442.8 432.4 424.3 416.6 408.1 400.1 394.2 395.8 395.5 394.2 394.2 397.2 401.6 406.3 416.2 425.9 431.8 435.7 441.8 445.2 443.4 438.2 383.6 378.7 378 377.1 377.8 385.9 385 380 369.7 365.3 360.6 353.3 344.8 337.4 331.2 324.2 319.9 315.8 324.8 325.6 330.2 330.7 332.5 334.7 336.4 336 331.3 326.5 321.5 322.2 320.7 317.1 311.8 307.3 304.3 300.6 295.7 292.4 288.7 284.8 282.7
538.4 533.6 527.9 526.5 520.6 514.9 509.2 504.2 499.9 495.6 489.4 479.7 472.8 465.8 451.3 440.8 429.9 420 412.1 404.5 396.9 392.9 391.9 391.2 391.6 391.6 394.1 398.7 404.5 414.3 425.2 431.9 434.5 436.1 383.4 389.1 423.4 385.5 379.2 376.2 376.2 381.7 382.8 383.5 372.3 363.7 358.7 352.3 345 337.6 331.7 326.6 327.4 321.7 322.5 329.7 335.7 338.8 339.1 340.9 343.6 345.2 342.7 338.6 333.8 328.8 329.3 324.5 320.6 314.8 306.5 303.1 300.5 297.8 293.3 290.4 287 282.7
536.8 529.3 527.4 525.1 519.2 513.9 506.8 501.7 498.2 492.2 485.3 474.8 468.8 460.1 445.6 435.7 424.1 416.1 406.3 398.1 393.4 388 387 386.6 387.5 387.1 389.4 396 402.5 411.8 421.4 429.4 432.6 419.7 383.3 386.3 384 384.6 378.2 376.8 376.9 377.2 373.5 369.5 364.2 357.3 350.1 343.5 338.1 332.9 329.7 326.5 325.5 331.4 335.3 338.3 343.5 345.7 350.1 350.4 352.7 352.8 349.1 344.9 340.3 335.3 330.4 325.2 321.1 313.2 306.8 303.8 302.6 298.1 294.7 293.3 288.4 283
531.9 527.2 524.6 521.8 518.4 512.7 505.2 498.6 493.4 485.4 477 467.8 461.2 451.2 438.4 428.4 418.1 408.1 399.3 391.4 385.9 382.4 375.8 380 379.6 379.8 384.1 391.2 396.2 405.4 411.7 419.2 424.6 406.1 382.7 380.8 381.8 377.7 375.2 367.8 363.2 368 360.6 358.1 353 347.9 342.3 338.4 334 329.5 327.6 332.3 337.9 338.9 341.1 347.1 353.7 355.8 360.1 358.4 358.2 358 354 349.3 345.8 339.3 330.5 325 320.6 315.3 308.1 305 303 301 297.6 294.4 288.4 282
526.9 525.4 520.7 518.6 514.6 511.4 502.9 493.8 487.1 478.1 469.2 460 452.5 440.9 429.8 422.4 410.1 400.3 391.2 382.5 376 372.5 364.8 370.4 368.9 370.7 377 380.7 387.4 391.3 390.1 392.8 392.8 384.2 380.2 374 367.8 366.9 362.6 355 351 351.9 351.6 349 343.4 341 338.4 334.8 333.7 340.8 339.1 342.1 343.2 343.8 348.6 354.3 360.8 362.3 364.1 365.4 362 362.2 357.8 352.4 347.7 341.6 330.8 324.5 321.2 315.8 309.1 306.3 306.4 302.8 297.6 293.4 286.5 280.5
