GeneralExemplars/GeoExemplars/data/LakeDistrict/terrain-50-dtm_3563996/ny/NY50.asc
ncols 200
nrows 200
xllcorner 350000
yllcorner 500000
cellsize 50
[rows 140 to 174 of 200, columns 0 to 77 of 200]
166.4 175.6 189.5 202.2 214.6 231.2 248.4 265.4 277 288.7 299.1 308.8 325.3 342.9 358.7 375.8 395.5 413.1 426.6 436.7 442.5 447.5 448.5 451.8 451.5 451.3 449.9 444.9 433.9 401 360 339.3 322.1 311.3 299 287.8 278 268.9 260.7 257.7 250.5 246 244.3 247.6 249 242.7 239.1 240.7 247.9 256.6 264.4 269 275.7 287.1 301.7 326.4 348 370.5 389 399.8 393.7 389.8 392 393.4 392.9 395.7 404.5 408.8 411 412.3 414.9 407.8 397.4 387.6 382 376 364.2 350.7
162.2 168.9 178.9 191.2 199.5 218.1 232.7 247.7 254.7 263.7 276.6 296 316 336.9 357 374.5 390.5 405.3 417.5 426.3 434.2 440 442.1 444.6 446 448.3 447 444 433.3 418.2 391.6 359.4 334.8 321 309.6 298.3 289.3 279.3 273.1 268.9 262 256.4 252.7 254.9 250.2 241.1 238.5 238.2 245.2 251.5 257.3 260.2 267.3 273.7 286.7 304.8 329.4 347.3 364 374.8 375.7 376.9 381.2 383.7 384.9 385 387.2 392.4 396.2 397.6 395.1 389.1 383.2 376.2 368.4 361.7 349.6 344.7
158.8 168.7 168.1 176 188.2 200.1 210.8 220.4 231.3 242.3 265.2 287.6 307 329.7 350.7 368.3 384.2 394.1 406.7 415.9 426 432.7 437.3 439.1 440.6 442.8 441.4 435.8 433.2 427.1 407.8 383.1 360.4 335 319.7 312.5 301.2 291.5 283.4 275.6 270.6 266.4 264.7 259.5 251.2 239.5 237 241.4 243.3 246.3 249.4 255 257.1 262.5 273.7 290.5 309 330 347 358.8 364.9 367.6 374.7 377.4 377.9 378 380.2 380.7 383.5 384.9 381.8 377.3 369.7 366.5 357 346.2 339 336.2
160.6 158.4 164.2 166.6 177.8 183.1 197.1 201.6 212.1 230.5 248.2 272.5 295.9 319.3 340.6 360.7 375.1 386.5 397.4 407.6 418.1 425.5 430.5 431.9 433.8 432.3 430.8 429.8 428.2 424.6 410.2 400.6 376.2 349 337.7 327.1 314.7 303.1 293.2 284.8 279.8 275.4 271.5 264.7 253.5 241 237.3 239.6 239.3 237.9 239.5 243.8 246 250.6 262.5 280.4 295.4 313.6 333.5 349.7 356.8 363.5 368.7 371.6 372.6 373.4 373.1 372.3 371.6 372 371 363 356.2 350.9 342.1 333.4 329 325.3
164.9 163.2 157.7 160.8 170.5 181.9 196.9 193.8 201.9 216.8 233.8 257.2 282.3 308.8 331.2 351.7 367.8 380.2 391.5 401.2 411.2 418.1 422.5 424.6 425.3 426.8 425.9 424.6 421.6 414.9 410.4 401.2 393 377 366 346.8 329.1 315.7 304.8 295.9 288.1 282.4 275 266.2 256.4 242.2 236.3 237.3 236.2 234.7 236.5 239.3 244 251.6 260.3 274.8 287.4 301.4 318.6 337.2 351.3 359.2 363.9 366.1 367.1 364.5 364.9 364 362.1 363 358.5 351.7 345.2 338.5 331.5 324.6 317.7 315.5
167.4 163.9 158.3 157.7 162.9 176.6 189.8 186.1 192 204.3 215.8 237.3 264.1 292.9 322.5 345.1 361.4 375.1 386.1 396.2 404.6 411.9 415.1 418.9 420.9 421.8 419.3 417.3 412.4 410.4 411 414.7 403.5 394.6 388.6 377.2 351.2 331.8 317.8 308.2 299.4 290.6 281.3 275.4 264.9 256 245.4 237.1 236 242.3 237.5 233.8 242.2 253 262 272.4 282.1 295.1 308 322.4 341.2 352.3 355.5 358.5 358.8 358.1 361.4 358 354.3 352.9 350.6 343.9 338.5 332.7 325.4 318.1 310.8 307.3
171.6 164.6 158 157.1 159.3 164.5 178.3 182 182.7 189.3 200.7 217.8 248.6 279.5 310.2 337 357.6 371 380.8 391.6 399.4 406.6 410.7 412.4 414.5 414.2 412.4 410.4 409.5 413.5 412.9 407.5 399 396.4 389.9 382 367.5 345.8 326.8 319.3 309.9 301.9 296.1 288.8 280.4 268.3 259.2 249.6 237.6 243.4 243.8 232.1 244.3 252.3 260.1 268.1 276.8 284 295.8 311 330.3 342.6 347.3 350.9 352.3 353.8 353.2 352.6 349 344.6 342.3 338 333.7 325.9 318.3 312.4 305.2 301.2
179.1 168.3 161.2 157 157.4 159 162.6 169 170.5 177.7 190.3 209.5 232.6 266.5 297 324.4 348.6 364.3 376.4 386.4 394.8 402.6 405.3 405.9 406.6 406.9 407.1 409.2 408 403.5 401.9 397.7 395.6 390.8 382.5 376.7 366.5 352.3 344 334.2 326 319.5 310.6 303.6 294.3 286.7 274.7 258.3 241.4 239.3 244.3 231 239.8 248.6 255.1 261.4 267.9 275.2 283 298 317.4 329.8 337 341.9 344 347.1 346.7 346.3 345.6 341.2 337.8 334 330 320.9 312 308.2 300.7 296.5
181.1 166.2 160.5 157 156.6 157.2 159.6 162.1 164.4 170.6 181.5 201.1 225.6 251.3 279.6 310.1 337.8 356 371.8 381.7 389.1 394.9 397.2 399.1 401.6 402.8 402.6 400.9 398.4 394.6 394.2 388.6 386 384 383 375.8 372.6 368.5 354.3 347.6 339.2 335.5 330.5 320.2 311.7 303.6 288.3 268.4 251.8 241 241.3 232.3 229.7 239.2 247.7 254.2 258.7 265.8 274.9 287.7 301.6 316.3 323.6 328.4 333.7 337.7 341.4 343.2 342.4 339.8 335.7 329.5 324.6 315 309.3 307.6 302.5 295.1
177.5 162.2 157.3 156.4 156.3 156.5 157.2 159.3 162.6 169 173.2 191.1 213.3 241.6 264.4 299.5 322 346.8 364.1 374.2 382 387.9 391.7 392.6 394.7 394.7 394.2 395 391.8 386.3 385.9 383 383.6 387.5 385.6 377 368 361.8 357.9 355.9 358.8 351.4 348.2 339.8 327.1 321.7 305.3 281.9 262.7 248.6 240 231.8 230.7 236.8 242.7 245.5 248.2 257.2 266.1 276.6 292.8 306.7 315.9 318.6 327.4 335 339.3 341.8 340.4 336.7 331.7 328.2 324.5 318.1 310.9 306.2 302.8 295.9
177.6 162.3 158.6 156.2 156.1 156.6 156.4 157.5 161.8 167.6 173.3 187.9 206.1 236.8 269.5 300.2 321.6 337.7 353.2 365.6 374.2 382.1 386.2 387.6 388.3 388.3 388.3 387.1 383.6 381.4 381.1 386.2 389.7 380.9 375.3 367.6 365.7 365.6 360.2 363.6 362.8 354.7 348.5 343.8 334.2 330.5 313.7 293.7 271.4 257.6 244.7 232 228.1 236.4 241.5 239.4 243.8 252 260.9 270.4 284.3 297.8 307.6 316.9 324.7 333.8 338.6 340.3 337.3 334 330.7 327 322.4 316.7 312.9 308.4 301.8 297.4
181.5 175.1 166.5 156.4 156.2 156.2 155.8 156.7 159.4 163.4 169.7 183 206.1 235.5 267.3 294.3 314.7 332.9 347.3 357.1 365.3 373.1 378.8 382.1 383.2 384.4 384.1 382.4 382 380.8 381.5 378.5 377.8 371.9 371.5 369.3 366.7 366.8 355 356.5 355.8 351.2 345.5 338.5 331.2 326.7 322.1 310 282.4 262.6 245.8 233.6 228.8 231.4 237.5 233.6 238.5 246.6 253.9 265.4 273.9 291.1 307.9 318.9 327.1 334.3 337.6 338.2 337.2 334.6 331.8 326.8 324.3 321.1 313.9 309.4 303.7 298.8
193.4 179.4 164.9 158.8 155.7 156.2 155.7 155.9 157.5 160.3 167 179.7 202.5 227.6 259.9 283.3 308.3 327 340.9 352.2 359 365.4 372.2 376.2 379 381.5 381.3 379.5 377.8 376.9 375 372.3 372.2 371.5 369.2 363.7 360.9 359.3 349.3 348.7 347.9 343.8 339.7 337.8 332.2 332.9 328.8 320.1 302 269.3 252.1 239.6 229.9 226.5 228.4 228.9 237.1 242.2 249.7 254.7 271.6 287.6 307.4 320.1 331.2 336.3 338.6 340.3 338.5 335.4 333.4 329 321.6 317.6 312.1 309.7 305.2 299.2
200.3 180.8 165.5 159.2 155.8 155.6 154.7 155.6 155.5 158.8 163.4 176.1 197.1 221.2 248.3 274.4 298.4 317.7 332.2 345.1 352.6 362.5 368.9 375.3 380.6 383.4 381.3 377.3 374.6 371.5 369.7 370.1 367.7 365.2 360.5 353.9 355.4 352.3 348.5 342.7 342 339.5 336.2 334.4 334.4 335.3 331.2 318.2 308 281.9 252.8 239.3 232.6 227.3 225.8 225.9 229.3 235.4 245.6 255.6 263.5 282.3 302.8 317.9 335 342.7 344.2 345.6 344 340.6 335.8 328.1 325.2 320.1 316.5 313.6 311.5 306.3
204.8 182.3 167.8 159.8 157.8 156.8 154.8 155.8 155.3 155.6 159.7 170.5 190.4 211.5 240.8 267.2 286.3 305.6 323.5 338.8 351.3 362 369 377.4 382 384.5 380.6 375.9 373.6 370.4 366.8 366.2 363.4 361.4 358.4 351.4 345.7 344.4 343.6 339.7 336.6 336.3 335.7 334.3 333.5 334.1 332.7 318.9 302.3 281.5 261.9 243.7 232.5 232.9 226.5 225.6 228.2 230.7 239.6 245.9 252.2 273.8 300.1 315.7 333.6 343.8 349.4 351.7 350 346.5 339.3 333.4 328.4 326 323.1 318.1 313.8 306.1
213 183.5 169.6 158.7 158.3 155.9 155.2 155.3 155.8 155.2 157.2 167.9 182.5 201.7 225.5 250.2 275 300.9 318.3 334.9 350 360.6 369.1 378.6 386.5 385.9 382.7 377.6 373 369.5 364.8 362.5 359.7 357 350.3 345.6 341.7 340 338 335.7 334 336.3 339.3 336.9 330.8 326.7 326.9 314.5 299.2 285.1 264.5 249.6 232.8 233.6 228.9 224.6 225.6 227 234.9 237.3 244.9 265.8 298.3 310.7 329.3 344.9 352 356 352.9 348.7 344.9 338.8 333.2 331.4 329.9 323.6 316.6 307.8
220.4 190.7 175 158.4 157.5 157.2 156.6 155.1 155.6 155.3 157.7 168.8 180.1 193.8 215.8 242.7 271 293.7 316.4 333.8 348.4 363.9 376.8 387.7 391.4 388.3 383.5 378.8 373.8 368.5 363.5 358.5 356.1 352.6 348.1 343.5 342.8 339.9 346.4 337.2 335.9 331.4 335.5 334.3 330 321.4 317.2 309.4 298.2 283 266.5 248.5 235.9 238.6 238.4 227.5 223.9 223.9 230.6 231.7 235.8 255.5 282.2 304.1 321 342.5 353.1 358.2 356.7 354.6 348.7 343.4 341.3 338.2 329.6 319.4 314.5 304.4
224.9 200 180.8 160.7 159.9 158.4 156.8 155.3 154.8 155.3 157.5 164.2 173.6 192.5 211.5 235.2 260.8 289.5 314.2 334.1 352.3 367.8 381.5 393 397.2 393.7 385.9 379.4 373 366.2 362.9 358.4 351.6 349 344.9 339.8 338.6 342.4 343.5 336.8 337 328 326.6 327 321.8 315 306.8 302.6 291 277.3 263.7 250.4 244.4 237.3 239.2 226.4 221.9 223.3 227.5 225.9 227.8 245.4 263.8 281.3 307.5 338.9 349.9 358.2 362.4 360.9 355.2 347.3 342.9 334.5 323.8 318.3 309.7 303.2
231.5 208.3 184.2 164.9 161 158.7 157.1 155.2 154.5 154.7 156.6 161.3 171.3 187 204 228 254.4 283.5 310 331.2 348.1 365.7 380.4 392.3 399 393.9 386 377.3 370.7 368.7 364.5 358.8 356.5 352.9 344.8 341.3 338.1 335.3 333.9 328.8 327.9 323.9 322.1 319 313.1 306.7 301.5 290.9 282.7 273.6 265.1 255.5 244.2 233.8 232.5 227.4 223.6 221.5 223.4 222.9 223.4 232.5 248 269.2 291 317.3 346.5 355.6 364 360.3 352 346 337.2 327.9 321.6 315.1 311.8 308.6
231.4 208.9 186.4 175.4 165.6 157.8 157.7 156.2 154.4 154.3 155.5 157.1 165.4 178.8 196 224.6 250 274.5 303.5 325.5 345.8 361.7 379.7 392.1 394.3 390.8 383.2 375.4 368 364.3 361.3 358.3 356.6 353.2 346.4 341 337 332 326 324.7 323.9 319.5 319 314 311.6 310.3 306 301.8 290.7 281.3 269.7 251.2 239.7 232.5 228.6 226.9 224 223.1 221.9 222.8 222.4 230.6 248.7 263 277.3 302.4 320.8 334.8 343.8 352 350.5 340 332.9 325.5 321.6 318.6 314.6 311.4
234 220.5 204.9 191.5 179.5 160 157.5 154 154.2 154.2 154.4 154.5 158.8 170.5 188.2 213.2 244.1 272.2 299.3 319.3 340.8 358.9 374 383.1 385 383.3 378.8 371.7 364.5 358.2 356.1 353.6 353 353.5 348.8 344.8 339.1 332.3 330.3 323.8 323.3 323.5 321.2 319.3 318.8 316.2 309.9 303.3 291.7 282.3 275.5 259.4 243.7 239.3 228 225.6 224.5 223.9 223.2 222.5 222.1 230 244.8 252.9 260.7 281.2 292.4 301.5 314 326.4 334.1 336 324.8 320.5 315.3 319.6 318.5 316.6
257.8 234.8 220.3 201.3 182.4 167.1 157.6 153.9 153.6 153.6 154.1 153.7 156.6 166.3 183.4 213.7 235.2 261.9 289.3 315.3 337 356.2 369.6 375.8 378.7 372.9 370.7 366.7 361.5 354.8 350.6 352.4 349.6 351.4 349.2 346.4 345.6 337.1 328.9 327.8 326.1 326 325 322.9 321.9 317.5 314.1 308 300.4 295.5 277.5 256.4 250.3 250.3 238 230.1 226.9 225.1 225.2 221.7 222.3 227.6 241.1 247.6 245 253.5 275.3 290 294.4 303.2 315.8 316.1 308.9 305.9 306 320.2 323.7 322.3
266.8 248.8 227.3 209.2 188.8 173.5 162 153.9 153.5 153.9 154.3 153.7 154.1 163.5 172.5 194.1 214 245.1 268.7 300.9 330.4 348.7 357 359.9 364.1 366.8 363.9 360.7 356.9 351.7 349.8 344.6 347.1 347.1 348.6 350.5 346.1 341.3 337 332 334.8 334.8 332.8 328.7 329.7 326.8 324 317.7 306.8 294.7 280.6 273.9 263.3 258.9 251.4 236.4 232.1 227.4 226.9 222.4 221.7 225.5 235.1 239.4 233.9 240.9 252.6 266.4 280 283.3 287.4 296.1 296.3 294 295.9 308.8 321.8 327.4
274.6 256.5 234.6 216.2 199.1 182.8 169.3 158.8 153.1 153.6 153.8 153.7 153.9 155.1 163.1 178.1 195.2 215.5 241 270.6 300.9 333.1 336.9 347.4 352.5 355.7 356.4 355 352.1 347 345 345.9 337 339.5 347.4 351.1 349.8 348 351.4 346.3 344.8 346 345.4 342 342.7 338.1 332.9 324 311 302 295.4 284.6 279.3 266.8 257.7 248.5 242.6 239 231.4 223.9 220.9 224.3 228.4 227.1 224.4 236.5 243.7 252.6 260.4 267.2 276.2 280.2 282.7 279.4 287.3 297.7 323 324.6
284.1 264.6 251.3 233.1 216.3 198.1 180.7 166.6 156.2 153 153.5 153.4 153.3 153.1 161 169.8 180.8 198.8 223.6 251.6 272.3 292.9 315.4 332.3 342 348 351.2 351.4 349.1 344.5 342.1 342.3 332.6 337.9 341 343.7 349.8 352.5 355.4 358.1 355.7 362 360.6 355 351.3 345.8 338.4 330 321.9 316 309.9 299 287 274 266.4 259.1 254.5 245.7 239.7 229.4 222.1 222.4 224.7 221.5 224.7 235 237.2 237.6 248.2 256.8 264.4 269.3 265.5 271.9 283.2 288.9 296.5 302.3
292 281.4 268.1 250.3 229.4 209.1 198.6 185.9 168.4 157.4 153.1 153.5 153.4 153.7 158.3 162.5 173.7 188.3 206.3 230.5 250.4 274.2 299.1 313.3 332.4 340.2 347.5 348.2 344.3 338.8 334.2 335.4 330.9 335.5 343.3 350.1 350.3 354.4 360 367.1 369.1 372.6 376.3 368.5 362.3 358.3 350.4 338.8 328.3 324.1 319.4 310.3 292.1 284.6 277 267.7 259.8 251.9 246.3 237.2 226.8 222.3 221.7 218.9 232.9 237.7 237.9 236.1 240.7 249 254.9 256.1 264.3 269.9 276 275.8 281.4 285.5
303.9 293.5 281.7 261.9 238.2 227.7 213.5 199.6 181 162.7 153.1 152.3 153.4 151.9 155.7 158.3 166.8 179.4 194.4 210.7 233.5 254.2 280.9 305 320.8 330.9 337.7 340.3 337.7 332 329 329.1 329.4 338.4 346.2 348.8 356 361.5 364.9 369.7 375.5 379.4 382.1 378.7 368.8 359.6 354.4 351.7 342.3 336.7 322.8 312.9 307.7 296 287.4 274.5 266.8 259.3 251.8 244.9 234.8 231.7 225.2 222.3 233.5 237.9 234 234 236.8 243 245.3 251.3 260.9 265.4 262.8 261.9 266.6 269.5
312.9 305.9 292.4 278 262.2 241.7 221.9 212.2 196.3 168.4 153.8 153.1 152.9 152.8 153.1 154.4 159.1 168.1 180.9 204.6 222.4 245.5 274.6 300.1 315.6 323.4 329 331.3 330.9 326.7 323.3 321.7 325.5 337.9 346.2 347.5 353.3 357.9 364.3 373.1 378.8 388 385.4 379 370.4 368.1 364.7 365.2 352.8 339.2 332.1 324.6 315.3 305.3 299.4 288.6 282.7 270.2 261.3 251.8 246.2 237 230.4 219.6 217.9 232.7 231.7 228.7 233.2 235.6 239 247.8 255.4 256.2 252.8 251.4 254.4 255.1
325.3 320 310.7 298.4 288.5 270.2 231.3 221.3 207.4 179 157 153.6 152.9 152.8 152.9 153.2 156.8 162.7 172.6 190.9 214.3 231.7 249.7 277.7 306.2 317.4 318.9 320.1 321.7 318.4 315.4 315.7 327 335.6 346.3 350.3 353.6 361.3 366.2 377 382.8 388.1 388.3 384 376.9 371.2 368.6 360.9 353.6 345.1 336.3 333.9 330.5 321.4 313 305.3 292.9 284.3 271.4 261.1 253.9 245.8 236.2 227.9 215.9 223 223 222.6 227.8 229.2 234 246 253.6 251.2 251.1 242.8 241 239.5
342.3 342.9 333.5 324 315.9 287.4 239.6 227.4 211.9 180.6 161 154.6 153.9 153 152.7 151 152.6 157.3 164.6 170.8 187.4 212.9 235.6 260.2 296.3 308.1 306.4 306.5 311.9 315.1 313.6 307.2 317.3 331.7 342.2 343.8 347.3 355 362.7 375.7 382.4 391.8 384.5 378.7 370.4 361.8 356.9 356.3 355.2 349.7 340 334.6 333.2 338.1 331.9 320.8 309.9 295.3 281.5 268.8 260 251.9 241.6 227.5 217.4 215.8 215.1 215.3 217 224.8 230.1 239.4 248.9 248.5 243.8 235.5 230.9 231.1
367 362.3 347.8 337.7 313.4 290.5 259.5 218.5 204.4 177.5 164 156.1 155.1 154.2 153.4 152.9 152.3 150.6 156.1 160.5 171.9 190.8 213.6 236.2 264.7 273.9 286.3 298.3 311.8 311.9 305.1 302.4 311.4 323.5 335.5 341.7 348.4 356.8 366.9 367.9 381.8 380.4 373.4 370 362.5 360.7 357.2 357.1 353.1 354.2 347.9 348.7 352.4 349.2 344 334.3 322.8 306.6 290.1 279 266.3 258.4 248.5 234.1 223.7 214.6 214.7 214.4 214.3 217.2 224.8 234.8 241.9 241.3 236.4 230 227.7 227.7
376.9 364.3 338.6 326.6 302.8 279.6 245.5 211.5 202.1 169 160.6 157.6 157 155.5 154.6 153.6 153.3 151.9 151.4 155.8 164.4 176.1 192.5 214 234.3 251 266.6 283.5 292.3 298.3 298.1 300.9 304.1 317.6 326.1 338.8 348.2 354.8 355.9 360.6 372.5 368.7 362.5 357.4 355.6 358.5 357.6 361.1 363.1 361 362.4 362.6 363.3 357.6 350.5 341.1 318.9 310.3 303.6 288.7 275.8 266.5 256.8 244.1 234.2 227.3 221.5 217.9 214.7 213.1 219.2 230.3 236.9 238 232.2 225.6 224.8 226.3
361 346.5 327.8 307.7 286.6 259.4 221.4 200.4 186.7 167.5 161 158.9 157.6 155.9 154.9 154.3 152.8 151.8 151.6 152.7 161.8 169.9 180.9 199.7 221.6 239.5 248.4 262.3 277.3 286.3 288.2 293.5 298 306.4 316.8 323.5 337.2 343.6 343.7 355.3 357.1 359.3 356.2 353.9 350.2 358.4 367.9 368.1 366.6 371.1 364.6 358.1 363.6 359.6 339.3 329 320.2 314.4 314.1 301.3 281.7 271 263.3 252 244.6 236.2 230.1 226.3 222.1 214.1 212 225.1 232.1 232.8 226 218.4 220.1 222.5
343 324.9 308.5 282.2 254.5 229 207.7 190 177.2 167.3 162.2 159.8 159.1 156.4 155 153.7 152.5 151.5 151.4 150.7 160.4 169.4 175.1 184.9 203.4 219.7 234.8 248.5 260.8 271.1 277.7 284.2 290.1 295.3 309.7 319.6 328.2 332.4 338.6 348.8 346.3 347.2 350.3 345.5 347.3 352.4 365.5 362.9 365.6 365 361 353.4 355.9 341.3 333.5 327.3 323.9 317 311.1 298.9 285.1 275.9 269.5 261.3 252.5 245.3 239.6 235.2 231.8 218.7 211.7 217.8 227.2 228.7 220.4 217.1 219.2 219.4
324.2 308.3 286.8 260.2 238 221.7 205.7 189.2 178.1 166 161.6 162.7 160.8 157.4 155 153.4 152.2 151.4 151.4 150.1 158.2 169.6 171.8 178.1 191.8 207 223.2 236.8 245.2 257.3 267.6 275.3 281.9 290.3 302.8 311.3 320.5 327.4 338 338 336.2 338.4 342.2 343.8 341.7 344.8 351.5 352.7 357.3 358.5 354.1 340.5 337.8 335.1 331.2 328.3 323.9 315 309.3 300.6 291.3 283.4 277.4 272.2 262.6 252.6 245.6 241 234.7 225.6 215.3 211.9 217.3 223 219.2 216.9 220.7 220.2
