GeneralExemplars/GeoExemplars/data/LakeDistrict/terrain-50-dtm_3563996/ny/NY50.asc
ncols 200
nrows 200
xllcorner 350000
yllcorner 500000
cellsize 50
[rows 105 to 139 of 200, columns 78 to 155 of 200]
335.6 340.9 349.3 353.7 365.3 384.8 406.4 430.4 451 478.6 482.1 477.6 469.8 457.1 441.3 426.1 410.8 403.1 385 368.3 354.7 346 337.5 332.4 321.5 317.1 313.6 305.6 304.9 325.5 342.4 362.6 380.4 398.2 417.6 430.7 447.4 456.6 464.7 470.4 472.1 469.2 463.4 455.3 441.9 433 423.5 415.9 410.5 405.4 399.1 392.5 385.7 378.8 363.7 357.2 337.2 326.5 315 304.9 295.4 281.6 266.6 266.3 268.1 272.9 275.3 276.4 277.7 275.1 273.4 270.3 266.5 264.2 263.9 262.5 255.2 244.9
325.9 331.1 336.9 338.8 348.3 362.1 380.5 401 425.2 444.2 462.5 467.5 461.4 449.8 434.1 416.2 397.7 388.7 374.1 360 348.9 340.3 333.7 327.2 321.1 315.7 314.4 313.7 302.6 319.9 347.6 364.9 383.3 399.6 419.4 436.9 455.3 463.8 471.3 477.9 478.4 470.8 459.9 450.5 440.6 432.9 422.8 410.2 405 401.3 396.8 390.3 382.4 374.3 360.9 347 326.1 320.6 305.7 299.7 287.6 279.9 275.8 281.5 286 290.6 293.4 297.8 298.2 295.5 288.9 284.8 282.9 282.4 279.7 276.2 268 252.9
313.7 320.3 324.9 327.6 332.5 345.7 357.2 375.4 395.1 416.6 434.2 451.8 454.5 448.3 432.9 408.7 384.5 375.8 362.4 354 342.7 335.2 328.4 321.6 315.3 313.6 310.4 307.1 304.9 329.7 350 367.4 386.5 401.8 418.1 438.2 455.8 465.3 476.2 482.9 483.3 474.1 461 450 441.1 432.8 424.9 417.5 412.3 408.9 403.3 396.9 388 379 364 349.1 332.5 318.1 307.7 301.4 293.8 296.2 285.5 294.1 303.7 310.5 317.1 321.6 321.4 315.3 313.6 308.4 305.9 298.6 294 286.5 274.5 270.3
304.8 310.9 316.6 319.9 321.6 333.8 343.8 355.3 372.1 389.6 405.9 426.8 447.6 439 418.9 393.5 375.2 363.2 351.3 343.5 335.2 327.5 322.9 316.6 311.5 309.1 298 295.1 314.9 334.6 352.4 370.1 388.9 403.6 417.1 434.5 452.7 467.7 479.2 484 480.9 473.8 459.6 451.9 443.5 434.1 429.9 426.3 422.1 415.5 411.3 406.7 394.9 380.4 363.3 348.2 333.1 320.8 316.4 309.7 299.3 304.6 299.5 310.5 327.8 336.9 345.3 343 342.5 346.1 339.9 337.3 330.8 320.6 312.6 302.5 295.3 294.9
299.7 299.1 301.2 312.8 313.6 323.3 331.2 338.1 351.8 367.3 384.2 398.3 415.3 422.5 397.2 373.3 359.1 350.6 344.1 337.6 331.6 323.8 317.9 313.9 308.9 300.4 289.7 302.7 323.6 341.3 355.2 372.9 389.8 405.1 419.6 432.7 447.9 468 478.8 483.8 478.4 470.7 463.6 456.9 446.4 442.4 436.9 433.8 431.3 424.3 419.3 408.9 402 382.4 364.5 347.6 336.3 323.8 320.6 312.7 309.7 313 312.7 321.9 338 356.7 368.6 374 370.8 372.8 373.5 364.5 360.7 349.7 341 329.5 323.5 319.3
309.3 302.1 297.2 309.5 309.6 314.2 321.5 325.2 334.2 350.8 364.7 377.6 386.4 385.9 378.8 365.7 346 340 336.9 331.7 326.4 321.3 316.1 310.1 306.2 292.5 295 310.8 326.4 343.2 359 375.6 390.8 407.7 420.7 433.5 446.3 465.7 476.7 480.3 480.1 473.1 464.5 460.4 454.9 451.6 447 440.4 438.2 430.8 425.2 406 395.1 380.2 366.9 353.6 336.3 325.3 321.3 322 323.2 329.3 334.1 335.7 346.5 366.6 377.3 382.2 381.8 380.4 386.4 387.1 385.3 376.4 363.7 354.2 353.2 350.8
318.7 309.6 299 302 304.1 307.6 313.3 315.7 320.6 333.1 345.4 355.1 362.3 365.7 364.4 349 335.9 332.6 332 328.3 321.3 315.5 310.9 305.6 304 293 292.2 312 330.1 344.8 363.4 381.3 396.2 410.5 422.4 435.3 448.5 463.7 475.6 477.5 477.2 471.9 461 460.2 457.2 450.4 448.6 444.8 439.4 433 422.4 405.8 392.6 379.5 368.1 355.9 348.9 343.8 340 338.4 341.8 343.4 348.5 350.4 350.1 361 374.8 383 391.4 390.5 391.3 393.5 390.3 384.2 381.6 372.8 373.3 373.5
320.7 315.3 301.6 297.2 295.7 297.6 300.5 307.6 311 318.3 327.3 336.4 339.4 341.3 342.8 337.3 328 327 325.7 321.9 312 307.5 303.7 300.5 298.7 284.3 292.7 310.6 330.4 347 368 385.1 399.5 413.9 425.9 440.7 451.3 463.6 471.2 469.7 468.1 461.4 454.3 451.8 450.3 450 448.8 451.5 439.9 431.6 421.7 408.4 395.1 381.6 368 366.1 365.2 362.9 360 356.7 359.8 355.5 357 358.1 353.1 364.3 372 384.6 391.2 395.4 397.1 397.3 394.8 393.3 390.2 389.5 385.6 387.7
324.8 315.3 310.7 305.3 298.2 292.6 291.8 292.4 303.8 309.7 315.1 320.6 323.6 325.5 326.8 325.3 322.4 319.5 318 313 302.9 299 296 294.3 286.5 281.7 293 306.8 325.9 344.7 366.4 387.2 403.2 418.6 432.6 444.7 453.5 460.5 461.8 458.8 455.4 450.9 444.3 448 452.5 448.2 450.4 444.6 435.8 429.7 420.5 411.3 396.8 390.8 387.5 382.4 379.5 379.2 377.9 369.2 368.1 366.8 365.2 365.2 361.6 365.2 373 383.8 392.6 399.6 407.6 405.2 403.8 401.3 400.4 398.9 391.8 389.9
332.7 324.1 319.3 317.2 305.5 302.3 293.8 288.6 298.1 303.4 306.4 309 311.4 311.7 313.9 315.2 313.6 308.8 306.8 302.1 294.5 291 288.9 285.6 286.8 278.8 289.2 304.3 318.7 336.5 363.3 388.9 407.4 422 435.7 445.3 451.3 454.5 454.4 448.1 442.1 437.3 439.1 439.4 440.5 441.7 443.2 438 434.9 427.6 421.8 414.7 408.3 405.1 402 397.7 391.1 389.8 386.4 384.2 378.4 368.4 372.1 372.1 374.9 380.3 389 400.8 405.6 409.6 413 413 410.8 408.4 408.8 406.3 401.2 392.7
339.3 334.6 325 324.6 312.6 305.2 296 288.1 288.5 296.4 296.3 299.7 301.1 301.3 303.5 305.7 302.4 297.6 295 293 284.5 281.5 281.1 281.4 280.9 278.2 288.6 299.5 310 326.4 353.8 382.3 407.4 423 432.9 441 445.6 446 442.9 435.5 426.2 422.4 425.1 430.2 428.7 429.4 431.8 432.8 431.1 431.8 426.6 420.1 417.3 412.5 409.1 406.9 406.2 401.8 397.4 391.1 381.8 377.9 377.9 378.7 385.7 393.7 401.4 411.1 415.4 417.9 421.5 421.3 420.4 417.9 416 410.5 404 396.2
343.9 337 329.4 328.3 320.3 310.2 301.4 303.4 296.1 288.6 286 290.9 291.1 292.7 298.4 298.2 290.5 288.7 281.2 276.4 279.5 278.1 275.9 280.2 276.6 278.3 285.7 293.4 302.3 316.3 335.1 365.8 396.7 419 426.9 437.9 438.6 438 432.7 421.2 412.6 403.2 412.1 416.2 417.4 419.6 421.2 425.9 430.7 429.5 429.2 428.4 429.1 426.9 422.5 421.3 415.1 407.4 399.5 392.2 385.1 384.7 383.5 389.3 397.6 406.6 412.5 419.7 423.8 424.6 427.5 428.8 427.5 424.2 421.3 415.1 408.9 401.2
351 338.2 340.3 329.9 325.9 315.4 309 311.7 301.1 287.8 289.4 284.5 284.7 286.7 295.3 291.5 282 278 278.5 277.5 276.4 275.7 274.3 274.7 275.1 277.8 278.7 287.3 296.5 311.1 321.6 338.6 361.8 395.6 416.9 426.8 429.9 427.3 415.5 406.6 397.6 387.4 390.5 395.9 401.3 405.6 411.1 418.8 427.1 431.6 436.5 441.6 440 436.8 434 430.1 418.8 411.7 405.8 396.5 392.8 392.1 392.7 402.2 410 418.7 426.1 429.7 433.7 433.5 434.7 436 433.4 430.5 425.8 419.7 410.2 401.8
352.6 338.2 336.1 330.6 326.2 317 313.1 311.9 298.5 292.3 291.8 289 283.1 284.3 292 289.6 278.9 281.5 280.9 276.8 275.1 274.4 274.7 274.1 274.3 276.2 276.9 283.2 294.6 305.4 313.6 324.1 338.7 362.7 386.4 410.1 417.9 414.1 404.4 392.2 381.8 372.4 373.1 377.4 383.2 391.7 399.1 411.6 425.6 436.2 441 448.1 447.5 448.5 441.1 435.1 426.6 417.2 408.3 403.6 394.8 400.7 405.7 415.2 421.2 431.8 435.6 436.6 436.1 438.5 437.9 437.6 434.6 430.9 423.6 416.2 409 399.8
356.5 339.3 336.2 329.3 322.4 315.2 306.6 303.7 299.6 295.2 292.1 290 287.6 283.3 283.2 281.6 283.9 281.6 280.6 279.6 279.6 279 274.4 271.8 273 275.1 275.6 278.1 282 296.6 304 312.2 323.3 337.3 354.5 372.4 385.3 392.1 383.4 374.4 364.9 357 355.9 359.7 365.6 374.7 393 407.3 421.9 432.5 443.6 448.2 449.3 451.4 447.3 438 429.8 423.5 416.5 410.2 408.5 412.4 417.7 427.4 433.5 436.5 437.5 439.3 438.8 442.8 442.2 438.6 432.9 428.9 422.8 416 406.2 393.6
355.9 339.8 330.6 321.6 322.8 317.2 311.5 307.9 301.6 296.2 293.3 292.2 292.1 287.6 289.7 293.6 292.2 284.3 282.5 280.4 288.3 288.9 277.6 273.6 273.3 272.8 272.4 270.5 271.4 279.8 292.2 299.9 309.1 317.6 329.6 341.9 358.8 363.9 362.2 353.7 344.1 338.9 340.5 344.3 345.5 364.4 382.8 398.7 414.5 430.1 440.1 446.1 451.9 454.4 451.2 443.3 435.7 429.3 422.8 417.5 418.9 424.5 429.6 436 439.8 438.8 441.6 441.5 439.7 443.5 441.4 435.4 432.9 428.1 423.3 417 409.4 393.5
357.9 342.8 333.4 334.9 323 321.6 313.9 311.8 306.5 304.8 298.7 298.3 297.5 294.9 294.7 294.2 292 289.3 283.7 283.5 294 295.6 285.3 286.1 284.4 281 277.9 273.1 269.8 268.1 279.8 289 296 304.1 313.3 321.6 332.8 337.8 335 330.7 327.2 324.1 324.3 331.2 335.4 349.4 367.1 387.3 406.9 424.2 437.5 444.9 453.5 457.5 456.6 450.1 441.8 433.9 426.6 427.2 431.7 436.8 441.2 444.3 446 444.1 441.8 441.7 441.3 440.1 436.8 434.8 432.1 427.2 423 416.2 406.2 394.7
349.5 346.9 350.8 347 335.4 327.5 325 316.2 314.8 309.9 303.8 310.9 303.2 303.7 304.4 298 293.3 291.2 291.2 297 298.3 298.6 293.9 294.8 289.4 288.4 287.7 271.9 269 268.8 273.8 278.3 285.7 292.5 299.8 308 315.1 319.3 316.3 316.4 312.4 314.1 316.1 319.2 323.1 337.1 354.5 376.9 399.6 413.4 429.1 439.1 448.5 459.2 461.1 454.3 442.9 434.4 435 437.4 440.6 447.1 451.1 452.6 452.2 451 447.7 444.2 442.9 439.7 436 430.2 428.7 425.5 421.5 416 401.8 383.8
360.3 357.5 356.6 353.5 347.9 339.1 334.5 326.3 318.1 313.4 313.4 320 314 314.8 316.1 310.5 301 299.1 300.3 302.6 301.4 300.4 301.7 302.9 299.5 293.9 286.8 276.2 268.2 267.1 270.9 273.6 281 286.8 291.9 297.2 302.7 305.2 305.2 304.1 300.5 301.4 304 309 314.6 325.5 343.1 365.7 388.6 402.9 416 432.7 443.4 456.5 455.1 449.5 444 441.6 444 446.2 451.2 456.5 457.9 459.6 458.2 454.7 451.1 447.4 439.8 434.1 426.6 422.9 421.8 421.2 415.8 405.9 391.2 365.7
370.3 360.4 357.6 355.6 352.4 344.2 342.5 335.6 323 321.4 323.2 327.7 327.9 326.8 322.1 318.4 310.2 307.4 304.8 303.5 308.4 307.3 305.7 311.2 311.5 302.5 290.3 284.4 279.1 266.7 264.6 266.9 272.5 279.1 281.3 287.9 293.3 294.4 294.6 293.2 287.9 290.6 293.8 298.5 303.9 313.7 330.1 351 371.5 389.5 401.9 417.8 433 446.5 452.4 451.7 451.4 449.8 450.9 454.7 457 460.4 463.4 466.2 465 460.9 456.8 448 439.1 433.8 427.6 422.1 415.3 412.3 407.5 392.9 370.1 350.6
380.7 374.7 365.5 356.9 356.8 349.7 343.5 340.4 334.3 331.2 329.2 334.3 335.6 333.8 326.3 324 318.9 313.4 314.6 316.9 315.5 313.3 318.3 318.6 314.6 300.1 296.1 290.1 285.8 271.4 267.9 264 264 267.7 266.9 278.1 274 277.6 282.7 281 280.4 275.8 282.7 286.5 292.4 302 315.4 332.6 350.9 369.8 384.5 399.5 416.9 438.6 451 454.2 453.5 452.6 455.9 459.1 462.2 463 467.6 470.3 468.3 464.2 458.5 446.1 440.5 437.1 432 423.8 415.4 407.2 396.2 382.3 361.6 339.4
395.7 390.5 379.5 372.5 367.4 362.4 356.3 353.5 346.2 342.5 338.2 337.1 340.5 342.4 338.4 332.2 330.6 327.7 321.4 323.9 320.4 322.5 327.3 327.1 322.2 311.7 307.7 297.6 287.1 277.6 269.9 267.6 263 262.4 263.6 263.4 262.3 261.5 261.9 268.9 272.6 266.4 274 278 282.2 291.8 301.7 316 331.6 346.5 364.5 380.7 398.4 419.5 440.4 447.9 447.8 449.2 456.1 460.3 464.4 466.3 468.6 468.4 466.6 462.1 455.4 447.2 443.2 438.6 434.6 428 421.8 413.5 400.1 384.2 364.9 340.9
408 400 394.1 388 382.9 378.9 374.2 368.6 361.9 355.4 351.4 346.2 346.4 346.6 348.2 342.2 342 339.2 328.9 325.1 325.3 327.7 331.7 335.4 329.6 317.4 310.1 302.8 291.3 283.2 278.8 270.9 268.3 266.6 263.7 261 261.9 261.6 260.6 254.9 254.7 255.5 257.6 262.3 267.3 282.6 290.6 300.7 311.5 322.8 336.4 353.2 371.1 389.5 406.3 419.8 431.5 440.8 449.3 457.2 461.7 463.9 463.9 462.3 459.5 455.6 448.8 446.5 441.8 439.9 436.4 431.6 427.4 417.4 403 389.5 371.7 367.3
419.5 415.4 414.6 405.5 401.2 401.2 391.9 386.2 375 369.3 364.6 358.6 357.1 352.6 354.4 353.3 352.9 349.6 334.7 330.3 323.4 326.2 329.5 331.9 328.2 318.9 311.4 304.8 298.7 291.6 290.7 286.1 285.5 280.5 282.9 279.7 276.5 272.6 267.6 260.4 258.9 258.2 257.4 255 252.7 265.6 285.4 296.7 297.1 302.1 314.8 330.1 344.4 361.1 374.7 390.4 410.2 420 430.7 442.1 451.5 454.1 454.5 453.1 450.4 446.9 441.8 442.1 441.1 440.9 438.3 431.8 426.2 418.6 404.2 397.6 390.6 381.8
427.2 428 428.1 421.3 423.9 416 413.7 405.7 387.7 383.4 378.3 371.5 367.8 364.1 366.6 366 372.1 360.8 338.1 328.7 320.2 318.6 322.6 325.4 322.5 312.8 307.3 306.4 301.8 306.3 305.9 304.8 301.8 299.2 297 295.3 294.8 292.2 285.4 278.5 270.2 264.1 261.2 256.8 254.5 251.7 261.4 282.9 286.9 293.2 298.2 307.3 320.2 334.6 348.6 364.2 380.5 392.6 405.8 421.4 430.8 436.1 440 441.1 438.8 436.5 435.5 437.8 440.7 440 436.6 432.6 429.7 421.5 413.3 404.5 399.2 394.8
427.2 423.1 424.2 428.1 427.1 428.6 421.9 418 403.4 399.2 398.3 396.1 387.9 382.6 385.2 385.8 372 365.5 344 322.6 313.2 311.2 309.1 311.3 309.1 303.9 308.2 309.4 317.9 318.1 318.7 321.1 318.1 317.5 315.5 311.5 311.5 307.4 302.3 297.4 289.9 283.6 277.2 270.4 258.2 251.2 252.8 266.3 276.4 281 289 295.5 300.7 311.2 323.7 337.8 352.6 364.3 380.2 395 406.2 412.1 417.4 422.4 421 424.6 430.3 431.1 435.3 437.8 438.2 437.3 434.4 427.4 419.3 410.4 404.1 396.6
418.4 416.3 418.4 423.2 421 418.1 419.9 425 424.4 423.1 420.5 413.4 408.7 398.5 388.5 379 370.9 365.6 345.7 312.4 307.7 300.9 295.5 297.4 297.6 299.3 304.8 308.1 316 325.5 332.5 334.3 333.6 337.9 334.5 329.3 328 323 319.5 315.3 308.7 299.5 289.1 277.9 266.6 253.4 249.5 253.5 261.4 265 272.4 281.9 289 294 300.4 313.4 324.7 335.9 349.7 362.6 374.3 383.3 391.1 397.4 404.5 405.7 417.1 423.2 431.6 437.4 441.9 442.2 439.4 433.4 424 414.5 405.5 399.9
405.9 410.8 407.5 408.3 409.3 411.9 412.2 418 421.9 413.4 405.2 400.4 396.7 388.4 371 362 365.4 353.1 322.1 304 301.1 292.6 288.9 283.7 285.4 290.1 295.7 305.6 315.4 326.1 337.9 345.5 345.3 348 351.9 349.9 349.6 347.2 342.2 336.3 327.5 314.2 297.9 285.5 273.6 264.3 255.3 250.6 248.1 245.7 253.6 262 272.7 274.6 283.5 292.3 301.1 312.1 322.6 332.9 342.7 353.2 360 369 384.1 394.1 401.8 414.7 429 437.5 444.3 446.4 444.1 437.9 429.9 422.4 412 400.3
397.4 396.7 397.5 392.6 396.8 400.8 404.9 400.7 403.5 399.3 391 382 373.6 369.9 361.7 349.1 343.7 327.3 313.9 303.1 294.2 284.3 280.5 269.5 273.8 280.3 291.4 299.3 308.1 320.8 337.8 349.7 353.4 360.1 368.3 372.5 379.3 376.2 364.3 352.6 341.8 326.4 311.1 294.3 286 279.1 272 265.9 259.1 251.9 244.9 245.2 248.5 256.6 267.1 279.7 285.8 292.8 298.9 306.9 317.6 327.6 332.4 343.6 358.9 376.6 389.3 407.3 423.9 439 447.9 452.6 447.7 443.2 432.1 425.8 412.7 402
389.2 386.9 381.6 384.1 392.2 397 390.3 380.4 375.8 369.8 364.2 361.5 356.5 355 353.3 341.8 332.3 323.9 312.8 302.2 288.3 278.5 269.1 260.8 264.9 271.3 282.6 295.8 307.8 327.9 340.3 354.2 364.3 376.8 390.3 404.7 412.3 405.8 390.6 373.5 355.1 338.4 323.3 309.6 300.2 291.8 282.9 276.8 270.8 262.5 254.4 248.5 243.7 243.7 245.3 254.8 269.4 278.5 284 289.5 294 305 311.7 325 342.1 355.9 375.2 397.1 418.3 436.3 448.3 453.4 450.4 442.4 430.6 421.9 410.3 399.4
382.3 378.2 375.8 375.5 383.8 381.5 366.3 353.5 349.2 349.9 345.9 341.6 340.8 342.2 341.6 336.1 327.5 317.7 308.4 295.9 282.9 273.7 262.5 257.8 254.3 261.9 277.3 289.7 306.7 328.5 348.2 363.9 373.7 398.9 410.1 424.2 439.5 435.3 419.3 401.1 376.5 354 337 323.8 311.6 300.7 292 284.9 280 271.4 263.6 253.2 248.1 244.6 244.2 241.5 243.2 255.9 260.2 278.4 285.1 290.1 297.7 307.7 317.3 336.1 358.7 386.2 409.3 428 444.5 448.9 448.9 440.9 429.8 421.4 409.8 401.8
377.9 372.8 370.6 365.6 367.8 361.9 343.8 338 331.7 332.2 328.3 328.5 327.5 330.9 334.5 327.9 320.7 313 301.4 294.2 279.8 268.9 260.1 256.9 250.2 251.6 267 280 297.6 320.9 343.3 366.7 384.1 395.8 411.3 429.9 442.7 445 439.5 418.8 392.6 374.3 356.5 340.2 323.5 310.2 299.8 292.9 289.5 283.6 272.1 264.7 255.7 246.5 243.6 243.6 239.7 245.3 249.4 265.1 269.3 276.2 287.8 287.7 304.7 321.7 343.9 370.6 395.7 419 436.8 445.3 450.3 439.5 429.3 420.3 410.5 401.3
374.5 368.9 354.5 350.5 348.9 339.6 334.2 326.9 317.6 316.3 314.7 314.6 315.4 320.1 322.4 316.8 309.5 303.3 295.8 292.1 277.2 264 254.1 252.3 247.9 245.4 258.8 266.8 285.9 313 341.4 367.8 385.9 394.9 403.3 430.4 443.5 450.9 448.3 433 414.8 399.3 376.9 356.5 337.9 320.7 308.2 303 297.5 291.1 286.8 278.9 269.7 253 246.4 243.7 240 239.6 239.7 242.5 248.6 261.4 271.9 275.5 293.3 304.9 327.4 353.8 380.1 405.1 426.5 442.4 444.4 440.7 431.1 422.4 412 404.6
364.3 353.4 342.2 331.9 333.4 328.2 318.9 311.1 310.5 308.9 306.4 305.9 304.8 308.7 310.4 309.1 300.6 296.9 291.9 281.3 274.9 259.6 249.6 246 244.8 241.2 248.3 263.4 281.2 309.5 332.7 356.1 379.4 390.8 404.2 422.4 434.6 453.8 451.7 445.6 434 418.5 397.2 377.8 353.3 328.4 315.6 310.6 305.6 300.4 296.4 289.6 280.9 268 259.5 250.4 245.7 241.8 239.6 237.1 242.5 243.9 251.8 274.7 281.4 292.6 310.9 336.7 364.8 392.2 418.2 436.5 442.2 437.8 432.1 426.1 420.7 416.4
352.2 340.8 337.2 322.3 323 319 314.1 312.5 305.3 302.1 296.1 291.2 290.4 296.5 302.1 304 293.8 290.1 282.9 277.9 269.9 255.7 245.8 240.7 240.7 239.6 245.8 264 281.9 303.2 326 350 373.2 390.6 406.8 413.7 430.5 442.4 450.4 446.5 447 432 412.4 378.7 352.4 332.3 321.1 315 310.7 307.8 304.6 299.4 292 282.6 272.5 264.1 258.2 248.6 239.2 238.8 239.5 240.9 244 262.2 271.8 282.9 298.2 321.2 352.4 382.7 409.5 429.6 439.3 438.2 437.6 435.1 432.5 430
