GeneralExemplars/GeoExemplars/data/LakeDistrict/terrain-50-dtm_3563996/ny/NY50.asc
ncols 200
nrows 200
xllcorner 350000
yllcorner 500000
cellsize 50
[rows 35 to 69 of 200, columns 78 to 155 of 200]
519.6 517 515.4 512.3 507.8 502.5 495.7 485.6 477.8 470.5 459.9 451.6 443.9 432.4 421.5 413 402.8 394.4 383.3 374.1 365.2 360.7 360.2 357.1 360.1 363.6 365.7 369 370.8 371.8 372.6 374 371.5 368.7 363.9 359.9 356.6 354.2 349.6 345.1 341.8 342.9 345.5 342.6 339.4 336.9 335.8 341.5 345.9 346.2 346.9 345.8 346.7 351.3 356.4 360.8 366.1 367.8 365.6 366.5 364.9 363.1 358.5 351.5 346.9 336.7 329.8 323.8 320.5 314.8 309.7 306.7 305.9 302.9 296.8 289.5 282.8 281.7
511.9 509.1 508.5 505.9 499.3 492.3 484.4 474.7 466.7 458.9 449.6 442.4 435.3 424.2 416.6 405.7 396.1 385.3 375.1 364.6 356.1 349.5 348.4 351.1 358.2 357.7 356.2 357.8 358.7 355.8 357.5 358.5 358.2 355.5 353.3 348.7 346.6 343.7 340 337.7 337.2 337.5 337.4 340.2 335.5 341.1 346.2 348.3 350 350.8 350.2 350.7 352.8 356.7 362.7 367.7 373.5 370.7 366.5 368.1 365.9 358.3 353.8 347.1 342.6 334.5 327 322.7 319 313.7 310.4 305.4 303.9 300.7 294.1 288.3 287.6 284.6
503.5 500.3 498 494.5 489.2 483.3 474.6 464.8 455.2 446.7 437.1 431.2 424.7 417.3 407.9 396 386.8 376.5 364.9 357.9 350.5 345.3 345.1 350.5 352.7 350.1 348.7 351.5 352.4 348.9 345.4 347.3 347.7 346.8 343.4 339.2 337.9 337.5 337.2 337.1 337.5 336.6 334.7 341.3 344.5 348.2 351.6 352.9 354.4 354.7 356.5 355.9 357 359.7 365.4 371.3 377.2 373.7 367.6 364.1 360.2 354 348.9 344.2 338.1 332.2 324.4 320.8 316.2 311.7 310.3 305.9 301.3 298.8 295.4 296 291 286.9
490.1 488.5 486.5 484.3 480.3 474.2 463.3 453.9 441.2 434.3 427.6 422.1 415.5 407.6 399 386.8 376.4 369.4 358.4 351.8 343.9 342.8 343.5 345.3 344.6 343.1 342.6 345.7 345.6 343.6 340.7 339.8 339.4 339.9 337.9 337.5 337.1 336.8 336.8 337.2 337 337.4 341.3 345.7 350.2 353.3 356.8 357.6 359.8 363.5 364.3 360.7 359.9 362.9 366.3 370.1 377.6 376.2 366.7 358.8 355.9 349.9 345.1 340.3 333.9 327.5 324.1 318.3 313.5 310.5 308.5 304.3 300.9 301.8 301.5 297.7 291.7 288.3
479.6 478.2 474.5 473.2 467.4 460.3 453.3 441.9 429.7 423.5 416.8 413.5 408.8 405.1 400.2 391 374.8 360.6 354.6 348.6 346.8 342.5 341.5 341.3 340.2 339.8 339.6 339.8 339.9 338.6 338.5 337.7 337 337.5 337.8 336.7 336.2 337.4 336.9 337.2 337.2 338.5 345.6 351.9 356.2 360.7 363 365.7 369 372.2 368.3 363.6 362.3 363.2 366.2 371 375 371.2 363.2 357.2 352.2 347.8 342.4 336.1 330.9 325 320.9 315.2 311.7 308.9 305.6 303.7 303.7 304.2 303.1 297 291.5 287.4
469.6 466.7 463.4 460.5 455.9 449.9 444.9 438 430.6 422 412.7 409.4 406.8 405.2 399.8 389.7 371.2 363.8 357.7 353.7 347.8 341.6 340.7 340.1 339 338.5 338.3 338.4 338.2 337.8 336.5 337.9 337.8 338 338.1 337.4 337.3 337.4 337 337.7 337.6 343 351.7 357.8 362.9 367 372.6 375.3 379 379.2 370.4 365.8 363.8 363.7 364.8 368.9 370.4 366 358.5 353.4 347.9 342.8 336.2 332.1 325.5 319.7 315.8 311.1 308.2 306.2 304.3 304.6 305.3 304.9 301.5 295.1 290 283.5
459.9 457.6 454.3 451.9 447.3 443 441.2 434.4 428.1 419.4 412.7 409.9 408.2 407.4 403.6 396.5 387.2 380.3 364.5 355.5 346.1 342 340.4 340 339 338.5 338.3 338.1 338.1 338.5 338.8 338.6 338.8 339.6 339 338.6 337.9 337.6 338.1 340.5 339.4 348.8 359 364.9 370.7 375.9 382.2 380.7 380.7 378.1 373 368 364.8 364.1 363.3 363.4 364.1 359.9 352.8 347.2 342.4 336.9 329.8 324.1 318.8 314.6 310.3 306.1 303.5 302.6 303.5 305.1 304.3 302.4 298.4 292.9 285.7 279.5
451.1 450 447.4 442.7 439.7 435.8 432.5 428.6 422.1 416.5 413.7 412.9 412.4 411.8 410 408.4 401 387.1 376.3 360.6 347.1 341.5 340.1 339.7 339.4 339.1 338.9 338.7 338.9 338.8 339.2 339.6 341.2 342.3 342.1 340.2 341.1 343 345.3 345.8 349.7 356.3 364.9 371.6 377 387.6 389.1 387.9 382.7 379.4 375.6 367.4 363.7 363.4 360.4 357.9 355.4 351.1 344.4 339.4 335.1 329.2 320.9 315.1 311.4 309.2 304.9 302.6 300.9 300.3 300.9 304.3 300.8 297.5 292.8 287.1 281.6 278.8
444.3 443.7 440.8 434.9 431.5 429.1 425.9 421.8 418.7 417.3 416.5 416.9 417.5 418 417.5 411.3 401.3 388.7 374.1 361.2 349.3 341.6 340.3 339.9 339.5 339 339.3 339.1 339.1 339.7 340.7 342.4 344.5 345.5 345.8 351.6 356.4 357.2 355 354.2 357.7 366.1 371.9 380.4 388.7 392.9 394.9 390.8 382.6 379.4 374.7 364.3 360.3 359.2 355.1 349.9 346.8 340.5 335.5 332.2 327.8 320.5 314.9 310.6 308.9 306 302.9 301.5 300.2 296.1 297.9 297.3 292.9 292.8 288.1 283.8 278.1 274.6
438.5 437.5 434.7 431.1 425.4 423.1 421.3 419.7 418.9 418.8 419.7 422.9 424.7 423.4 418.7 407.8 395.4 383.1 371.3 360.6 349.1 343 341.4 340 339.5 339.6 339.6 339.4 339.8 340.4 343.3 346.5 348.7 350.4 360.9 367 373.1 373 369.7 361.5 364.9 375.1 383 387.3 395.3 395.1 393.8 387.6 379.3 374.2 366.5 360.5 354.8 351.2 347.1 342.7 336.7 330.8 328.3 323.6 320.2 315.8 310.9 308.9 307.4 305.3 303.5 301.3 296.5 291.1 292.3 293.3 290.8 283.8 281.9 278.1 273.4 267.8
431 429.6 427.8 425.5 421.5 418.9 418.3 419.7 419.6 421.4 423.7 425.7 424.5 418.9 409.2 396.5 382 374.1 366 355.9 349.1 345.3 341.6 340 340 340.7 343.6 340.2 340.7 343.5 347.3 351.2 355 364.2 381 388.7 399 392.4 377.6 371.8 375.2 382.9 391.2 391.2 394.6 392.8 387.6 380.1 374 367.1 358.7 352.7 344 339.6 336 331.9 325.1 321.9 319.1 317.2 313.5 310 309.1 308.8 307.1 305 301.6 298.4 294.8 289.7 282.2 288.3 285.5 278.8 275.4 272.2 269.6 265.7
422.3 420.4 419.6 417.9 416.5 414.2 415 415.6 419.1 420.7 422.7 420.6 414.3 405.7 395.5 383.4 372.2 365.2 357.8 351.3 348.1 345.8 340.3 339.7 341.3 344.5 343.8 341.5 345.2 348.4 353.3 360.1 367.6 386.6 404.2 413.1 405.2 396.2 383.7 376.9 380.5 389.7 395.6 393.2 392.9 385.7 380.4 372.6 365.3 356.9 346.4 339.7 335.1 330 326 322.4 320.5 318.8 317 314.1 309.4 307.8 307.5 307.8 306.1 302.5 299.7 296.3 292.5 288.8 285.1 276.7 275.5 271.3 269.9 268 269.9 265.1
413.6 411.9 410.7 409.1 408.3 405.7 410.2 410.6 412 413.4 410.4 403.8 397.2 388 379.8 370.2 363 357.8 351.5 347.4 345.2 341.5 341.5 346.5 345 345.5 346.9 347 350.4 356 365 375.6 386.3 403.3 413.9 412.1 402.6 395.3 388.7 384.5 385.6 396.6 395 391.2 386.6 381.6 374 364.3 356.2 348.2 342.1 339.6 338.7 334.8 327.7 322.6 319.8 317.9 316.2 314.4 312.1 310.5 308.6 306 303.1 301.1 300.5 299.1 296.8 291.1 285.3 278.9 273.4 271 268.7 267 267 266.5
404.6 404.3 402.4 400.5 399.5 401 402.7 401.7 397.2 392.2 390.5 386.2 381.9 375.1 368.8 362.7 356.4 351.9 346.7 344.3 342.6 341.8 347.1 347.9 349 351.2 351.8 352.6 356.5 367.9 376.3 389.1 397.5 406.2 411 407.6 404.3 399.9 396.4 389.3 389.2 392.6 392.3 387.1 383 378.6 374.5 367.1 358.1 352.1 349.5 345.9 342.1 339.3 336 331.1 323.1 319.3 317.5 317.4 315.8 313 311.7 308.1 306.4 308.4 309.6 309.1 304.9 298.7 290.2 279.9 276 273.3 270.5 271.5 271.5 270.1
396.9 397 395.2 392.5 389.9 392 393.1 390.6 385 380.1 378.3 374.9 370.7 365.4 361.4 355.6 351 347.7 344.5 342.9 343.3 345.7 348.8 349.9 352.2 354.9 356.1 359.3 368.1 376.5 386.5 395.1 401.3 405.5 409.2 408.1 405.7 401.7 398.7 390.4 389.1 389 387.2 385.5 382.2 380.2 375.3 369.1 362.6 361.1 355.8 351.5 348.1 346.1 342.6 336 328.6 321.2 321 320.9 318.4 315.9 314 312.9 313.4 315.3 316 313.1 308.7 302.9 293.8 289.4 283.6 279 275.5 275.7 275.5 274.4
389.3 389.3 386.4 383.4 381.3 382.5 382.1 378.5 374 371.6 369.3 365.6 361.9 358.7 356.2 350.3 349.3 348.8 343 347.2 346.6 348.7 350.7 352.3 355.9 360.5 362 366.4 375.1 384.8 390.7 398.1 403 404.2 404.5 405.7 404.4 401.1 396.5 391.8 389.5 387.5 385.3 382.8 381.1 377.2 373.4 369.5 368.9 365.1 362.5 359.5 356.1 351.4 346.7 339.4 331.7 324.7 323.5 323.5 321.1 320.2 320.2 321.2 321.3 321 319.1 314.2 309.6 305.9 305.8 300.7 290.9 284.8 283.1 283.3 280.4 279.6
380.3 379.5 376.7 373.2 371.9 372.1 371.5 368.3 365.7 364.7 363.7 359.1 356.5 353.7 350.5 346.5 346.8 345.3 347.2 351.5 351 352.1 353.7 357.1 361.9 365 367 374.5 382.5 387.5 391.9 395.1 402 402.4 403.7 400.6 398.7 397.1 393.7 392.4 390.1 386.7 384.6 382.3 380.7 378.2 374.9 373.6 372.7 370.6 369.2 369 362.2 356 350.2 344.1 335.9 329.3 327 325.9 326.7 326.9 327.5 328 326.6 324.8 322.7 319.6 315.5 311 312.1 306.7 295.6 290.1 290.2 291.4 291.7 288.2
368.8 369 366.8 363.7 363.7 363.7 361.4 360.7 360.7 360.3 357.6 356.4 356 354.9 349.5 345.6 347.9 347.8 351.8 353.8 354.3 355.1 358.4 362 365.8 368.9 372.9 381 386.1 392.9 393.8 393.1 396.4 398.5 394.4 394.6 393.8 392.7 391.1 390.2 389.1 386.2 385.2 383.4 382.8 381.3 378 377.9 378.4 377.6 374.8 372.9 366.6 360.2 354.9 347.2 338.4 335 331 332.7 333.1 333.6 334.2 333.9 332.1 328.5 328.1 326.5 322.2 316.7 316.3 309.5 300.4 296.9 297.3 300.4 302.2 297.3
363 360.9 359.8 359.6 358.6 357.5 356.6 356 356.4 355.4 353.7 354.7 354.3 347.5 350.5 351.2 352.5 354.4 355.9 357.6 358.1 357.9 362.3 366.9 371.3 375.5 380 384.2 389.4 394.2 392.5 392.2 392.2 391.3 390.8 389.2 388.5 388.3 388.4 388.1 387.4 386.4 386.2 385.6 384.4 384.5 383.4 383.9 384.4 380.8 377.8 376.2 370.9 364.4 358.8 348.6 344.4 339.3 339.3 340.8 340.4 341.5 339.8 338.1 336.5 334 334.6 332.1 329 324.4 320.1 314.5 309.2 304.4 305.1 307.9 309.8 304.8
362 360.2 359.2 357.7 357.1 355.9 355.5 355 353.8 352.7 352.2 351.8 350.7 349 354 356.1 357.2 359.5 360.8 361.8 362.5 360.3 365.1 370.8 375.6 379 383 388.3 392 392.7 392.5 390.2 386.8 386.6 385.8 385.2 384.6 385 385.5 386.4 387.4 387.6 386.8 386.9 386.8 387 386.8 386.9 386.2 386.1 380.6 378.8 373.9 367.7 361 356.8 348.6 347.7 348.5 347.9 348.4 348 346.6 344 341.5 339.9 339.6 338.2 335.6 332.1 327.4 323.2 317.8 313.7 314.4 316.2 317.3 312.1
361.1 358.6 358.2 357.2 356.4 355.6 355.4 354.7 352.4 351.2 350.3 349.8 349.8 353.3 357.3 360.1 362.2 364.4 365.7 368.8 370 364.7 368.9 376 380.2 383.2 389 392.7 395 394.6 393.8 390.6 383.7 380.2 381.2 382.3 381.3 381.4 383.4 385.1 385.6 386.1 387.1 387.7 388.5 387.7 389.1 388.4 387.2 384.8 384.3 381.6 375.4 368.9 366.1 360.9 353.5 355.5 355.4 355.7 355.2 354.2 353.3 351.5 347.7 345.8 344.3 344.2 342.1 338.9 335.1 330.3 325.5 323.3 322.5 324.1 323 317.1
361 358.3 357 356.3 355.6 354.8 354.2 352.6 352.2 352.4 354.7 352.4 352.9 357.1 360.3 364.2 366.4 369.4 371.5 375.1 376.3 370.6 369.9 380.1 384.4 388.9 393.5 397.7 399.1 396.9 395.7 392 383 377.7 377 378.9 379.9 378.4 380 382.1 382.7 385.2 386.9 388 388.9 388.1 388 388.4 389.9 387.4 384 379.2 374.2 371.5 368.5 363.7 362.1 362 363.1 363.9 361.2 360.1 359.3 357.5 354.1 353.2 351.8 350.5 348 344.6 340.5 336.4 333.1 331 329.4 329.4 326.8 321.1
364.1 358.8 357 357 355.7 354.8 354 354.9 354.7 356.4 358.9 356 358 361.1 364.8 367.8 371.8 374.6 377.9 381.1 380.8 378.2 375.5 385.2 389.7 393.4 397.6 401.1 400.8 400.2 398.7 392.9 385.9 377 376 377.9 375.7 376.5 378.1 380.2 382.7 384.8 386.5 387.8 389 388.1 387.9 388.8 389.4 385.9 383.3 379.9 378.5 375.6 370.7 367.5 369.6 371.8 373.5 371.5 368.3 366.4 364.8 364.9 362.2 361.9 359.2 355.8 353.4 349.4 346.5 344.4 341.6 338.4 335.7 333.5 329.5 323.6
362.8 361.6 360.5 357.8 357.6 361.1 364.4 361.9 359.2 361.7 361 360.1 361.8 363.4 368.1 371.9 377 381.1 384.2 385.8 387.5 387.3 382.9 389 394.2 397.6 400.4 403.1 403 404.8 401 395.6 386.7 376.8 374.2 374.1 374.4 375.6 377.5 379.6 382.4 384.3 385.7 386.9 386.6 386.5 386.8 387.8 388.1 387.5 382.6 383.7 382.6 381 375.1 377.7 376.7 379.4 382.1 379 374 372.5 371.1 371.8 371.1 369.6 365.3 361 358.1 354.9 353.4 350.2 347.8 343.8 339.9 334.9 330 324.7
367.3 368.3 364.6 365.2 364.3 370.2 370.3 367.9 368.8 369.1 364.7 364.9 366.9 368.7 372.7 379.6 384.2 387.9 390.1 392.2 394.7 394 391.1 392.9 397.8 400 402.4 405.6 406.7 409.3 401.5 397 388.6 378.4 374.3 373.1 373.1 374.3 376.4 380.1 382.9 383.4 385.3 385.7 386.4 386 385.5 387.2 387.4 386.8 386.4 386.5 385.6 384.6 381.8 382.6 384.5 385.7 389.9 384.3 379.9 378.2 380.1 380.3 379 375.2 368.4 364.2 361.1 360.2 357.4 353.6 351.4 347.7 341.5 334.6 329 323.7
370 369.6 369.7 373.8 373.6 376.7 378.9 381.3 385 384.4 375.4 373 374.5 376 381.6 386.9 391.6 394.1 395.8 398.4 401.4 399.5 397.2 397.5 401.3 403.4 405 406.6 407.7 407.1 404.1 399.5 391.2 382.1 375.5 372.4 371.7 373 375.6 379.6 381.6 382.7 384 385.6 386.1 385.4 384.6 384.9 385.2 388 388.4 390.5 389.4 386.4 384.9 387.8 388.7 388.7 388.9 387.9 385.5 384.8 385.8 382.9 380.7 376 372.1 368.3 365.4 364.8 359.8 356.1 352.8 347.8 342.1 334.1 328.3 326.5
373.2 374.8 380.8 383.8 387 390.9 391.5 394.8 401 398.3 386.2 382.2 382.9 385.9 390.1 395.7 399.1 400 402.9 404.2 405.8 405.4 405.1 405 405.6 406.4 407.7 407.7 408 406.8 405.4 401.9 396 384.8 377.2 372.7 371.3 371.4 374.6 379.2 380.7 381.5 382.4 385.2 385.5 384.9 384.4 384.5 384.3 386.5 391.2 394.9 392.1 389.3 388.3 387.4 388.7 389.8 389.8 391.1 390.1 388.6 387.3 382.2 379 375.9 373.5 371.2 369.7 366.1 359.8 356.7 352.6 349 341.2 334.9 332.8 330.7
386.7 386.9 392 396.8 401.7 407.3 410.1 415.2 416.8 408.7 395 391.8 392.6 394.7 397.3 404.1 405.8 406.3 408.7 409.6 409.7 410.9 409.8 408.8 409.2 409.7 409.8 409 408.5 407.5 406.5 404.2 398.2 387.7 377.8 373.8 371.2 371.2 374.5 377.5 379.1 380.2 381 383 384.8 383.5 383.2 383.7 383.7 386.8 392.2 393.8 392.4 392.8 388.7 388.3 388.6 393.7 393.1 394 389.9 388.4 384.7 380.9 377.2 375.4 374.6 371.2 368.4 363.5 360 356.3 353.1 348.4 342.9 337.3 334.9 332.2
396.7 401 404.8 410.4 416.8 424.7 431.6 429.2 422.8 411.2 403.5 401.4 400.8 403.1 409.1 412.1 412.3 413.5 413.9 414.5 414.7 415.6 413.7 412.8 413.2 413.3 412.7 411.6 410.8 408.9 407.9 406.1 401.9 392.1 379.3 375.2 371.5 369.9 372.6 376.4 377.7 378 378.4 380.2 382.5 382.2 382.5 382.6 382.6 383.5 386.8 389.4 393.4 392.2 389.3 389.5 393.3 394.3 393.3 391.1 388.8 386.6 384.3 380.2 375.4 373.8 372.2 369.9 366.8 362.8 359.2 356.6 352.7 348 343.6 339.6 335.8 332.6
409.3 415.6 423 429.6 433.5 436.3 437.3 431.8 427.5 420.4 414.2 408.8 408.7 414.3 418.3 419.4 420 420.5 421.1 420.8 422.7 421 419.5 417.6 418.4 418 416.9 414.5 413.8 410.3 410 408.1 404.5 396.1 384.6 375.5 371.3 369.6 370.3 372.3 374.5 376.1 376.6 376.1 378.3 378.9 379.4 380.5 381.1 382.3 384.8 386.6 388.2 388.8 387.7 393.1 393.4 397.9 395.2 388.7 387.9 387.3 382 377.9 374 372.3 371 369.3 365.6 362.9 360.3 356.8 352.7 348.7 345.3 341.5 336.2 333.4
424.2 433.7 443.3 446 444.7 447.8 444.1 441.8 437.1 432.1 422.7 418.2 419.4 422.9 425.7 426.8 427.2 426.6 426.5 427.3 428.3 426.4 423.8 422.4 421.8 422.8 421.5 419.6 417.3 414 412.2 409.8 406 398.7 387.4 379.7 371.3 370.5 368.4 368.5 369.7 372.4 373.8 372.3 372.3 374.3 375 377.9 378.1 379.4 381.8 384.2 385.4 385.3 385.4 388.4 393.4 395.9 391.3 386.8 384.6 382.3 379.1 375.2 373.2 371.9 370.8 367.9 365.7 363.6 360.7 356.7 352.5 349.6 345.6 340.6 336.2 335.1
437 452.7 451.7 451.5 458.6 456.5 455.2 452.4 447.6 441.7 433.4 430.6 429 432.9 432.7 433.9 432.9 432 433.2 433.4 433.3 433.3 431.5 427.7 426 426.7 426.3 423.1 421.1 419.3 414.5 411.3 407.9 400.8 389.2 380.1 372.9 373 370.5 370.6 369.7 366.5 368 367.5 367 369.2 371.6 373.2 374.2 376.2 377.9 380.4 382.5 382.4 383.8 385.6 390.7 392.5 389 385.2 381.1 378.8 376.4 375.1 372.7 372.3 369.2 367.2 365.3 363.1 359.7 355.4 352.5 349.2 345.6 342.6 340.9 340.5
447.2 455.2 458 462.9 461 463.9 467.1 459.4 454.9 450.8 445.3 440 438.4 440 439.1 439.8 439.1 439.3 441 440.9 441.2 441.6 440 434.4 429.3 429.8 428.2 425.3 423.9 423.4 418.5 415.8 411.5 403.6 392.4 381 376.6 375.8 375.9 373.6 375.1 372.7 364.8 363.7 362 365.6 367.6 369.7 371.4 373.7 374.6 377.2 378.7 380.2 381.4 383.4 387.7 389.3 387 384.2 380.6 377.7 375.4 373.2 372.2 370.2 366.9 365.6 363.8 361.7 358.6 355.4 351.5 349.3 347.8 348.5 346.9 343.8
451.9 463.7 465.1 465.7 473.1 470.7 468.9 465.3 465.5 458 453.5 449 445.7 446.3 445.1 446.2 449 448.4 449.6 449.4 450.6 450.5 446.5 441 434.1 431.4 428.8 426.7 425.1 423.1 422.2 419.6 413 405.3 396.8 389.3 384 382 378.6 377.2 378.2 377 370.9 366.6 365.2 359.7 364.4 366.4 368.1 371.1 371.4 374 375.8 377.3 379 380.4 384.1 387 389.9 387.7 382.1 379.7 372.4 370.3 369.2 368.4 365.4 363 361.7 360.1 356.2 354.3 351.1 349.6 353 353.1 349.3 343.5
463.9 469 470.2 471 472.3 474.6 472.7 474 468.9 464.6 459.6 455.8 452.6 451.9 450.7 456.4 458.3 459.3 459.6 459.1 457.6 456.6 452.1 444.7 438.5 431.9 429.2 428.8 426 423.9 422.5 421.2 412.8 407.6 401.9 396.2 390.9 383.4 382.6 381.4 381.8 380 376 367.7 364.2 357.9 361 363.2 364.5 367.4 368.5 370.4 371.8 373.9 376.4 378 380.3 384 387.2 386.4 383.1 375.2 369.8 367.4 366.5 365.4 361.9 359.1 358.1 355.6 354.1 352.3 350.7 349.5 348.6 348.1 345.5 343.3
