GeneralExemplars/GeoExemplars/data/LakeDistrict/terrain-50-dtm_3563996/ny/NY52.asc
ncols 200
nrows 200
xllcorner 350000
yllcorner 520000
cellsize 50
[rows 35 to 69 of 200, columns 0 to 77 of 200]
137 135.9 135 134.4 133.1 132.4 131.2 130.7 134.3 137.7 134.9 126.5 126.9 126.1 126 135.5 141.3 143.3 143 139.4 135.7 133.5 131.4 127.3 124 123.8 123.7 122.2 122.8 121.9 125.1 128.1 129.9 130.2 129.9 129.6 129.2 129.4 128.5 126.9 127.3 132.8 133.5 131.1 131.5 129.4 125.5 123.4 121.3 117 118.1 118.6 119 120 119.9 128 136.8 136.7 138.2 137.3 134.6 131.5 130.7 128.4 125.3 124.4 123.5 124.4 125.5 127.3 128.7 129.8 130.6 131.9 131.4 130.8 129.3 128.2
137.6 137.8 137.6 135.9 135.1 134.1 133.3 130.3 135 127.2 127 126.9 127.2 127.1 132 139.4 141.2 146.3 144.4 141.7 137.5 135.8 134.4 133.3 126.5 123.9 123.7 122.7 122 121.3 128.5 129.7 129.3 129.6 130 129.9 129.8 130.1 129.6 134.6 129.4 127.2 133.4 134.7 131.7 131.5 130.8 123.3 123 116 120.6 118.2 118.6 118.8 118.2 120.4 134.8 134.6 137.2 139.1 136.9 133.6 129.6 126.8 126.2 124.9 124.1 125.4 126.2 126.5 127.9 129.5 130 132 132.5 132.1 130.8 130.2
139.7 139.2 139.2 138.7 137 136.4 135.7 130.6 128.1 128.1 128.4 128.4 130.2 132.7 136.6 139.9 141 143.8 145.7 142.5 138.2 136.5 135.9 135.4 134.8 132.2 131.8 131.2 129.8 136.5 136.4 132.8 131.6 129.8 129.9 130.1 130.9 131.5 133.9 136.6 137 134.3 127.3 130.2 133.9 131.9 130.8 124.7 123.5 120.5 116.1 118.8 118.2 118.1 118.3 118.7 126.1 134.4 135.6 139.4 137.8 133 128.9 126.8 126 125.3 124.9 126.5 126.4 126.5 127.4 129.4 129.6 130.7 132.1 133.1 132.4 131.6
140.2 139.9 140.2 140.1 139.2 138 136.3 132.9 127 128.3 129 129.5 133 135.9 137 139.9 141.6 141.4 146.4 140.6 138.9 138.4 137.9 136.9 136 137.2 140.7 139.6 138.8 137.5 138.6 136.3 132.2 130.1 130.4 131.4 133.5 133 135.6 138.2 139 138.9 138.5 127.5 127.8 133.9 131.1 127 124.6 124.4 120.7 118.5 119 119.2 119.6 119.6 119.2 135.3 133.8 137.2 137.2 132.4 128.1 127.2 126.5 125.8 125.4 126.9 126.6 126.7 127.2 128.6 128.9 129.8 131.2 132.6 133.3 132.7
142.4 141.5 141.4 140.8 139.8 137.9 134.5 131 126.7 128.7 130.2 135.1 136 136.3 137.2 139.7 141.5 142.1 142.3 141 140.3 140.4 140 137.9 137 137.6 139.6 140.3 139.4 138.6 139.5 140.5 133.8 130.9 131.5 133.6 133.2 131.8 136.5 138.8 140 139.9 140 139.8 130.6 127.8 133 131.7 125.7 125.3 123.3 118 119.8 119.6 119.5 119.4 119.2 135.9 134.8 134.2 134.8 130.6 127.9 127.6 127.1 126.3 126.5 127.5 127.5 127.6 127.2 128 128.3 128.9 130.3 131.8 133.9 133.5
144 143.2 142.2 141.4 140.2 137.3 131.5 129.1 127.1 130.5 135.9 137.1 136.1 136.4 137.5 138.7 139.9 141.2 142.4 146.2 141.4 144.8 142.1 140.2 138.3 137.4 138.8 140.3 139.8 139.3 139.8 140.3 138.2 131.8 132.7 134.5 133.6 132.7 136.7 138.1 140.5 141.6 141.8 141.9 140.5 133.4 128.6 132.2 130.1 127.9 122.8 118.4 119.7 120.4 120.4 119.6 119.3 135.9 134.7 133.1 131.7 129.1 128 127.6 127.3 126.9 128 128.2 127.9 127.9 127.7 128.1 128.1 128.3 129.3 130.9 132.7 134.5
145.8 144 143 142 140.7 137 131.5 127.8 128.5 133.7 137.7 137.9 136.6 136.3 136.5 136.9 138.2 139.3 142.3 144 144.2 144.8 143.9 142.2 140.3 138.5 138.6 139.8 140.1 140.2 140.7 140.8 140.5 133.1 133.7 134.8 134 134.6 137.9 138.8 140.3 142.1 142.9 143.1 142.5 141.2 136.1 129.2 133.8 129.1 122.6 119.5 119.7 120.6 121 120.2 119.7 135.7 135.9 134.6 132.1 129.8 128.8 128 127.3 127.4 128.8 128.6 128 127.9 128.1 128.1 128.1 128.2 128.6 130.2 131.3 134.3
149 146.4 144.3 142.6 141.3 137.4 131.7 129.9 127.9 128.6 137.9 134.7 136.4 137 137.8 138.7 139.3 141.6 144.4 145.4 147.8 145.9 145.1 144 141.9 140.2 138.7 139.3 140.4 140.4 140.5 140.6 139.4 136.4 134.8 135.6 135.7 136 139.6 140 141 142.5 144 144.5 143.9 142.9 139.9 135.9 129.6 131.1 122.2 119.6 119.5 121.1 121 121.3 122 135.5 135.8 135.5 133.8 131.2 129.7 128 128 128.6 129.7 129.1 128.4 128.4 128.6 129.1 129.2 128.9 128.1 130.2 132 133.6
151.7 148.8 146.5 143.2 142.1 137.3 133.1 130.4 128.7 127.6 132.3 135.1 138.3 138.6 138.8 139.5 140.8 143.2 144.5 145.3 146.2 148 146.6 145.2 144 141.8 140.2 140.1 140.5 140.6 140.6 140.7 140.3 137.6 138.1 138.5 136.5 137.1 141.5 142 142.6 143.5 145.1 145.8 145.5 145 142.7 138.3 135.8 129.7 120 119.7 119.7 121 121.5 121.4 124.4 130.1 134.2 134 132.7 130.2 128.6 128.6 128.9 130 130.7 129.6 129 129.1 129.2 130 130 129.6 128.4 129.1 131.6 132.9
153.4 150.9 147.2 143.8 143 139 134.6 131.5 129.3 128.8 128.7 127.7 138.8 139.9 139.9 140.6 141.7 143.4 145 146.1 147.2 148.2 149 146.7 145.1 143.7 142.2 140.1 140.6 140.7 140.7 140.5 138.5 138.3 141.1 140.6 136.6 139.2 143 143.9 144.5 145.4 145.9 147.4 147.2 146.8 145.7 141.7 137.8 125.4 118.6 121.6 121.8 121.6 122.1 123.7 126.6 127 131 130.6 130.2 129.6 129.2 129.2 130.3 131 131.6 130.9 130 129.8 129.6 130.5 131.8 131.5 129.5 128.4 131 132.2
154.8 152.6 148.3 144.2 142.4 138.6 135.5 131.6 129.5 129.5 129.3 127.9 139.1 140.9 140.9 140.9 142.7 144.5 146.1 147.2 147.7 147.7 151.3 150.7 146.7 146.1 144.2 141.9 141 141.2 141 139.8 139.4 141 144.4 143 136.4 139.9 142.9 145.9 146.8 147.7 148 148.7 148.9 148.4 147.6 145.1 140.9 127.4 119.4 131.4 122 122 122.6 126.7 127.4 127.4 129.3 130.4 130.5 130.2 129.8 130.9 132.3 131.3 132.1 131.9 130.7 129.9 130.1 131.4 132.6 132.9 131.1 129.6 130 131.9
150.4 153.3 147.6 144.1 140.5 136 133.4 131.1 129.9 129.7 129.5 128.2 141.3 141.6 141.7 141.8 143.7 145.6 147.2 147.9 148.2 148.5 151.5 152.2 149.7 147.9 146.1 144 142.6 141.9 141.4 140.9 141.1 143.3 145.2 141.1 141.9 142.5 143.3 147 148.4 149.7 150 149.8 150 150.2 149 148.2 144.8 128.2 118.6 127 132.2 123.5 126.4 127.7 128.1 128.1 130.2 131.7 131.2 130.7 130.2 132.8 133.2 132 132.1 131.9 131 130.3 130.9 132.2 133.3 134.2 133.2 131.2 129.8 132
134.4 140 140.9 139.6 136 132.7 131.5 130.4 129.9 129 129.1 138.1 142.6 142.8 143 143.1 144.5 146.4 148.4 149.2 149.4 150.3 149.6 153.5 152.2 150.2 148 145.9 144.4 143.7 142.9 142.8 143.4 144.1 143.1 140.3 147.6 146.9 145.5 148.1 150.4 152.3 152.5 152.3 152.3 152.2 151.5 150.5 148.2 131.3 121.5 119.6 131.1 132.6 127.4 128.7 128.9 129 130.3 131.5 131.2 130.9 130.7 134.2 135.7 134 132.4 131.8 131.7 131.6 130.5 131.8 132.9 134 135.4 134.1 132.6 134.1
131.5 132.8 135.5 134.1 133 132.4 131.1 130.1 129.9 127.6 133.9 142.2 144.3 145.1 145.3 145.5 145.7 147.7 149.7 150.5 150.7 150.3 149.6 153.3 152.3 152.8 150.8 148.4 146.5 145.6 144.4 144.5 144.4 144.2 142.1 144.3 151.2 150 148.7 148.8 151.5 153.9 155 154.9 154.9 154.8 153.9 152.2 150 137.7 123.2 120.4 120.4 133.9 129.3 128.5 128.8 129.2 131.3 131.9 131.6 131.4 131.4 133.9 136.3 136.1 134.5 133.9 133.4 132.9 130.9 130.6 131.7 134.5 136.1 136.8 135.8 134.4
130.8 131.8 132.2 132.4 132.2 131.5 130.7 129.8 128.6 133.8 141.1 143.6 145.7 147.4 147.7 147.8 147.3 149.2 151 152.2 152.5 151.9 150.4 152.6 155.6 153.4 153.7 151.6 148.8 147.2 146 145.8 145.6 144.2 142.6 144 153.4 153.5 152 149.9 153 155.1 157.5 157.4 157.4 156.9 155.3 153.1 150.9 146.5 125.1 121.1 119.8 128.6 134.6 129.4 129.7 130 132.5 132.4 132.1 132.1 132.2 133.4 135.3 137.1 136.4 135 135.4 135.2 133.1 131.1 131.8 134.7 137.8 138.9 138.7 137.1
132.4 131 131.2 131 130.7 130.7 130.4 129.4 136.8 141.1 143.7 145.5 147.4 149.3 150.3 150.2 149.6 150.8 152.3 153.8 154.1 153.6 152.1 152.4 156 156 155.5 153.8 150.8 148.9 147.9 147.6 147.7 147.1 145 150.7 154.1 155.1 155 153.7 154.9 157 159.2 159.9 159.3 157.9 156.5 154.4 151.9 149 133.2 121.9 120.5 126.1 130.6 135.3 130.7 130.4 131.8 132.7 132.8 132.4 132.5 133.4 134.8 136.5 136.3 136.3 137.1 137.8 136.6 135 133 135.1 137.6 140.6 140.4 140.1
136.7 130.6 131 131 130.8 130.2 130.2 128.8 138.9 142.4 144.8 147.2 149.3 151.2 152.9 153.3 152.2 152.8 154 155.1 155.3 155.3 154.2 152.3 157.1 157.1 157 155.8 151.5 150.3 149.8 149.4 150.1 150.7 146.7 150.4 154.8 157.2 157.9 157.6 156.5 159.2 161.1 161.1 159.7 158.4 157.3 154.9 151.9 149.3 137.4 122.2 121.6 122.6 130.4 135.2 133.9 130.8 131.8 133.5 133.3 133 133.1 134 135.7 136.8 136.6 137.2 138.3 139.1 139.8 138.8 135.9 135.3 137.1 140.9 142.9 143.4
141.7 138.7 130.6 130.9 130.6 128.7 130.4 139.3 140.5 143.7 146.1 148.4 150.6 152.9 155 155.6 154.3 154.3 155.1 156.2 157 156.9 156.3 153.9 155.9 159.2 159.1 156.6 153.4 152 151.5 151 151.8 152.9 149.3 152.2 155.6 158.2 160.3 159 158.3 161.6 163.4 163.1 161.3 159.5 158.3 155.5 152.3 149.6 139 124.1 121.7 124.8 130.6 131.4 137 131.3 136.5 136.6 136 134.8 135.2 134.9 136.3 137 136.9 138 138.5 140.7 141.9 141.1 139.8 138.2 138 140.3 144.7 146.6
144.7 142.6 140.6 137.6 131.7 133.8 137.9 139.1 141.8 144.7 147.4 149.7 152 154.4 156.8 157.1 156.9 156.3 157 157.7 158.4 158.4 157.8 156.4 155.5 160.1 161.1 158.8 156.2 152.7 151.8 152.5 152.8 154.6 155.5 156.4 157.6 159.3 161.8 162.1 159.4 162.2 164.4 165.7 162.9 160.5 158.9 156.2 152.9 149.6 136.7 123.1 121.6 125.9 131.5 132.2 133.2 138.3 140.9 140.5 139.3 138.1 138 136.1 136.5 137.2 137.8 138 138.2 141 143.7 144.4 143.7 142.4 139.6 140.7 145.4 148.6
147 145 143.6 141.2 135.3 139.1 140.2 142.1 143.9 145.4 148.2 150.8 153.1 155.5 157.9 159.7 159.5 158.7 159 159.6 160.4 160.8 159.9 159 156.1 160.3 162.2 160.8 158.8 155.1 151.8 153.3 153.6 153.2 154.3 159.1 159.7 160.5 163.1 164.4 160.4 161.9 164.4 166 164.1 160.6 158.9 156.5 153.6 150.5 135.4 125.3 122 125.4 132.5 133.3 135 138.9 143.1 143.5 142.4 141.1 141 138.2 136.9 137.8 137.8 137.8 138.4 141.3 144.2 145.7 146.9 146.2 142.3 142.9 146 149.8
149.4 147.1 145.9 139.6 142.3 142.5 142.6 144.1 145.9 147.6 148.2 151.3 153.6 156.1 158.6 161.1 162 161.2 160.9 161.4 161.7 162.2 161.9 161.5 158.7 158.4 162 161.4 160.6 158.3 156 154.5 154.8 154.5 156.6 161.8 153.9 161.1 162.7 165.7 162.4 161 162.6 165.2 165.4 162.1 158.7 156.4 153.5 151.7 134.4 124.7 123.9 124.5 132.3 134 138.1 141.8 139.8 146.5 145.4 146.4 145.8 142.3 139.8 140.1 140.2 139.8 139.3 141.2 144.1 147.9 149.9 149.5 148.1 147.7 148.5 150.3
151.9 149.7 147.4 142.2 145.3 145 145.3 146 147.7 149.4 151.2 151.9 154.3 156.8 159.4 161.9 163.5 163.9 162.9 163.3 163.8 164.2 164.2 163.6 161.2 158.5 159.5 164 163 157.7 157.3 156.7 156.2 155.9 160 164.2 164.5 163.5 159.1 154.7 161.8 160.8 161.1 163.7 165.3 163.8 160.4 157 153.3 149.3 134.1 122.2 124.2 130.4 132.9 134 141 147.1 141.7 143.7 149.1 147.1 148.5 145.7 143.4 142.8 142.9 142.8 142.4 141.7 145.1 149.4 151.9 151.4 151.2 150.9 150.3 150.8
154.2 151.6 145.9 149.3 148.8 147.8 146.9 147 149.2 151.5 153.2 154.7 155.6 157.8 160.6 163 164.7 165.1 165 165.4 165.8 166.3 166.5 165.3 165 163 159.3 163.8 165.2 157.4 161.3 158.9 158.6 157.7 162.2 164.5 166.7 166.2 166.2 166.9 165.5 163 155.8 155.3 163.6 163.8 162.1 159.5 154.7 147.7 132.2 122.5 124.4 133 133.5 134.8 142.5 147.1 148.2 141.2 150.7 151.6 150.6 150.5 147.9 145.2 146.3 146.2 146.1 144.5 145.8 150.1 153.4 153.8 153.7 153.6 152 151.2
156.4 153.5 145.9 151.2 151.4 150.7 149.7 149.8 151.4 153.6 155.2 156.7 158.2 159.3 161.3 163.9 165.7 166.7 167.2 167.5 167.9 168.4 168.8 167.5 166.9 165.9 163.1 161.7 160 162.4 162.6 161.7 159.5 159.8 163.2 165 166.8 168 167.5 167.1 165.8 162.8 163.2 162.4 162.5 161.4 154.6 154.5 157.8 150.3 132.4 124.2 131.5 134.1 134.7 135.1 140.9 145.2 147 145.1 144.5 151.4 152.6 154.3 153.3 149.9 148.1 148.5 149 148.8 148.2 151.5 154.9 156.5 155.8 155.5 153.8 152.5
158.6 155 147.6 152.8 153.6 153 152.4 151.8 153.7 155.6 157.1 158.5 159.9 160.2 160.9 164.4 166.3 168.1 169.1 169.5 169.9 170.2 170.6 169.7 168.3 167.3 163.4 160.2 158.5 160.6 164.7 165.9 160.5 162.3 164.1 165.8 167.6 168.4 167.4 166.8 165.9 163.1 162 161.2 162 163.1 162.6 161.4 158 150.8 129.7 124.9 138.4 147.8 140.2 138.9 139.3 142.7 144.4 147.1 143.3 150 152.1 155.8 156.4 153.6 151.6 151.8 152.2 151.9 152.6 154.5 155.8 160 160.5 158.1 156.2 154.2
160.6 156.7 150.8 154.4 155.8 155.5 155 154.5 155.5 157.7 158.9 160.3 161.6 162.3 162.9 163.7 167 169.1 170.4 171.2 171.6 172 172.1 171.2 169.8 166 161.3 160.9 159.2 161 164.4 168.6 161.7 164 164.7 166.5 168.1 168.8 167.9 166 164.8 163.2 161 160.9 161.4 161.6 160.7 159.8 158.1 148.2 135.7 125.8 136 138.6 145.4 151.9 155.4 148.5 142.2 143.1 146.4 145.7 151.3 154.9 156.7 156.7 155.3 155.2 155.3 155 155 155.8 157 160.7 164 163.1 160.2 156.8
162 157 152.5 156.1 157.8 157.8 157.6 157.1 158.1 159.7 161.3 162.3 163.6 164.6 165.2 166.2 167.5 169.7 171.2 172.3 173.3 173.7 173.5 172.8 171.6 163.5 169.7 165.4 163 163.3 163.1 166.4 166.9 165.7 166.5 167.2 168.4 168.9 167.1 165.5 163.6 162.1 160.8 160.9 160.9 160.9 160.7 160.5 158.8 150.1 137.3 125.5 125.1 125.6 126.1 137.3 143 142.9 150.4 156.5 148.7 145.7 150.8 154.1 156.8 158.9 158.7 158 157.9 158.6 158.6 158.7 158.9 161.4 165.1 166.6 164.4 160.3
161.4 157.2 154.2 157.5 159.8 159.9 159.9 159.7 161.2 162.5 163.8 165.1 166.3 167 167.6 168.6 169.9 170.5 171.5 173 174.6 175.5 175.1 175.5 174.1 165.9 172.6 170.9 166.4 165.6 164.5 164.6 169.8 167.7 167.8 168.1 168.9 169.1 168 165.8 163.6 161.5 161 160.5 161.6 161.9 161.9 161.1 159.9 153 142.2 134.5 133.1 131.1 125.9 136.3 145.8 145 144 143.5 146 147.9 148 155 157.8 160.7 161.6 160.8 161.1 161.9 162.2 161.9 160.8 162 165.5 168.4 167.5 164.5
162 160 154.2 158 160.8 162.1 162.8 162.9 163.4 164.6 166.1 167.5 168.8 169.4 170 170.9 171.3 171.8 172.3 173.2 175.3 176.9 177.4 177.4 175.5 167.4 174.2 175.2 169.3 167 166 167.8 173.5 171.1 169 169.2 169.4 169.1 168.4 165.3 163.1 161.7 160.5 160.6 161.9 162.5 161.8 160.9 158.9 155.6 146.9 139.8 134.9 132.2 126.9 144.7 149.4 148.6 147.2 145.8 146.1 148.2 147.5 154.5 158.3 162 161.9 163.6 164.3 164.9 164.9 164.5 162.8 162.8 164.4 167.9 168.5 166.6
162.8 161 158 158.8 161.3 163.7 164.6 165.6 165 166.9 168.4 169.8 171.2 171.8 172.8 172.7 173.1 173.3 173.4 173.4 175.3 178.4 178.6 178 170.8 177.4 178.3 177.8 172.1 168 167.1 172.5 174.6 173.8 170.8 170.4 169.7 168.9 168.2 165.9 164.7 163.6 162.1 161.4 162.2 161.7 161.2 160 158.6 159.2 153.3 142.1 137.9 128.2 135 149.4 153.2 152.5 150.8 148.6 146.5 148 147.8 150.3 157.4 160.9 163.3 161.8 163 166.4 166.9 166.7 165 163 163.7 166.3 168 166.6
164 162.3 158.6 159.5 162.2 164.9 166.9 167.8 168 169.2 170.5 171.9 173.8 175 175.4 175.3 175.1 175.5 176 175 174.9 178.2 179.2 177.9 177.9 180.6 180.5 180.2 172.4 171.9 168.7 173.7 174.6 175 172.6 171 170.2 170 169.1 166.3 166.2 165.4 164 162.6 162.4 162 161.3 160.1 160.4 161 157.5 147 138.9 128.8 135.1 146 154.8 152.7 152.7 150.1 147.9 148.5 150.1 149 157.3 161.2 164.5 168.7 165.5 164.8 167 167.8 166.5 163.7 161.6 164.4 167 166
164.7 161.2 160.2 161.8 163.4 165 168.3 170.1 170.5 171 172.4 174.1 176.8 178.1 177.9 177.8 177.7 177.5 177.7 176.7 176.1 177.2 180.1 176.7 181.3 182.3 182.7 181.7 175.4 175.6 170.6 173.5 175.2 176.1 174.7 172.4 170.8 170.3 167.9 165.2 164.6 163.6 162.4 162.5 162.6 162.3 161.1 161 161.3 161.7 159.7 151.4 141.6 130.8 134.9 141.2 131.2 132.6 133.7 148 149.3 148.9 150.5 150.1 153.7 161.1 164.1 166.9 167.8 167.8 161.7 165.7 165.9 163.7 160.4 162.3 164.9 164.8
164.5 162.6 162.5 163.7 165.2 167 169.7 172 172.8 173.3 174.4 177.1 179.8 180.6 180.5 180.3 180.2 180.1 179.8 178.4 178 177.8 180 178.5 182.6 183.3 184.2 182.2 173.7 180.4 172.5 172 174.3 175.5 176.3 174.8 172.6 169.9 167.8 166.4 164.9 163.8 163 161.3 162.6 162.5 161.5 161.7 161.7 161 160.1 155 144.6 129.7 129.8 132.4 133 132.3 133 134.1 140.4 148.3 150.9 152.2 151.2 159.6 162.7 165.4 167.1 166.8 168 167.7 163.7 162.6 159.3 160 162.3 162.3
163 164.2 165.4 166.5 169.3 169.3 171.2 173.4 175.1 175.8 177.5 180.1 182.4 183.2 182.9 182.8 182.7 183 182.8 181.1 179.3 178.6 178.2 181.8 183.1 184.2 185.3 179.9 180.9 179.2 175.5 178.8 175.8 175.1 176.3 175.9 175 172.6 169.7 168 166.4 164.7 164.1 161.4 160.4 161.3 161.5 161.6 160.9 160.2 158.8 155.5 149.5 136.7 135.9 135.9 136 136.4 132.6 135 137.8 148.9 150.7 151.8 151.8 157.7 160.7 163.6 165.7 165.2 166.6 166.6 166.1 163.1 159.1 156.6 159.1 160.4
166 166.3 167.5 168.6 169.5 170.7 172.7 174.8 177.5 178.5 179.6 181.9 184.4 186.2 185.5 185.3 185.7 185.6 185.7 183.9 182 180.1 178.6 181.6 183.4 184 182.8 182.7 186.3 181.5 185.1 182.9 179.4 176 177.6 177.9 177.1 175.3 172.4 169.9 168 165.8 164.1 162.4 160.6 159.8 159.3 159.9 160.1 159.2 158.4 155.3 146 138.5 137.1 136.6 136.7 137 133.6 134.9 138.2 150 151.3 151.5 152.5 155.3 158.1 160.5 162.5 162.9 163.4 164.5 164.3 164.5 162.8 154.3 155.8 157.3
