GeneralExemplars/GeoExemplars/data/LakeDistrict/terrain-50-dtm_3563996/ny/NY52.asc
ncols 200
nrows 200
xllcorner 350000
yllcorner 520000
cellsize 50
[rows 70 to 104 of 200, columns 78 to 155 of 200]
153.9 152.2 149.2 148 147.2 144.8 143.5 142.4 141.6 141.9 142.8 144.2 143 141.2 139.3 139.4 138.1 136.9 135.2 133 131.5 133.3 135.1 136.8 136.7 136.7 137.1 133.3 134.8 136.4 134.9 133.8 132.8 131.3 130.1 127.5 129.6 131.5 133.6 135.6 138 138.9 139.3 139.6 141.4 145.6 150.3 152.9 154.9 160.6 168.2 173 178.3 185.1 191.9 194.1 195.4 194 192.9 191.5 189.9 190.2 198.2 199.3 193 190.2 189.9 188.4 185.3 184.6 186.1 185.8 185.2 182.4 179.8 175.9 168.9 163.3
151.8 151 149.4 149.5 148.4 146.5 144.5 143.8 143 142.3 142.8 144.2 145.4 143.3 141.2 139.1 138.6 138 137.4 135.2 133 133.5 135.7 137.5 137.7 138 138.2 133.8 136.3 138.2 137.5 136.2 135.2 134 132.2 130.1 127.7 129.1 131.1 132.7 134.1 135 135.1 135.9 137.4 140.5 145.6 149.4 152.9 157 163.8 171.2 175.6 181.1 187.5 198.6 200.8 200.4 199.4 196 193.9 192 199.4 195.5 199.4 196.2 193.9 193.1 190.4 187.3 183.7 183.5 180.5 177.2 176.1 171.9 167.7 162.9
151.7 150.8 149.8 151.2 149.6 147.8 146.2 145.4 144.7 144 143.5 145 146.4 145.4 143.4 142.2 140.6 139.8 139.4 137.7 135.3 133.3 132.8 136.4 138.5 137.8 137.3 134.4 138.1 139.6 140.7 139.6 138.3 136.8 134.8 132.5 130.4 128.3 128.6 129.5 129.9 130.8 130.8 131.6 132.1 134.8 140.2 143.6 147.6 151.1 155.8 162.8 168.3 174.2 179.3 184.1 189.5 194.4 194.9 194 193.8 192.8 192.3 193.7 196.6 197.9 196.7 193.5 192.6 187.3 182.1 177.4 172.4 170.6 168.8 166.9 164.5 161.5
151.9 151.2 152.2 152.7 151.4 149.7 149 148.3 147.4 146.5 145.5 146.2 147.4 147.8 147.1 145.3 143.6 142.1 141.4 140.3 138.1 135.8 133.5 134.8 137 135.4 137.9 140.5 140.4 140.4 143 142.8 141.3 140.2 138 135.4 132.9 130.9 129.7 127.9 127.2 128 127.9 128.7 128.8 129.4 131.6 134.7 138.2 138.5 144 151 157.6 162.6 167.6 170.5 175.1 178.6 180.3 180.5 180.2 180.7 182.6 183.6 186.5 189.6 189.4 190.7 190.2 181.4 175.7 168.5 165.1 163.4 162.7 161.7 159.9 157.6
155.1 153.3 153.3 153.8 153.1 152.4 151.7 151.2 150.4 149.5 148 147.7 147.8 150 150.4 148.6 146.8 145.2 144.2 143 141.9 139.1 136.8 133.9 134.9 137.8 140.6 141.9 142.2 141.3 143.8 144.3 142.2 143.4 140.7 138 135.2 133.2 131.6 130.4 129.1 127.9 128 127.3 127.3 126.7 128.1 128.3 129 130.1 131.7 139.6 147.1 151.1 155.1 157.2 161.6 165 166.5 166.9 167.2 167.5 169.4 172.1 172.3 173.2 175.4 176.4 177.8 173.8 170.1 164.1 159.4 158.1 157.4 156.4 154.6 152.9
166.5 155 156.6 154.7 155.7 155.1 154.4 153.9 153.4 152.4 150.6 149.5 149.8 151.7 153.3 152.3 150.4 148.6 147.8 146.6 145.2 143.1 140.3 136.1 134.8 141.3 142.6 144.2 143.8 142.4 143.6 144.5 143.8 142.3 142.9 140.2 136.4 134.3 132.6 132.5 133.2 130.8 129 128.3 126.8 126.2 127.1 127.5 126.9 126.8 127.4 131.4 136.6 141.6 145.8 150.1 153.1 154.7 155.6 156.6 158.8 161.2 163 165.3 165.8 166.1 167.8 169.6 169.4 167.2 162.9 158.6 155.3 154 152.8 151.5 149.9 148.3
161.6 157.7 157.2 158.1 157.4 157.1 156.5 156.6 155.9 154.9 153.4 152.1 153.2 153.8 154.4 154.3 153.5 151.6 150.4 149.2 148.8 147.6 144.7 145.6 141.2 136.8 140.6 142.8 145 143.9 143.2 144.9 144.8 144.3 144.1 141.4 137.5 135.5 134.7 132.5 133.7 134.2 133.1 130.6 127.3 126.3 126.1 126.6 126.5 126.9 126.7 126.4 129.4 132.8 137.1 141.8 145 147.7 149.8 150.8 151.9 155 157.5 160 160.5 161.4 160.8 162.2 162.5 160.3 156.9 152.7 150.1 149.7 148.4 147.4 145.8 144.3
156.9 164.2 159.5 159.6 159.3 159.6 160 159.8 159 157.3 154.7 155.1 153.8 153.9 154.1 156.4 155.8 154.5 152.9 151.3 150.6 150.6 148.2 140.9 137.5 136.6 138.9 142.1 145.1 145 142.7 144.4 144.5 143.6 143.8 141.6 139 136.1 133.9 132.3 133.7 134.2 134.1 132.7 129.6 126.4 124.9 127.5 128 127.2 126.9 126.3 127.2 127.9 132 136.1 136.6 140.1 143.5 145.6 148.4 151.2 152.8 154.8 156.3 157.4 157.4 156.7 156.4 155.1 152.3 149.1 145.6 144.8 144.9 144.4 142.4 140.4
158.3 160.6 162.3 162.3 161.8 162.2 162.2 161.9 161.7 160.8 159.3 157.2 153.6 152.9 153.6 156.3 157.5 156.3 154.9 153.6 152.1 150.7 145.6 142.3 140.2 137.9 136.8 140.7 144.7 146 143.1 142.2 143.5 142.7 142.2 141.8 139.4 136.8 134.6 131.7 131 132.5 133.3 134 132.3 130 125.2 130.3 130.1 129 127.7 126.5 127.1 127.8 128.9 130.9 134.5 137.7 141.1 141.7 144.3 146.5 147.9 150.3 152.9 155.1 155.3 154.4 153.6 152.2 150.3 146.7 143.1 140.5 140.8 141.2 139.6 137.4
160.4 161.9 164.1 165.2 164.6 164.6 164.5 164.1 163.8 163.1 161.1 158.5 154.5 153.7 152.6 155.3 157.5 157.4 156 154.6 152.9 151.7 148.1 145.6 144.2 136.7 135.6 138.6 143.6 146.2 144.2 139.7 140.7 139.8 139.1 140 139.2 137.4 135.4 133.1 131.8 130.8 132 133.3 133 131.7 124.9 128.2 131.2 131.6 131.7 130.7 129.4 129.2 129.3 128.9 130 131.9 134.7 136.7 139.6 141.6 143.7 146 148.6 151.3 151.8 151.4 150.2 149.4 148.7 144.8 141.3 138.4 137.8 137.7 137.3 135.1
162.3 163.5 164.2 164.5 167.3 166.7 166.6 166.2 165.7 165.1 162.6 160.1 156.6 153.7 151 153.1 156.6 157.4 156.6 154.8 153.3 152.1 146.9 150.5 146.3 139.4 134.6 135.6 141.3 145 144.9 140.3 137.3 135.8 134.6 135.3 136.3 137.1 135.2 133.7 131.8 130.3 130.3 131.3 131.7 129 123.5 127 131.7 132.3 133.3 133.7 132.5 132.8 132.6 132.7 131.9 132.5 131.5 133.1 135.6 137.8 140.1 142.3 144.2 147.1 147.8 147.6 146.3 145.5 145.1 142.9 139.7 136.6 135.6 135.1 134.5 133.4
165.7 165.1 168.5 169.2 169 168.8 168.4 168 167.5 166.8 164.3 161.9 158.9 154.1 150.5 151 154.1 155.8 155.9 154.5 153.4 151.9 147.9 151.9 147.6 141.3 134.9 134.1 137.5 142.3 144.3 141.1 136.4 133.3 132.2 132.6 133.6 134.9 135.2 133.7 131.5 129.8 129.2 129.5 129.7 128.3 124.8 127.4 131.5 132.7 134 134.9 134 133.5 132.6 133.9 134 135.6 134.6 133.5 133.5 135.6 137.5 139.3 139.8 141.8 143 142.9 142.2 140.8 140.9 140.2 138.1 135 133.7 133.6 133.4 133.2
168.8 166.8 169.6 169.7 170.2 169.6 169.4 169.2 168.8 168.2 166.3 163.7 160.2 155 149.5 147.3 149.2 151.6 153.3 152.5 149.2 147.2 147.6 150.4 147.4 141.7 135 133 134.5 138.8 142.7 141.3 136.7 133.5 131.9 130.7 131.2 132.3 133.7 132.4 131 130 128.3 127.8 127.8 127.5 123.8 125.9 129.4 131.4 132.9 134 134.4 133.9 132.2 134.1 135.1 134.6 135.5 135.3 133.8 133.9 135.4 136.5 136.5 137.3 138.3 137.8 137.3 136.7 135.3 135.9 134.7 132.7 132.2 132.5 132.7 131.6
172.4 169.8 169.9 168.7 170.2 170 169.2 169.1 169.1 168.6 167.1 165 161.4 156.1 148.4 146.2 144.6 146.5 147 146.8 145.8 144.9 144.5 144 143.6 140.1 134 131.5 132.4 135.7 139.3 140.7 136.4 133.1 131.4 130.5 129.7 129.9 131.1 131.5 130.7 129.9 128.5 127.6 127 126.4 124 124.6 128 129.5 131.1 132.7 133.8 132.6 132.9 134.5 135.3 135.5 136 135.6 132.9 134.2 135.4 135.3 134.8 133.8 134.1 134.1 133.6 132.9 132 131.7 130.9 130.5 130.9 131 131.7 130.8
175.7 173 169.5 168.8 169.9 168.8 168.1 167.8 167.7 168.5 167.7 165.5 162.3 157.6 149.2 146.4 143.9 141.5 143 142.9 140.1 139.8 140 139.6 139 136.6 132 131.5 131.3 132.2 135.9 138.2 135.2 131.9 130.9 130.2 129.6 129 128.8 130.4 130.5 129.7 128.8 127.8 126.5 125.3 124 123.7 125.6 127.5 129.6 131.3 132 131.7 132.8 134.7 135.4 136.1 136.5 136.1 134.4 134.2 134.8 134.3 133.6 132.8 131.6 131.3 131.3 131.1 130.6 130.5 130.6 130.5 130.8 130.6 130.6 130.5
178.1 176 171.9 169.8 169.8 168.5 166.7 167 167.5 168 167.4 165.1 162.1 158.2 151.5 146.7 144.8 142.6 140.5 139.1 136.8 136 137 135.2 134.5 132.8 131.1 131 130.9 129.9 132.1 134 133 130.2 130.5 130.3 128.8 127.9 127 128 128.5 129.5 128.2 126.4 125.2 124.2 123.3 123.1 124 125.2 125.4 128.8 129.9 130.9 131.7 133.1 134.5 135.6 136.5 136 134.9 134.3 133.8 133.2 132.7 132.3 131.5 130.8 130.6 130.5 130.4 130.3 130.2 130.5 130.1 129.6 129.2 130.1
180.2 178.8 174.3 171 169.7 168.1 166.6 165.9 166.3 166.7 166.5 164.5 161.3 157.9 152.1 148.8 147 144.9 142.3 140 137.2 135.6 134.5 133.4 132.5 131.6 131.1 130.9 130.4 129.2 128.4 129.5 129.4 128.1 128.3 128.4 128.2 126.9 126.2 125.5 126.8 129 126.4 124.6 124.3 123.6 123.4 123.1 122.9 123.3 123.8 125.3 127.3 128.7 129.6 131 132.5 133.9 135.5 135.5 133.8 133.7 133.3 133 132.6 132.2 131.7 131.1 130.9 130.7 130.5 130.3 130.2 130.1 129.9 129.2 129.1 130.5
181.5 180.7 177 173.2 170.3 168.3 165.7 165.2 164.8 165.4 164.9 163.5 159.9 156.1 151.9 149.5 147.7 146.8 143.4 141.7 138.2 137.3 135.8 133.9 132.6 131.9 131.1 130.9 129.8 129.1 128.5 127.8 127.5 127.1 126.9 126.6 126.3 126 125.4 124.9 124.8 125.6 124.6 124.2 123.9 123.6 123.2 122.9 122.6 122.3 122.2 122.7 124.5 126.3 127.5 129.3 131 131.8 133.2 134.2 133.6 132.7 133.2 132.9 132.5 132.1 131.7 131.4 131.2 130.9 130.8 130.6 130.3 130 129.6 129.6 129.7 130
183.4 181.8 175.9 175 171.3 168.9 166.7 165.5 165.2 163.6 162.6 160.2 158.9 153 151.6 150 148.9 148 145.1 141.2 142.2 140.1 138.1 136.4 134 132.6 131.6 130.7 130.2 129.6 129 128.8 128.3 127.6 126.8 126.1 125.8 125.6 125.4 124.7 124.4 125.4 125.6 125.7 124.4 123.2 122.9 122.6 122.2 121.9 121.7 121.7 121.8 122.6 125.3 127.7 128.9 129.7 131 132.2 131.7 131.3 131.9 132.5 132.4 132.1 131.9 131.7 131.4 131.2 131 130.7 130.3 130.1 130.2 130.3 130.5 130.7
184.6 183.2 175.4 176.9 172.7 169.5 167.7 165.3 166 164.5 163.1 160.7 158.3 155.4 153.5 151.5 149.6 147.8 143.2 146.5 145.6 143.3 141 138.6 136.2 133.9 132.8 131.9 131 130.4 130 130.1 128.4 127.6 126.8 126 125.5 125.4 125.3 124.9 124.7 125.5 125.3 125.1 124.4 123.7 123 122.3 122 121.9 121.6 121.6 121.7 121.7 121.4 124.6 127.3 128.3 129.3 129.7 129.3 130.8 131.3 131.8 132.6 132.4 132.1 131.9 131.6 131.4 131.1 130.8 130.5 130.2 130.8 131.1 131.3 131.5
183.9 183.6 176.2 177.4 172.4 170 167.3 166 166.8 165.8 164.7 162 159 156.5 154.4 152 149.8 149.5 144.6 149.2 148.4 146.2 143.4 140.6 138.2 136 134 133.1 132.2 131.3 131.2 130.7 128.8 127.5 126.5 125.7 125.3 125.1 125.1 125 124.9 124.8 124.2 123.6 123.1 123 122.9 122.7 122.5 122.3 122 121.7 121.6 121.6 121.4 121.5 123.1 125.8 127.5 127.9 129.3 130.3 130.6 131.3 132 132.7 132.4 132.1 131.9 131.7 131.2 130.9 130.6 130.4 131.2 131.6 132 132.3
182.3 182.5 177.5 179 173.5 169.3 167.2 166.6 167.7 167.5 166.3 163.6 160.5 157.8 155.1 152 151 150.1 147.5 148.3 149.7 148 145.8 143 140.2 137.8 136 134.5 133.5 132.4 132.3 131.3 129.4 128 126.7 125.7 125.2 124.9 124.8 124.9 124.7 124.4 124.1 123.9 123.9 123.5 123.3 123.2 122.9 122.6 122.4 122.1 121.8 121.5 121.1 120.7 120.3 120.5 124.6 126.4 128.8 129.5 130.2 130.8 131.5 132.6 132.7 132.4 133.2 133 132 131 130.7 130.6 131.4 131.6 132 132.4
180 181.9 178.3 177.4 172.4 167.9 167.1 166.4 167.6 169 167.8 165 161.9 159.1 155.8 153 151.2 150.3 148.8 147.5 149.3 148.8 146.9 144.9 142.3 140.4 138.6 135.6 132.9 134.4 133.6 131.9 130.1 128.4 127.1 125.9 125.5 125.2 124.8 125.4 125.3 125 124.7 124.5 124.6 124.7 123.8 123.6 123.3 123 122.8 122.5 122.3 121.8 121.3 120.9 120.5 119.7 121.4 124.7 127.4 128.8 129.7 130.3 131 132 133 133.3 133.5 133.1 132.4 131.6 130.9 130.9 131.5 131.8 132 132.3
176.7 179.3 180.2 175.9 171.3 167.5 166.6 166.1 168.1 170.2 169.8 167.4 164.1 159.9 156.5 153.9 152.1 150.4 149.5 149.3 149.8 148.9 147.4 146 143.9 143.2 141.1 135.8 136 136.5 135.2 133.2 130.7 128.9 127.7 126.9 126 125.7 125.8 126 125.9 125.6 125.3 125.2 125.1 124.9 124.1 123.8 123.5 123.4 123.2 122.9 122.7 122.3 121.5 121.2 120.7 120 119.3 119.5 125.9 127.3 128.6 129.8 130.5 131.4 132.6 133 133.1 132.9 132.4 132 131.6 131.7 131.2 131.6 131.8 132
175.4 175.1 176.4 174.4 170 168 167.1 166.3 169.2 171.1 172.1 169.9 167 162.3 158 154.9 153 151.2 150.4 150.4 150.4 149.1 147.9 146.6 145.1 144.3 141.3 135.2 139.7 139.2 137.9 136.4 133.4 131.1 129.1 128.7 127.4 126.8 126.5 126.6 126.6 126.7 126.6 125.5 125.2 124.9 124.6 124.1 123.7 123.5 123.3 123.2 123 122.7 121.9 121.3 120.9 120.1 119.7 119.6 119.7 125.9 127.2 128.5 129.8 130.9 132.1 132.5 132.9 133.3 133.1 132.7 132.4 132.1 130.8 130.8 131.1 132
175.3 175.1 175.1 174 171.1 169.4 167.9 167.3 168.5 170.7 173.6 172.6 169.8 165.3 160 157 154.1 152.5 151 151 151.1 150.6 149.3 148.1 146 145.1 140.8 139 141.7 141 140.3 138.9 136 132.3 130.8 130.5 129.4 128.2 127.3 127.5 126.9 126.4 126.1 126 125.4 125.1 125.1 124.5 124 123.6 123.5 123.3 123.1 122.5 121.8 120.3 120.8 120.8 120.8 120.4 119.5 118.2 122.2 126.5 127.7 129.4 131.6 132.2 132.7 133.2 133.7 133.3 133.1 131.8 130.5 129.6 130.8 131.9
176.4 176.4 175.4 174.9 173.1 171.5 169.9 168.3 167.7 170.5 174.6 175 172.6 168.4 162.6 158.6 155.6 153.8 152.3 151.6 151.8 151.6 150.7 148.9 146.9 145.3 137.5 141.1 142.5 142.1 141.4 140.1 138.4 135.1 131.8 130.9 130.8 129.6 128 128.4 127.5 126.4 126.2 126.1 125.9 125.9 125.2 124.5 124.5 124 123.6 123.4 121.8 122.7 122.7 122.9 122.5 122.5 122 121.4 121.5 121.5 118.6 117.7 125.1 127.2 129.6 131.5 132.4 133 133.5 134 133.1 132.1 131.2 129.2 129.2 131.8
178.4 178.1 177 175.5 175.1 173.7 172.2 170.6 168.3 170.2 172.2 176.4 175.6 171.4 165.6 160.8 157.2 154.9 153.4 152.3 152.5 152.6 151.8 150.5 148.1 145.7 141.5 141.7 143.3 142.8 142.4 141.4 139.6 137.3 133.9 131.4 131.6 130.4 128.7 129 127.1 126.7 126.6 126.4 126.3 125.9 126.1 124.6 123.1 123 124.3 124.3 124.1 124.1 124 124.8 123.9 123.4 123.2 122.6 122.2 120.5 118.6 118 117.3 125.1 127.5 129.9 131.5 132.2 133 133.4 132.8 131.8 130.9 130 125.5 128.6
180.3 179.9 179.4 176.4 177.2 175.8 174.4 172.9 170.3 169.5 174.8 177 177.3 174 168.8 163.2 158.2 156 154.5 153.1 153.3 153.6 152.9 152.2 149.7 145.7 142.5 142.2 144.4 143.7 143 141.7 140.9 138.2 135.6 131.4 131.7 129.4 129.2 129.2 127.2 127 126.9 126.8 126.8 125.2 125.8 124.3 124.6 125.2 125.2 125.3 126.1 127.7 127.7 128.1 127.5 126.3 124.8 124.2 122.1 120.1 119.5 119.5 118.2 122.6 124.8 127.6 129.6 131 132.3 132.8 132.5 131.5 130.7 130.2 127.8 124.5
182.3 181.1 180.9 176.7 179.3 177.9 176.5 175.1 172.2 168.5 172.1 175.7 177.9 175.6 170.3 165.2 160 157.2 155.6 154.2 154.1 154.4 154 153.3 151.2 142.3 144.1 145.8 145 143.7 143.1 141 137.6 131.6 130.5 129.6 130 129.7 129.3 128.3 127.6 127.4 127.3 127.2 127 125.7 123.8 125.8 125.6 125.8 126 127.3 129.4 131 131.8 131.6 130.3 128.9 127.4 126 123.2 120.4 121.6 120.2 118.6 117 119 123.6 127.3 128.8 130 131.3 132.2 131.8 131.4 130.2 128.3 124.1
183.5 183.6 183.6 180.7 181.5 180.1 178.7 176.9 173.9 169.6 168.9 173.6 177.9 176.7 172 165.8 161.2 158.7 156.3 155.3 154.9 155.2 155.1 154.4 151.5 144.9 147.1 147.1 145.9 144.7 140.3 130.6 131.5 131.7 130.7 130.7 131.1 130.6 130.1 129.1 128.2 127.6 127.5 127.3 127.1 126.5 125.7 125.8 126.1 126.4 128.9 130.1 131.3 132.8 134.4 134.6 133.1 131.6 130 126.8 123.4 122.4 123.5 123.3 121.5 116.8 117.3 117.8 124.4 127.7 128.2 128.7 129 126.5 126.8 128.9 128.3 126.9
184.6 184.7 184.8 184.5 182.7 182 180.6 178.2 175.2 170.3 167.7 170.8 175.1 176.5 172 166.5 162.3 158.9 157.2 156.9 156.4 156.1 156.1 155.7 144.8 149.8 149.4 148 146 141 132.9 132.1 132.4 132.3 132 132.5 131.8 131.5 130.9 130 129.1 128 127.2 127 126.7 126.5 126.2 126.4 127.1 128.9 131.4 132.3 133.9 135.5 137.1 137.9 136.5 134.8 131.1 124.5 122.1 126.7 126.5 125.9 123.2 116.3 116.3 116.8 118.7 124 126.7 124.7 125.3 123.4 123 124.9 127 127
185.4 185.5 185.3 185.5 183.6 182.5 181.8 179.4 176.3 171.7 168.4 167.2 172.2 175.3 171.9 167.5 163.3 159.2 158.7 158.4 157.9 157.4 157.2 152.7 148.3 153 151.6 149.2 146.1 139.6 133.2 131.6 133 133.6 138.1 137.6 135.9 134.3 132.1 130.9 130 128.9 127.9 126.9 126.6 126.7 126.7 126.6 127.3 129.6 133 134.5 135.9 137.7 139.2 140.4 139.4 138.4 132 124.4 124.1 130.2 129.1 127.9 126.7 124.7 118.1 116.4 116 123.8 127.4 122.1 123.4 121.6 120.3 120.7 123.2 124.5
184.4 184.1 185 185.1 178.1 183 182.4 179.9 176.5 172.6 168.5 166.6 168.8 172.5 172.5 168.3 164.1 160.6 160.7 160 159.4 158.9 158.4 148.8 153.5 156.6 153.8 149.7 145.2 140.1 134.5 132.8 134.3 140 141.5 139.9 138 136.4 134 131.8 130.9 129.8 128.8 127.8 127 127 127 126.9 128.3 130 133.2 135.3 137.1 138.6 140.3 142 142.5 142.1 136.5 126.9 126.5 132.7 131.3 130 128.7 127.1 126.2 125.2 116.4 115.6 117.1 116.9 118.1 119.8 125.2 118.4 119.8 121.5
183.3 183.6 184.6 184.7 184.2 183.4 182 179.9 176.5 172.9 169.4 166.4 166.7 168.5 169.9 169 165.3 162.6 163.5 162.2 161.3 160.5 158 149.1 157.3 158.5 156.3 151.5 145.3 140.9 135.1 133.7 136.1 143.9 143.8 142.3 140.3 138.5 135.9 133.2 131.8 130.7 129.7 128.8 128.1 128.2 128.2 128.4 129.6 130.8 134.5 137.1 138.4 139.4 140.2 143.5 142.8 144.1 138.2 129.3 127.4 135.4 133.9 132.4 130.9 129.7 128.6 127.4 125.7 124 116 115.9 115.7 115.1 115.6 117.1 117.6 118.5
