GeneralExemplars/GeoExemplars/data/LakeDistrict/terrain-50-dtm_3563996/ny/NY52.asc
ncols 200
nrows 200
xllcorner 350000
yllcorner 520000
cellsize 50
[rows 70 to 104 of 200, columns 0 to 77 of 200]
168.7 168.4 169.6 170.5 171.5 172.8 174.4 176.8 179.5 180.8 181.9 183.8 186.2 188.5 188.8 187.5 187.5 187.6 187.8 187 185.1 183 180 180 181.6 183.5 182 187.4 185 186 188.9 186.2 182.7 178.1 179.9 179.9 179 178.2 175.3 171.9 169.4 167.3 165.9 164 160.2 159.1 158.8 159.8 160.1 159.3 158.2 155.2 143.2 139 137.7 137.4 137.1 137.3 133.6 135.6 144.9 152.8 152.2 152 152.9 153.8 154.8 156.6 158.3 159.6 160 162 162.6 160.2 157.9 160.4 153.2 154.5
171.3 171.2 171.8 173 174.4 175.7 176.5 178.8 181.4 183 184.2 186 188.2 190.8 190.7 190.2 189.4 189.6 189.8 189.7 188.2 185.7 182.6 179.9 181.4 182.9 183.3 185.4 184.6 191 190.9 189 185.8 182.3 181.6 181.9 181.3 180 177.9 174.2 170.8 169.2 166.2 164 159.8 159.1 158 160.1 160 159.3 157.8 155 139.6 138.9 138.6 138.3 138 135.1 134.4 138.3 155.7 153.8 152.6 152.5 153.5 154.3 153.3 153.7 155 155.6 156.5 158 158 157.1 155.5 159.3 157.8 152.6
174.5 174.3 174.6 175.9 177.3 178.6 179.4 180.7 183.2 184.8 186.4 188.3 190.2 192.5 193.4 193.2 191.8 191.7 191.9 192 191.1 188.9 186.6 182.2 180.9 183 183.5 184.1 190 192.3 192.7 190.9 188 185.2 181.8 183.9 183.7 182 179.9 176.3 172.7 170.5 168.1 163.7 159.4 158.3 158.2 159 159.4 159.2 158.2 148.9 140.7 140.4 139.3 139.2 139 135.5 136.6 151.3 157.5 155.5 153.8 153.1 153.4 154.7 154.5 152.6 152.9 153.1 153.9 155.7 156.4 155.8 154.4 153.1 165.4 153
178.1 177.9 177.6 178.8 180.3 181.5 182.3 183.6 185.8 187.8 188.6 190.6 192.5 194.7 195.7 195.6 194.4 193.9 194 194.1 193.7 192.2 190.3 183.8 182.6 182.9 183.4 185.8 190.8 193.3 193.7 192.6 190.5 187.8 183.8 185.9 185.8 184 182.1 178.2 173.5 171.6 168.9 163.6 160.1 157.2 156.9 158 159.3 159.4 158.6 145.4 141.5 141.4 140.3 139.4 137.2 134.3 142.6 156.9 158.8 156.8 155.1 154.1 154.6 155.3 156.6 153.8 152.6 153 154 155.1 155.9 154.9 153.4 152.8 153.2 164.7
180.5 181.4 181.2 181.9 183.4 184.3 185.2 186.5 188.6 189.8 190.8 192.6 194.8 196.6 197.8 198.1 197.1 196.1 196.2 196.4 196.2 194.8 192.7 187 186.4 184.4 185.4 188.6 191.3 194.2 195 194 191.9 189.6 184.4 188.1 188.1 186.2 183.5 178.8 174.2 171.8 167.9 162.6 158.9 156.6 156.3 157.7 159 159.3 157.6 142.9 142.2 141.9 141.1 140.1 136.8 133.9 154.9 160.3 159.5 157.5 156.5 155.4 155.8 156.4 156.8 155 153.5 153.7 154.4 154.9 156.5 156 153.7 152.3 152.5 161.3
181.8 183.6 184.9 185.1 186.3 187.2 188.1 189.3 190.5 191.8 193 194.2 196.6 198.6 199.8 200.5 199.8 199.1 198.9 198.5 198.5 197.5 195.3 190.4 190.1 186 186.2 190 192.1 194.6 195.3 195.5 193.2 189.9 186.5 188.6 189.4 187.2 184.7 180.1 175.4 172 167.6 161.5 158.2 157.1 156.2 157.4 158.5 158.7 152.7 143.5 142.9 142.4 140.7 139.1 136.8 138.7 160.1 160.9 160.3 158.5 157.1 156.9 156.3 157.4 151.7 156.7 156 155.3 155.4 155.3 156.2 156.6 154.7 152.7 152.3 152.8
183 185.6 187.8 188.5 189.7 190.7 191.9 192.1 192.9 194 195.1 196.1 197.7 200.3 201.9 202.6 202.4 201.8 200.5 200.6 201 200.2 199 193.7 188.9 189.1 188.6 189.2 191.5 194.6 195.8 195.9 194.1 190.8 187.4 187.4 190.1 188.4 185.7 181.6 177 171.3 163.9 159.9 158.5 157.1 156.5 157.3 158.3 158.2 148.4 143.6 143.4 141.6 141.2 138.5 135.7 154.4 159.4 160.9 161.1 159.6 157.9 157.6 156.9 157.4 158.5 159.1 157.3 155.7 155.6 156.2 156.9 157.4 154.9 154.2 153.2 153.3
185.3 188.2 190.5 192.2 193.4 194.9 195.4 195.5 195.7 196.6 197.8 197.6 198.8 202 203.6 204.7 205.3 204.6 203.3 202.7 203.3 202.7 201.1 193.5 192.7 190.8 191.2 188.9 191.6 193.5 195.6 196.2 195.1 191.5 189.1 187.7 190.1 189.4 186.6 183.1 178.3 171.4 164 161 158.3 157 156.8 157.4 158.3 158.4 149.1 144.5 143.7 141.7 139.5 136.5 145.5 152.8 157.1 159.8 161.4 161.6 160.6 159.5 159.7 159.8 159.7 159.8 159.5 157.2 157 157.3 157.9 158.2 157.1 155.3 154.3 154.9
186.4 189.9 192.9 195 197.4 199.2 199.1 199 199 199.7 200.3 199.6 200 203.1 205.4 206.4 207.8 207.5 206.2 205.4 205 204.9 201.5 196.2 194.6 193.1 192.2 190.9 191.6 193.3 193.3 193.5 193.2 190.4 188.6 187.5 189 189.4 187.5 183.9 179.5 174 164.7 160.9 158.4 156.9 157.1 157.5 157.7 157.1 148.5 145.3 143.3 141.5 136.7 143.3 157.3 156.5 156.5 160.1 161.6 162 161.7 161.5 160.9 160.5 160.3 160.6 160.8 159.9 159.4 159 159.5 160.3 160.5 159.2 157.4 157.1
187.6 191.4 195.1 198.1 200.6 203.1 203.6 203.2 203 203 203.5 202.1 201.5 203.5 206.3 209.2 209.8 210.8 209.5 207.9 207.3 206.4 201.7 198.9 198.1 195.7 192.6 190.6 191.7 194.1 192.7 191.9 190.5 188.7 187.5 186.3 187.2 188.3 187.7 184.2 180 174.7 166.1 161.2 158.6 157.2 157.7 158.2 157.2 154.4 148.5 144.3 142.7 137.6 142.3 159 159.6 158.1 157.5 159.4 161.2 162.4 162.4 162.4 162.2 161.8 161.3 161 161.4 162.3 161.8 161.4 161.6 162.2 163.8 162.8 160.9 159.7
188.2 192.5 196.8 200.3 203.1 206.9 208 207.1 207 206.9 206.5 204.7 203.4 204.7 207.4 210.3 211.7 212.7 212.4 211.1 209.7 208.4 206.4 198.8 199.6 197.6 193.7 192.6 191.7 193.9 193.5 192.9 191 188.1 186.5 185.2 185 186.6 186.5 183.5 179.2 174.3 167.6 162.1 159.1 158 158 158.6 157.4 153.2 147.1 143.5 138.3 143.7 161.3 161.6 161.5 160.3 159.3 159.8 161.9 164 164.7 164.5 163.3 162.4 161.8 161.8 162.2 163.8 164 164.5 164.8 164.4 165.7 165.4 164.5 162.9
188.3 192.3 197.5 201.6 205.1 209.4 211.3 210.3 210.1 209.6 209.1 208.4 206.4 207 208.8 211.8 213.5 214.3 214.4 213 211.5 209.9 208.2 202.8 198.9 198.6 194.7 193 192.6 194 193.2 191.8 190.8 188.3 185.4 183.6 183 184.4 185.2 183.1 178.7 173.9 167.8 163 159.8 158.8 158.4 158.9 157.7 148.3 143.9 137.5 145 156.1 162 163.8 163.4 162.4 161.8 160.4 162.6 165.3 166.1 167.3 166.1 163.5 162.4 162.5 163.1 166.5 167 167.6 167.6 167.1 167.8 168.2 168.3 166.2
188.8 192.6 198.1 202.8 206.2 210.3 213.3 213.4 212.8 211.9 211.7 211.4 209.6 209.3 209.8 212.8 214.8 215.6 215.9 214.9 213.3 211.3 209.3 205.2 199.9 199.4 195.8 194 192.9 194.4 193 193.1 193.7 191.1 187.4 182.7 181.3 182.2 182.6 180.8 177.6 172.9 167.6 162.6 160.5 159.6 158.8 154.8 144.9 138.7 139.8 145.7 154.5 162.4 162 164.2 165.7 164.6 163.3 161.7 163.2 164.7 165.7 167.8 168.1 166.2 163.5 162.8 164 167.6 169.3 170.7 170.2 169.8 170.1 171.2 170.9 170.4
190 193.1 199.1 204.4 207.2 210.9 213.8 216.1 215.4 214.3 214.4 214.4 212.7 211.4 211.7 212.5 216.1 216.7 217 217 215.3 213.2 209.1 205.5 201.8 200 196.4 194.6 193.3 193.9 194.4 194.4 194.3 193 188.7 184 180.2 179.2 179.2 178.6 175.9 171.6 166.8 161.9 160.7 156.6 147 143.7 139.2 141 144.1 151.5 161.1 163.9 163.2 165.3 168.1 167.7 165.1 163.2 163.4 164.3 166 168.2 169.4 168.6 166.1 164.1 164.7 167.1 169.8 172.8 173.2 172.7 173.3 173.9 173.5 173.1
191.7 194.1 198.6 204.5 208.5 211.3 214.2 216.6 217.9 216.5 215.8 216.8 215.6 214.4 214 213.4 217 218 218.3 219.4 216.9 214.4 211.1 206.8 202.6 200.3 196.7 194.8 193.9 193.9 194.1 194 194.5 194.5 190.8 185.2 180.3 178.2 177.2 176.5 174 170.3 167.1 160.5 155.4 146.9 142.1 141.8 140.2 142.3 147.3 153.5 162.4 164.8 165.4 166.3 169.2 170.5 168.5 165.9 163.7 164.3 166.1 168.4 170.1 170.6 168.8 168.1 167.9 166 171.5 174.7 175.9 176 176.3 176.2 176.5 176.3
193.8 195.4 198.8 204.8 208.3 212 214.8 217.2 219.8 219.1 218.1 218 218.3 217.5 215.7 215.7 217.6 218.3 218.7 220.2 218.1 214.9 211.7 207.4 204 200.4 197.1 195.6 194.4 194 194.5 193.7 195.2 195.4 194.3 188.2 181.8 178.1 176.1 174.4 172.7 169.3 164.1 143.3 142.7 141.9 142.5 139.3 141 146.9 154.6 161.1 162 165.3 166.7 167.5 169.7 171.8 171.2 169 166.2 164.8 165.9 168.3 170.4 171.5 172 171.1 170.2 166.8 171.6 174.8 177.8 178.2 177.9 178.2 179.4 179.1
196.3 197.4 200.3 205 209.1 213.6 215.7 218.2 221 221.3 220.4 220.5 220.4 219.6 218.2 216.9 217.8 218.6 218.3 218.9 220.1 215.3 212.1 208.6 203.6 199.7 199.1 196.1 195.3 194.6 194.8 194 195.1 195.7 195.9 191.4 185.3 179.4 175.8 173.3 171 168.2 159.2 144.2 144 143.7 142.1 140.9 148.6 155.6 161.6 165.6 166.1 166.9 168.9 169.3 170.1 172.6 173.2 171.5 168.4 166.3 165.8 167.6 170.2 172.3 173.3 173.5 172.4 167.5 173.5 175.1 178 179.7 179.4 179.3 180.7 180.9
198.7 200.3 203 206.2 210.7 214.9 216.8 219.1 221.7 223.4 222.8 222.9 222.2 222.4 221 219.5 219.2 219.8 220.9 220.9 220.5 215.7 211.8 207.7 202.4 201.4 202.8 198.2 196.3 195.5 195 194.7 194.3 196.9 197.2 193.9 187.6 181.5 175.9 173.2 170.8 167.8 153.4 144.8 144.8 143.3 140.8 146.2 157.8 164.3 167 167.9 167.9 169.1 170.8 171.6 171.1 172 173.6 173.2 170.5 167.8 166.9 166.9 169.6 172 174.6 175.2 174.7 168.5 173.6 175 177.7 180.4 180.6 180.8 181.3 181.8
200.7 202.6 205.4 207.9 212.3 214.9 217.7 220.2 222.6 225.2 225.4 224.7 224 224.4 223.6 221.9 220.8 220.7 221 222.1 220.2 217.1 212.5 206.6 202.4 203 204.3 200.5 198.6 196.4 195.9 195.7 195.3 195.9 197.5 195.8 189.4 182.9 176.7 172.7 169.5 163.5 149.2 146.1 144.7 143.5 142.2 153.4 165.6 169 170.4 170.3 170.2 170.8 172.9 174.1 173.3 172.7 174.1 174.6 172.2 169.7 167.9 167.5 169.3 171.3 173.9 176.5 175.8 169.1 174.5 174.7 177.4 180.1 181 181.1 181.3 183.2
203.6 204.8 208.2 210.2 213.1 216.3 219.5 221.9 224.2 226.3 226.6 226.2 225.8 225.6 225.5 223.8 222.2 222.7 223.3 222.2 219 216.7 210.4 206.5 204.1 203 204.6 201.9 200.7 197.3 196.8 195.7 194.8 195.2 197.7 197.3 191.9 185.3 177 172.7 170.6 162.8 149.6 145.1 143.8 142.6 141.1 161.7 169 171.3 173 173.1 172.5 172.6 175 176.5 175.8 173.9 174.5 174.9 173.1 171.6 169.3 168.6 168.6 170.2 173.2 176.1 176.4 172.7 172.4 174.5 177 179.6 180.9 181.1 181.2 183.7
206.8 207.8 211.1 213.1 214.7 218.1 221.1 223.5 226 228 227.7 227.6 227.2 227 226.5 225.6 223.6 223.3 223.6 225.1 221.6 217.9 210.4 206 203.7 204.8 203.8 203.9 203.5 199.3 197.2 196.4 195.1 194.7 196.4 197.4 193.6 186 177.7 173.5 170.5 160.9 148.5 143.3 142.2 141.3 148.3 168.9 170 172.7 175 175.2 174.7 175 177.1 178.8 178.2 175.6 175.2 175.2 174.4 173.4 170.9 170 169.7 169.9 172.8 174.5 176 175.8 171.4 174.4 176.5 179 180.4 180.2 180 181.8
208.3 210.8 214.2 215.9 217.5 219.7 222.7 225.1 227.5 229.1 229.3 229 228.5 228.2 228.2 227 225.2 223.1 223.3 226.7 223.1 219.2 213.5 207.1 207 206.8 204.7 205.4 205.8 201.2 198.3 196.8 195.2 194.2 195.2 197.5 194.9 187.2 179.6 174.4 168.9 157.8 145.4 142.6 142.4 144.2 159.8 170.6 170 173.6 175.8 177.7 178.6 179.1 179.7 180.7 180.7 178.1 177.4 176.9 175.7 174.5 173.2 172.4 170.8 170.3 171.3 172.9 174.5 175.6 172.2 174.7 175.3 177.2 178.5 179 178.7 179.9
211.1 213.2 217 218.7 220.2 222 225.1 226.8 229 229.9 230.8 230.4 229.9 229.4 228.6 228.4 225.9 223.5 222.7 224.9 224.5 219.2 213.2 211.6 210.1 208.5 206.3 206.6 207.2 203 199.1 196.8 192.9 191.3 191.7 196.3 195.4 188.5 181.7 175.4 167.9 154.3 142.7 143.2 144.1 154.7 173.3 173.9 172.4 175 178.3 180.9 181.3 181.7 182.2 182.9 182.8 180.6 179.5 177.9 176.7 175.4 174.1 172.7 171.4 171.2 171.4 171.7 173.1 174.5 173.2 174.8 174.4 174.9 176.6 177.7 177.4 177.5
213.4 215.7 218.9 220.9 223 224.9 226.8 229.2 230.6 231.3 232 231.5 230.4 229.3 229.2 229.3 228.2 225.3 222.5 221.5 221.7 218.1 212.1 212.6 212.1 209 207.9 208.2 208.1 205.2 199.4 196.3 191.8 188.9 187.8 193 195.2 189.2 182.7 174.9 164.3 153.3 142.4 144.2 148 167.3 177 177.3 176.1 177.7 181.1 183.9 184.8 185 184.4 184.7 184.9 183.2 180.5 178.9 177.6 176.3 175 173.7 172.9 172.3 172.1 172.4 172.7 173.5 174.1 174.6 174.3 174.3 175.3 176.7 176.7 176.6
217.1 217.9 220.7 223.2 225.3 227.4 229.5 231.4 232.6 232.8 233.2 232.9 231.8 230.5 228.9 228.2 227.3 225.1 221.6 219.5 220.9 212 212.5 216.2 213.2 209.9 209.4 209.2 208.8 206.2 199.3 195.3 191.5 188.2 185.6 188.4 192.3 186.7 181.9 173.5 163.9 154.6 142.5 145.4 157.3 174.4 178.8 179.4 178.3 178.6 184.1 186.6 188.2 187.6 186.8 186.8 186.9 185.9 182.6 179.9 178.6 177.4 176.1 175.4 174.9 174.3 173.3 173 173.1 173.1 174.7 175.4 175 174.9 175.2 176 176.2 175.9
220.7 220.5 222.4 225.2 227 229 231.1 232.9 234.1 234.3 234.1 233.9 232 230.4 229 226.9 224 220.9 219.2 218.6 216.9 215.7 216 217.6 214.5 211.4 210.4 209.3 208.2 206.4 199.2 194.7 190.6 187.3 184.6 184.4 185.3 184.9 181.9 174.4 165.3 156 147.4 145.9 165.4 176.2 181.3 183.2 182.7 180.9 185.5 189 191.7 190.3 189.3 189.1 188.8 188.3 185.4 181.9 179.8 178.5 177.6 178 176.9 175.8 174.6 174 173.9 173 174.6 176.1 176.2 175.9 175.8 176.1 175.9 175.6
223.4 223.6 223.8 227.1 228.2 229.4 231.6 233.9 235.3 235.3 235.1 234.7 232.6 230.3 229 226.2 221.9 220.7 219.5 218.4 219.7 219 217.8 217.6 215.5 212 210.2 208.7 207.4 202.9 199.4 194.5 190 185.7 183.1 182.3 184.4 185.7 181.9 174.9 164.3 153.7 149 145 173.3 177.2 182.7 186.1 185.7 184.2 187.2 191.4 195 193.6 192 191.2 190.6 190.1 187.9 184.5 180.8 179.9 180.2 180 178.5 176.5 175.9 175.3 174.8 173.5 174.4 176.3 176.6 177.1 177.2 177.3 176.9 176.8
225.9 226.7 226.8 228.8 229.8 230.7 232.5 234.8 236.5 236.3 236.2 235.4 233.3 231.2 228.3 225.1 223.3 223 220.9 220.4 219.9 219.6 218.3 217.4 214 212.2 210.1 208.1 205.4 202.9 199.1 194.3 190 185.3 181.5 180.2 181.2 183.1 178.9 174.4 162.4 149.1 149.4 145.3 175.7 178.2 183.3 187.3 188.4 187.3 188.3 193.4 197.9 196.8 195 193.3 192.4 191.6 190 187.2 183.1 181.5 183.7 181.6 179.3 178.1 177.5 176.9 176.3 175.7 176.2 177 177.7 178.8 179 179.4 178.9 178.2
227.7 229.2 230.6 230.2 231 231.9 233.4 235.4 237 237.4 237.2 236.2 234 230.8 228 225 225.7 224.6 223.4 222.2 221.1 219.9 218.3 215.8 213.9 212.7 210.5 208 204.1 200.6 196.9 193.1 189.8 184.3 179.6 178.1 178.4 178 176.7 172.3 161 149.1 149.4 149.7 177.6 180.1 184.1 188.9 190.6 190.1 189.6 194.1 199.6 199.5 197.6 195.8 194.6 193.5 192.3 189 185.7 183.2 183.2 182.6 181 179.8 179.3 178.8 178.5 178.1 177.9 177.9 178 179.9 180.9 181.6 180.8 179.9
229.5 233 233.3 232.7 232.6 233.8 235.2 236.9 238.5 238.4 238.2 236.9 233.4 230.1 227.2 227.8 227 225.4 224.6 223.4 222.2 221 217.9 215.5 214.3 211.1 208.1 205.2 202.4 198.9 194.8 191.3 187.3 182.4 181.1 178.8 176.3 168.7 156.5 151.8 148.4 146.7 146.5 163.7 180.4 182.6 184.7 189.7 192.9 192.9 192.1 194.9 200.7 202.3 200.2 198.4 196.9 195.7 194.4 191.7 188.1 184.8 183.7 183.2 182.7 181.6 181 180.3 180.4 180.2 178.4 177.9 179.2 180.2 181.7 182.8 183 182.5
232.2 234.3 235.6 235.5 234.8 236.1 237.7 238.8 239.3 238.7 237.7 235.3 231.5 230.2 230.9 229.1 228.7 227.5 226.8 224.9 223.4 220.7 218.7 216.3 212.4 208.8 206.4 203.6 200.5 197.5 193.6 188.3 186.2 187.1 181.8 176.5 155.6 148.5 150 150.4 150.7 150.8 153.8 173.6 182 184.4 185.5 189.6 194.5 195.4 194.1 195.7 201.3 205.2 203.7 201.6 199.1 197.5 196.3 194.8 191.4 187.7 186.1 185.2 184.1 183 182.2 181.6 181.8 182 180.9 178.9 179.5 179.9 181.5 183.2 184.5 183.7
235.4 235.6 236.9 238.2 237.5 238.9 238.8 239.7 240 238.6 237.8 235.1 231.3 233.3 232.3 230 229.3 229.7 228.8 227.1 223.9 220.4 219.4 215.4 211 206.6 204.3 201.9 198.7 195.9 192.8 186.6 189 187.9 180 156.7 150.7 151.2 152.2 152.2 152.2 152.2 161.7 174 181.4 185.1 186.3 189.6 193.5 197.5 196.7 196.4 201 205.8 205.6 203.9 202 199.3 198.2 197.2 194.7 191 188.4 187.3 186.4 184.9 183.5 183 183.4 183.3 183.1 182.5 181.1 181.6 180.9 182.8 185.1 185
238.9 237.2 238.2 239.7 240.3 240.6 240.4 240.6 240.9 239.2 239.2 235.6 234.2 235.1 232.9 230.6 230.4 231.3 230.2 228 223.2 220.9 218.5 214.2 209.8 205.6 202.1 200.2 196.9 194.2 189.7 186.9 189.4 187.8 165.6 150.6 151.5 153.9 154.9 155.8 157.2 159.1 163.7 174.7 180.3 185.4 187.1 189.8 195.2 199.2 199 198.3 200.7 205.4 207 205.7 203.9 201.5 200.1 199.4 197.8 194.9 191.7 189.9 189 187.9 186.2 184.6 184.9 184.8 184.6 183.8 182.9 182.2 181.1 182.5 185 185.4
242.3 240.8 239.7 241.3 242.4 242.2 242 241.9 242.5 240.8 239.6 235.7 237.3 236.4 233.5 231.9 231.8 232.5 231 226.9 224.5 221.7 218 215.1 210.3 205.3 201.6 199.4 195.2 191.4 186.4 187 189.1 180.7 154.8 151 155.4 159 160.6 161.3 161.7 162.6 167.9 175.7 180.3 184.9 188.3 190.7 195.5 201 201.4 200.4 200.6 204.9 207.9 207.2 206.1 203.9 202.4 201.4 200.8 199 195.8 193.1 191.6 190.9 189.5 187.7 186.5 186.5 185.9 185.1 183.9 182.6 182.7 183.9 185 188.1
246.1 244.2 241.8 242.6 244 243.5 243.1 243.4 243.8 241.4 238.8 240.3 239.6 237.6 235.6 234.4 233.4 233 230.1 227.5 225 221.4 218.1 213.4 209.3 205.5 201 198 194.7 191.1 185.7 185.1 185.4 170.8 153.6 151.6 159.2 162.7 164.1 164.5 165.7 165.6 168.9 175.4 180.6 185.1 188.9 191.5 195.1 200.6 203.3 202.3 201.8 204.7 208.2 208.9 208.5 206.9 205.2 203.2 203.2 201.9 200 197.4 194.8 193.7 192.3 190.5 188.8 188.1 187.3 186.8 186.6 186.2 183.7 184.7 185.7 189
