GeneralExemplars/GeoExemplars/data/LakeDistrict/terrain-50-dtm_3563996/ny/NY52.asc
ncols 200
nrows 200
xllcorner 350000
yllcorner 520000
cellsize 50
[rows 105 to 139 of 200, columns 78 to 155 of 200]
186.2 183.5 183.2 183.2 183.3 182.9 181.2 178.7 175.1 172.1 169 166.2 165.8 165.8 167.4 168.5 166.9 165.4 166.2 164.9 163.7 161.8 153.3 159 160.7 160 158.8 153.7 148.9 140.9 135.5 134.6 133.8 145.2 145.4 144.4 142.5 140.4 137.7 135 132.7 131.6 130.7 129.9 129.5 129.9 130 130.5 130.6 131.9 134.6 139 141.4 142 141.8 143.1 146 146.9 141.9 132.2 128 139 137.5 136 134.2 132.5 130.9 129.5 128.2 126.2 117.9 123.9 119.3 118.6 117.4 113.8 114.3 114.5
182.7 182.5 181.7 181.5 182 179.3 177.9 175.9 173.9 171.4 168.9 166.6 166.1 166.1 165.9 166.8 167.7 166.8 168.2 167.2 165.3 162.9 156.9 162.9 162.5 161.8 160.8 156.2 150.6 142.1 136.8 134.9 134.9 145.5 146.2 145.9 144.1 141.4 138.8 136.3 134.2 133.2 132.1 131.5 131.1 131.4 132.9 132.8 132 132.4 134.9 139 142.1 143.8 144 142.4 145.3 147.2 145.8 136.5 126.9 140.5 140.6 139.3 137.5 135.9 134.2 132.5 130.4 124.2 128 125.4 125.9 123.9 123.6 124.2 121.6 117.4
184.4 181.8 180.8 179.2 179.7 179.1 176.1 174.8 172.7 170.3 168.3 166.9 166.3 166.1 165.9 165.7 167.1 168.2 169.6 168.8 167 155.5 163.8 165.2 164.2 163.5 162.3 158.7 153.2 145.6 138.7 135.4 140 147.6 147.8 147.2 145.6 142.6 139 135.9 136.6 135.6 134.4 133.4 133.1 133.4 134.9 136 135.1 134.1 135.2 139.2 142.6 144.8 146.2 144.6 145.1 146.7 146.5 141.4 128.2 140.7 142.9 142.6 140.8 138.8 136.6 134.5 132.2 132.2 131.5 130.1 128.8 127 127.1 126.7 125.3 123.8
187.8 183.4 181 178.3 177.4 176.3 176 173.5 172.4 170.6 168.9 167.3 167 166.7 166.4 165.6 165.7 167.1 169 170.1 166.7 157.3 167.6 167.6 166.5 165.4 163.9 160.6 154.9 149.1 141.5 135.7 146.6 149.3 148.8 148.1 146.6 143.4 138.7 138.4 139 137.8 136.6 135.1 135.6 136.1 137 138.3 138.9 136.9 136 139.2 142.8 145.2 147.5 146.1 144.1 145.1 145.9 144.3 132.5 136.8 144.6 145.2 143.4 141.2 138.9 136.7 134.2 134.2 134.8 133.5 132.3 130.2 129.2 128.6 127.1 125.9
187.1 184.5 182.1 179.6 177.6 175.7 177.1 173.4 171.9 170.7 169.4 167.7 167.7 166.9 166 165.1 164.5 166 168 170.4 162.4 165.9 170.1 169.5 168.8 167.4 165.2 162 156.5 150 135.6 136.1 144.8 151.4 150.8 150.1 149.5 143.8 140.4 144.1 143 140.9 138.9 138.7 138 138.5 139.3 141.7 142.4 140.7 138.1 139.3 141.9 144.5 147.1 148.2 144.9 142.8 143.4 142.8 131.5 140.4 144.3 146.5 146.2 144.1 141.9 139.9 137.7 134.2 138 137 135.9 133.9 131.8 131.2 130.6 130
188.9 185.7 183.2 181.1 178.4 175.7 174.2 174.2 171.4 170.3 169.5 168.6 167.9 167 166 164.9 164.4 164.4 166.3 169.5 161 169.5 172.2 171.6 170.8 169.4 166.5 163.2 158.1 151.9 136.8 136.8 143.4 153.3 152.7 151.9 149.5 143.2 148.1 147.8 146.5 144.6 143.7 142.9 142.1 140.8 141.6 143.7 145.8 144.8 141.6 138.5 141.2 144.5 147.7 149 146.9 143.3 140.1 135 131.7 141.8 144 146.2 147.8 146.7 144.8 142.5 140.2 135.5 139.8 140.4 139.6 137.6 135.7 135 134.8 134.2
189.5 186.9 184.3 181.7 178.8 176.2 175.2 180.7 172.5 171.7 170.9 170.1 168.3 167.1 166.1 165.1 164 163.6 164.7 165.8 164.9 172.1 173.4 173.1 172.5 171.1 167.7 164.4 159.6 150.9 137.3 137.8 146.5 154.9 154 152.7 148.7 144.2 150.4 150.5 146.7 148.3 148.1 146.8 145.5 143.9 143.8 146.1 148.7 148.5 146.9 142.6 142.1 145.5 147.7 149 148.4 144.8 140.8 134.9 135.8 140.9 143.2 145.6 147.6 148.3 146.3 144.1 142.7 139.6 140 143.2 142.5 141.4 140.1 139.4 138.9 138.7
193.4 186.6 185.1 182.3 179.4 177.2 176 174.6 174.5 172.5 171.8 171.5 169.9 168.3 167.2 166.1 165 164 163.7 163.6 170 173.5 173.9 173.7 172.9 172.1 169.2 165.7 160.5 151.3 137.2 137.7 151.8 154.5 155.7 155.5 147.7 149.3 153.8 152.2 154.1 153.6 152.3 150.8 149.3 147.9 147.2 148.1 150.3 153.2 152.3 146.9 143.9 146.2 147.9 149.4 148.5 146.5 142.6 137.4 132.5 140.2 142.1 144 146.4 148.7 147.7 145.5 144.4 142.7 137.8 144.6 144.3 144 143.8 143.4 142.8 142.4
191.9 191.6 188.4 184.3 181.5 179.2 175.9 175.2 180.9 174.1 173.6 173 171.7 170 168.8 168.4 166.8 165.2 165 165 168.9 172.5 173.8 174.2 173.6 173 170.5 166.8 162.6 154.6 142.7 140.2 152.9 156.5 157.3 156.2 148.7 156.5 157 154.7 156.7 156.8 156.3 154.9 153.8 152.6 148.8 148.1 151.1 154 156.4 151.8 147.1 147.1 149.3 150.3 149.4 147.8 144.8 138 134.5 134.8 139.4 142.4 144.8 147.3 149.5 148.3 146.4 144.8 142.8 143.8 146.6 145.6 147.2 146.2 145.7 145.4
192.7 194.1 189.9 186.2 183.8 180.6 177.5 176.8 176.3 176.9 175.3 174.7 174.1 172.6 171.9 171.1 169.6 167.9 167.3 167.1 167.3 170.7 173.2 173.9 173.7 173.2 171.5 167.8 163.9 155.2 147.6 139.9 146.1 158.2 159.6 159 150.2 157.6 159.2 158.1 160 160 159.9 158.9 157.7 156.2 154.8 150.9 153.3 156.3 159.8 157.3 152.5 147.5 150.5 152 150.8 148.7 146.5 141.5 137.1 135.1 136.6 141.5 143.3 145.9 148 149.9 148.4 146.5 144.7 143.4 146.6 147.7 150.1 149.1 148.7 148.4
198 194.1 191.8 188.6 185.5 178.9 180.9 179 178.3 180.4 177.7 177.5 176.9 176 175.1 174.1 173 171 169.7 169.2 167.9 170 171.9 173.4 173.2 172.7 171.9 168.8 164.1 157.3 150.4 140.4 139.8 153.3 160.7 160 153.3 159.1 161.2 159 161.9 162.3 162.6 162.5 161 159.6 158.4 156.5 155.6 158.2 160.9 161.3 157.4 150.9 149.7 152.7 152.4 150.1 147.8 145.1 140 137.1 137.7 140.8 142.4 144.2 146 147.8 147.3 146.8 145 143.4 145.7 147.2 150.5 151.6 151.6 151.3
199.6 195.4 193 189.6 183.9 185.1 184.1 181.6 180.4 180.2 181.6 180.1 179.8 179.1 178.1 177.1 176.4 174.4 172.7 171.4 169.5 168.7 170.3 171.5 172.6 172.1 171.5 169.1 163.8 159.4 152.3 141.3 141.2 150.1 162 161.6 157.6 156.1 161.9 161.1 162.6 163.5 164.3 165 164 162.7 161.6 160.3 157.6 158.9 161.5 163.6 161.3 155.3 150.4 153.4 154.1 151.8 149.6 147 142.3 138.4 137.1 139.7 141.9 143.4 145.3 146.2 148 147.8 146 144.4 144.3 146 150.8 153.3 153.5 153.7
200.9 198.1 195.8 186.9 187.2 186.7 186.6 183.8 183.1 182.3 183.3 182.5 182.4 182 181.1 180 179.7 177.4 175.6 173.8 170.7 168.9 168.1 168.8 167.2 167.2 168.3 168.7 165 160.6 154.3 142.5 140.5 151.4 161.8 161.4 162 155.4 161.3 162.5 163.2 164.1 165.2 166.9 166.1 165.5 164.8 163.6 160.7 158.7 161.4 164.7 164.7 159.6 151.7 153.2 155.3 153.7 151.4 148.6 144.9 140.1 137.6 140.1 141.9 142.8 144.4 146.3 148.4 149.4 147.3 145.3 144.6 145.2 147.7 153.7 155.7 155.8
201.7 198.9 196 196.2 191.2 189.9 188.8 187.7 186.1 186.3 185.8 185 184.9 184.6 184 182.7 182.5 180.3 177.2 176.5 172.7 169.5 165.1 158.1 151.3 156 162.6 164.8 165.7 162.4 159.4 145.3 143 154 162 161.5 161.6 159.4 157.3 161.5 162.9 164.2 165.7 167.3 168.5 168 167.1 165.7 164.3 160.1 160.6 163.6 166.1 163 155 151.6 155.5 155.7 153 150.2 146.7 141.3 138 141.3 142.6 144.1 145.1 146.6 148.8 151.1 149.1 147.2 145.3 145.3 146.2 151.1 155.6 156.9
202.5 199.2 190.9 197.6 194.2 192.9 191.9 191.3 189.2 190.2 189.3 188 186.9 186.3 185.7 185.1 184.3 182.7 179.5 178.9 176.1 169.9 160.4 154.8 159.1 154.8 148.8 158.7 164.2 163.1 160.3 143.8 149.7 156.6 162.3 162.6 162.7 161.8 160.7 160.3 161.5 162.9 165.9 168.3 169.8 169.7 169 167.5 166 162.4 159.7 161.2 163.6 164.7 158.5 152.9 155.7 157.1 154.2 151.1 148.5 144 138.9 142 144.1 145.7 146.2 147.5 149.2 151.5 151 149 147 146.1 146.8 147.4 152.9 156.7
202 197.7 194.6 196.8 198.9 195.6 195 194.5 193 193.7 192.5 191.1 189.5 188.5 188.1 187.7 186.4 184.9 181.4 180.5 177.2 168.4 156.8 153 163.5 162.3 159.9 148.6 158.7 159.7 150.8 145.3 155 160 162.4 162.5 162.7 162 161.9 162.4 162.4 162.4 163.3 167.6 170.3 171 170.2 168.8 167.7 165.4 161.1 160.4 162.5 164.1 160.3 153.8 154.3 158.1 156.7 152.9 149.6 146 140 142.7 144.9 147 147.4 148.7 150.4 152.2 152.8 150.6 148.7 147.2 147.3 147.7 149.4 153.9
193.7 195 198.7 198.6 199.3 198.5 198 197.2 196.5 196.4 195.1 193.5 191.9 186.4 190.5 189.6 188.1 186.5 184.3 182.3 178.9 168.2 154.9 162.8 168 166.1 164.1 158.6 146.7 145.2 149.4 157 156.5 160.4 161.7 163 163.3 163.3 163.2 163.2 163 163.3 163.7 165.2 169.1 171.8 171.5 170.6 169.4 167.8 164.4 161.2 160.2 161 160.3 154.5 154.4 157.8 159.1 155 151.4 146.9 140.6 143.4 145.6 147.3 148.7 149.9 151.6 153.2 154.6 153.4 151.5 149.2 148.5 149.2 150.1 149.9
202.2 203.9 203.1 202 201.3 200.8 199.3 198.7 198.6 198.7 197.3 195.8 194.2 192.8 188.7 191.2 189.8 188.2 185 183.5 179.9 172.2 159.1 155 170.8 169 168.1 166.2 164.3 161.8 161.5 159.8 158.6 160.3 161.8 163.4 164.1 164.7 165.1 164.7 164.2 164.2 164.5 164.2 167.7 171 172.7 172.6 171 169.4 167.7 164 159.3 156.2 156.4 155.9 154.8 156.3 160.1 156.9 152 147.2 141.2 143.7 146 147.5 149.2 151.3 152.8 154.8 157.2 157.3 155.7 152.5 150.3 150.8 152.2 151.9
205.6 205.5 205.4 204.5 203.6 202.6 201.9 200.4 200.2 199.8 199.1 197.7 196.2 194.9 193.2 192.6 191.5 189 187 185.2 179.9 175.3 165.1 158 165.7 171.3 170.2 170.2 168.6 165.3 163.6 161.7 160.1 161 162.5 163.5 165.2 166.5 166.6 166.2 165.7 165.3 165 164.9 165.3 169.2 173.2 175.6 174.3 172 169.8 165.8 160.8 156.6 158.6 158.6 156.6 155.7 158.8 158.6 152.9 146.7 142.3 144.7 146.4 148.4 150.7 152.8 154 156.5 158.9 160.2 159.1 156.4 153.6 152.2 154.5 155.3
208.1 207.9 207.3 206.6 205.5 204.1 202.6 201.7 201.8 200.9 200.2 199.4 198.1 196.8 194.6 193.7 192.5 189.9 188.6 185.3 182 179 168.3 161.3 161.9 173.2 171.7 172.5 171.5 166.8 164.2 161.9 161.9 161.8 163 164 165.9 167 168.4 167.5 167.1 166.7 166.4 166 165.8 166.1 172 175.6 176.2 173.8 172 167.2 160.8 158.3 160.1 161.3 159.7 157.6 157.7 159.2 155.3 147.7 143.3 144.3 146.2 148.4 150.8 153.5 155.2 157.4 160 162.3 161.9 160.4 156.7 153.2 155.9 158.5
211.2 209.7 209.1 208.2 206.7 205.3 204.9 203.8 203 202 201.3 200.7 199.9 198.4 196 195 188.8 190.9 190.2 187.8 184.4 181.2 178.5 162.4 158.8 174.3 173.1 174.2 173.3 167.8 164.6 163.1 163.2 163.5 164.4 165.2 166.6 168.5 170.2 169.5 168.8 168.5 168.3 167.6 166.2 164.9 165.9 171 177.1 175.2 174.3 168 160.4 160.3 161.5 162.7 162.5 160.1 157.8 159.1 156.3 149.6 144.1 145.1 148.4 148.5 150.5 153.3 155.2 157.7 160.5 163.2 164 163.6 160.5 157 158.5 160.2
214.2 212.6 211 209.7 208.5 207.4 206.5 205 204.9 203.3 203.3 202.5 201.4 199.6 197.7 196.1 194.9 189.2 191.8 189.5 185.3 182.6 180.8 169.3 160 176.5 174.2 175 174.3 168.1 165.5 165.4 165.9 166.4 166.7 167.2 168.6 169.8 171.5 171.7 171.1 170.7 170.6 168.7 169.3 167.8 165.7 165.4 168.4 170.5 169.6 165.2 162.5 162.7 162 163.9 164.7 161.7 160.2 158.1 158.2 150.4 145.2 147.6 149.4 150.2 151.3 153 155.4 158 160.6 163.4 165.6 164.6 162 159.3 158.3 161
216.8 215.1 213.3 211.9 210.6 209.6 208.3 207 206 205.9 205 204 202.6 200.7 199 196.7 195.2 192.7 193.1 190.7 187 185 182.4 179.5 162.3 176.1 176.2 173.9 174.5 169.4 167.3 167.9 168.9 169.5 168.9 169.9 171.7 170.8 173.3 174.2 173.7 172.8 172.7 171.3 173.1 171.2 169.6 168 167.8 168.3 168.7 167.5 166.2 164.7 164.7 166.1 166.9 166 164.2 160.2 157.8 152.7 144.7 150.9 152.1 151.5 152 153.4 155.9 158.7 161.2 163.1 165.2 167 164.9 161.9 158.6 161.5
219.7 217.5 215.7 214 212.8 211.6 210.3 209 207.4 207.1 206.5 205.4 203.8 202.3 200.8 197.7 194.9 194.4 189.4 191.5 187.8 186 183.3 180.9 166.2 164.4 174.7 175.6 174.4 171.6 169.7 169.7 170.4 171.5 171.1 173.6 174.8 174.3 175.1 176 176.5 175.7 174.8 174.1 175.5 175.3 173.9 172.4 171 171.4 172 170.4 169.3 167.8 167 167.3 168.2 169.4 168.9 163.4 157.5 151.1 146.5 153.1 153.9 153.4 152.8 154.2 155.8 159.2 160.8 162.4 165.2 167.9 167.4 164.5 160.8 161.7
222.7 220.5 218.1 216.4 214.9 213.4 211.9 210.4 208.9 207.6 206.8 206.6 205.6 204.1 202.5 199.7 196.8 195.2 194.3 191.1 187.4 181.8 176.6 179.6 169.5 163.4 169.9 178.3 176.7 173.8 171.3 170.5 172.1 172.6 174 177.1 177.4 178.1 178.4 178.3 178.3 177.4 176.7 175.9 177.8 178.2 177.1 175.8 174.1 175 176 174.4 172.9 171.2 169.4 169.2 169.9 170.9 170.4 166.6 160.4 152.3 148.6 154.5 155.7 155.2 154.8 155.3 155.8 158.7 160.7 162.4 164.9 167.6 168 166.7 163.9 161.7
225.1 223.6 220.8 219.1 217.3 215.2 213.7 212.2 210.8 209.1 209.1 206.3 206.9 205.9 204.6 202.1 199.2 196.5 194.5 191.1 187.9 186.6 183.4 181.1 178.6 166.3 165.1 178.9 179 176.1 173.3 171.7 172.2 174.1 177.8 178.5 178.9 181.2 180.3 180.1 180.1 179.3 178.7 177.8 179.2 180.3 179.5 178.5 177 177.1 178.1 178.5 177.2 175.4 173 171.5 171.2 172.6 172.7 169.9 163.5 156.7 147.5 155.2 158.4 158.2 157.8 156.9 156.3 158.1 160.2 162.2 164.5 167.3 168.8 167.6 165.2 162.8
227.9 226.4 224 222.5 220.2 217.9 215.9 214.1 212.6 211.1 209.8 207.7 207.9 207.4 206 204.1 202.6 198.7 195.4 193.4 189.9 187.1 183.7 181.4 179.1 171.8 166.3 164.6 181.1 179.6 176.5 174.1 174.3 176.8 180.4 182 183.1 184.4 183.8 182.8 181.9 181.2 180.6 178.3 180.2 182.1 182.2 181.3 180.7 179.6 180.4 180.8 181 179.9 177.3 174.3 172.7 173.7 174.4 172.4 167.4 160.1 150.5 154.8 159 160.6 160 159.3 158.8 158.3 160.1 162.3 164.8 167.4 169.6 169.4 167 164.8
230.2 229.1 227.3 225.5 223.1 220.6 218.5 216.5 214.5 212.2 210.1 210.4 208 207.3 206.8 206.2 204.3 201.2 197.8 194.4 191.3 187.7 184.2 181.7 179.9 175.5 167.7 165.8 182.5 182.3 179.3 176.5 175.7 176.4 180.2 182 184.3 186.6 186.7 184.8 183.2 182 181.1 179.4 181.4 183.3 183.5 183.4 183.1 182.5 182.2 182.6 183 182.9 180.9 177.7 175.3 175 176 174.2 169.6 162.9 154.6 152.9 159.8 161.6 162.5 161.7 161.2 160.3 160.5 162.7 165.3 167.9 170 171.6 169.4 167.1
232.3 231.7 230 227.5 225.6 223.5 221.2 219.5 217.3 214.5 209.8 205.4 208.7 208.3 208.6 207.8 205.7 204.6 201.1 196.4 191.7 188.4 186.4 183.8 181.9 177.6 168.8 166.3 183.2 184.1 182.1 178.8 178.2 177.6 180.3 182.9 185.3 187.6 188.6 187.7 185.9 184.3 182.7 181.9 183.4 183.6 184.6 184.5 184.4 183.8 182.8 182.8 183.4 184.3 183.7 180.9 177.5 176.4 176.9 176.2 171.7 164.8 157.6 150.1 160.7 162.7 164.3 164.2 163.2 162.3 161.3 163.2 165.8 167.1 169.6 172.4 171 168.9
234.5 234 232.4 230.6 228.9 225.9 224.1 219.8 219.2 218.1 214.9 212 211.8 209.5 210.2 208.5 206.9 207.3 202.4 197.6 192.9 190.6 188.9 186.4 184 177.8 169.1 167.2 182.7 184.9 183.5 181.2 180.2 179.9 180.9 183.4 185.9 188.2 190 189.8 188.3 186.9 185.3 183.7 184.7 184.3 185.4 185.6 185.6 184.6 183.2 182.6 183.4 184.3 184.9 183.5 180.4 177.4 177.2 176.9 172.6 166.2 159.5 152.1 159.7 162.2 165 165.9 165 164.1 163.4 163.6 166.1 167.4 169.2 172.3 173.6 171.4
236.8 236.5 235.2 233.8 232.4 230.5 225 223.4 221.8 219.8 216.8 213.9 213.4 210.8 211.1 209.8 208.3 208.7 204.6 199.6 194.4 192.4 189.9 187.2 183.5 169.7 169.4 172.5 183.6 186.4 184.7 183.2 182 182.3 182 184.8 187.1 189.2 190.8 190.8 189.9 188.5 186.3 186.4 186.6 186.4 185.8 185.7 185.7 184.6 183 181.6 182.2 182.9 185.2 184.8 182.4 178.9 177.7 177 173.8 168 161.4 154.6 157.2 161.5 164.2 166.8 167.1 166.4 165.4 164.7 166.8 168.1 169.4 172 174.7 174
239.2 239.2 238.2 237.1 235.4 233.5 230.3 225.9 223.6 221.8 218.9 216 214.1 211.3 211.6 211.7 210 209.7 207 202 196.1 193 190.6 188 171 170.6 175.1 183 182.2 187.7 186.8 186.6 184.7 185.1 184.7 185.8 188 190.1 191.4 191.1 190.6 189.4 187.6 187.8 188 186.4 186 185.9 183.6 183.9 182.3 179.8 179.3 180.3 183.4 185.8 184.4 180.8 177.9 176.5 173.8 169.1 163.6 155.7 154.1 160.9 163.1 166.3 168.5 168.3 166.9 165.8 167.6 169 170.3 171.9 175.3 176.6
242 240.9 241 240.1 238.5 236.1 233.7 229.8 227.4 224.5 221.6 218.5 215.8 215.4 211.5 212 212 210.8 208.6 204.2 197.8 194 190.6 184.8 171 173.8 184.4 187.2 186.3 188.8 189.7 189.3 187.4 186.9 187.8 188.2 189.5 190.9 192 192 192 190.9 189.8 189.8 189.6 188.6 186.3 186.6 185.2 183.6 180.3 177.8 176.8 176.6 179.8 184.4 185 181.7 178.1 175.9 173.7 169.4 164.6 157.3 156.7 159.3 161.8 165 168 169.2 168.8 167.6 168.5 170.2 171.5 172.1 175 177.8
244.4 243.1 242.8 242.8 241.8 239.9 237.4 234.4 230.8 227.3 224.4 221.7 218.9 215.9 213.3 213.5 213.6 212.2 210.1 205.9 199.5 193.7 190.5 181.9 171.6 184.8 188.1 189.9 187.7 188.9 191.4 191.6 191.1 189.4 189.8 190.6 191.2 192.3 192.9 193.2 193.3 192.7 191.4 190.9 190.2 190.1 186.1 185 183.4 181.3 178.5 177.7 176.7 176.3 174.8 180.8 183.9 181.9 178.5 175.3 173.5 168.7 162.6 156.2 156 158.3 160.4 163.4 166.7 169.1 169.2 168.7 168.9 170.8 172.6 173.3 174.6 177.6
247.3 245.3 245 245 244.6 243.1 240.4 237.2 234.1 231.2 227.2 225 221.6 217.1 215.2 214.9 215.1 213.3 210.6 207.4 201 194.5 192.5 179.5 172.7 183.6 189.3 191.2 189.9 187.3 193.2 192.5 193.7 191.6 192 192.9 193.3 193.4 193.8 194.1 194.3 193.1 192.5 191.2 190 188 183 180.6 180.1 181 179 178.7 178.3 177.5 173.7 174.4 179.8 180.8 178.1 175.5 172.4 167.3 159 156.2 157.2 158.3 159.8 162.2 164.9 168.2 169.8 169.6 169.6 171.1 173.1 174.5 174.5 177.3
