GeneralExemplars/GeoExemplars/data/LakeDistrict/terrain-50-dtm_3563996/sd/SD18.asc
ncols 200
nrows 200
xllcorner 310000
yllcorner 480000
cellsize 50
[rows 38 to 75 of 200, columns 0 to 83 of 200]
14.6 17.5 20.1 20.5 20.4 20.6 20.9 20.7 21.8 22.5 21.5 20.6 20.4 22.2 24.8 23.7 20.8 20.5 20.3 21.2 22.2 22.5 26.1 28.7 30.7 43.1 51 55.8 56.9 57.1 56.5 56.2 55.9 57.4 65.3 67.1 85.3 104 122.6 136.7 147.4 152.6 159.5 165 172.2 179 184.7 187.7 190.3 194.6 198.1 198 198.7 200.7 203.5 205.7 206.1 206.2 206.2 205.1 198.5 182.1 181.8 203.8 221.5 235.3 246.7 255.3 262.7 269 275.3 282.1 291.1 298 303.1 306.3 308.2 308.2 308.1 305.6 302.7 297.4 291.2 297.5
14.3 15.4 17.4 18.7 20.7 21.8 21.8 21.3 21.2 21.2 19.4 18.8 20.1 22.2 24.7 23.4 19.5 19.7 19.8 20 20.7 21 25.4 26.6 30.2 41.4 50.3 54.5 57.6 55.3 56.2 58.8 55.1 59.8 69.3 83 98.7 116.1 132.6 145.1 153.9 160.6 166.2 173.9 181.5 188.3 192.9 196.4 199.8 205.2 208.6 210 213.2 216.2 219.7 223.5 225 225 224.4 221.5 215.4 196.1 179.7 206.8 223.6 240.3 253.1 263 271.9 279.3 286.6 295.5 301.8 308.2 313.3 316.8 321 322 322.4 321.1 318.3 316.2 313.9 315.3
15.4 16.5 17.6 19.4 21.7 23.5 22.7 22.1 21 21.3 18.8 18.2 19.9 22.5 24.1 19.6 18.7 19 19 19.1 19.4 26.9 30.5 30.2 31.5 38.4 46.1 50.6 54.7 55.5 57.9 56.9 55 64.1 78 98.5 110.9 126.5 140.8 152.6 160.9 168.3 173.8 182.8 189.2 195.1 199.8 204.4 208 214.1 217.2 221.7 225.3 229.9 233 237.1 237.9 240.1 239.9 237.3 231.9 209.9 181 204.3 225.9 242.9 257.6 270.5 280 289 297.3 304 310.8 317.4 321 325 328.8 331.8 333.4 332.8 332.1 330.3 329 329.8
15.4 17.4 19.4 20.7 19.4 20.2 20.7 21.4 21.2 21.4 18.2 16.9 19.2 21.6 20.5 17.3 17.7 18.5 18.3 18.2 23.6 30.5 33.4 31.3 32.3 37.1 46 48.1 57.1 57.7 57.4 55.4 55 68.1 84.9 103.7 118.8 134.1 148.7 160.5 167.5 175.8 183.2 190.6 196.3 201 205.4 211.6 217.5 223.7 226.8 231 235.9 239.3 242.4 245 248.2 250 250.8 250.1 244.7 223.4 197.2 199.4 224.6 241.2 256.2 271.1 284.2 293.8 302.6 307.8 315.1 319.9 324.4 328.3 332.4 336.1 338.5 340.6 341.8 341.4 340.2 342
14.1 17.1 21 22.3 20.6 18.6 19 21.3 21.5 20.2 17.3 15.8 17.3 18.7 18 17.3 18.9 18 17.2 17.2 21.6 30.4 35.2 32.9 31.3 37.2 51.5 55.6 57 57.5 56.5 57.5 57.4 71.3 93 113.8 130.9 146 158.4 166.9 175.7 183.8 190.6 197.2 202.9 207.4 211.2 216.9 224.1 228.9 233.8 238.8 242.4 246 249.2 251.7 254.5 257 260.5 261 256.8 238.3 216.7 195.4 212.4 231.2 248.9 263.3 278.5 291.8 301.2 307.5 314.2 319.3 323.6 328.8 333.9 337.7 340.8 343.6 345.4 348 349.7 351.9
12.5 14.4 16.7 20.8 21.5 19.7 17.8 19.9 19.3 18.2 15.1 14.8 16.2 16.2 16.5 17.1 18.7 17.7 16.7 18.1 23.4 31.3 38 34 31.4 35 47.7 56.6 57.1 57.9 54.7 54.1 60.1 76.9 99.4 119.7 138.4 154.1 166.8 174.8 184.6 192 197.1 204.1 209.4 213.2 217 223.8 229.7 234.6 239.5 244.4 248.4 252.4 255 258.1 261.3 264.9 268.2 269.7 266.6 254 236.1 219 203 218.8 237.5 252.7 265.7 279.6 289.7 297.8 306.6 313.2 319.4 325.8 332.2 335.9 340.7 344.8 348.8 351.8 354.8 358.1
10.3 12.2 13.1 15.8 18.6 18.6 17.2 18.4 18.5 18.2 14.9 14.7 15.3 16.1 16.2 17 17.6 17.2 16.3 20.6 31.9 36.7 36.6 34.1 31.1 34.4 40.2 51.7 56.2 57.5 53.2 52.8 63.2 82.4 105 123.9 146.5 162.9 174.5 186.2 196 200.1 206.1 210.6 216.5 219.3 223.6 229.1 234.8 240.2 245.3 249.8 254.3 257.9 261 264.5 267.9 272.7 276.6 279.8 278.8 270.9 256.8 241.1 224.9 211.9 222.2 241.2 254.8 266.7 276.8 285.5 294.3 301.5 309.8 316.9 324.7 331.1 337.7 344.1 349.6 354.4 358.3 362.4
9.3 9.7 10.7 12.8 14.2 14.9 15.2 14.6 14 14.2 13.3 14 14.7 15.4 16.2 15.7 16.3 17.3 17.6 24.3 32.1 34 34.2 32.3 31.3 32.4 36 42.4 50.8 53.1 48.4 51.9 65.8 88.7 107.1 129.7 154.9 170.3 181 192.7 201.6 206.3 211.7 218.6 222.7 224.5 227.7 233.6 241.1 246.7 250.9 255.1 259.5 262.9 267.1 271.4 277.4 283.3 287.6 291.6 291.5 287.9 276.5 262.5 247.7 233.1 216.8 227.7 242.7 254 261.7 269.3 279.2 289.8 299.9 310.1 319.5 327.4 335.3 342.5 350.8 356.5 361.9 366.5
9.3 10 10.4 10.9 10.9 11.4 11.4 11.3 12.1 12.6 13.1 13.9 14.9 15.4 16.4 15.5 18.6 19 22.5 28.3 30.2 32.3 32.5 31.5 31.4 31.8 34.3 40.2 44 44.7 51.1 54 69 90.5 108.7 133.1 153.4 169.5 182.9 194.8 203.7 211.9 218.9 223.6 227.1 229.1 233.8 242.6 247.8 252.7 256.8 260.7 264.5 268.7 273.4 278.4 285.2 292.2 299.2 303.4 304.7 303.6 295.5 281.7 266.8 254.1 235.7 219.5 228.8 234.7 249.1 255.5 259.9 271 287.3 301.7 315.9 325.6 334.4 343.2 350.7 357.6 363.9 369
10.4 10.3 10.5 10.7 10.9 11.4 11.5 11.3 11.7 12.5 13.2 13.7 14.6 15.6 14.9 13.9 17.5 22.3 24.9 24.2 27 29.5 30.8 32.1 32.1 32.9 35.1 38.6 42.1 45.8 53 53.3 64 89.8 108.8 130.3 151.3 167.8 182.1 190.8 200.3 213.8 221.1 226 231 237.2 243.4 249.4 255.3 261 264.8 269.1 272.8 277.2 282.1 287.5 295.7 304.3 310.2 314.3 316.7 315.8 311.5 299.6 284.9 271.1 251.2 230.6 243.7 259.2 271.4 279 282.5 279 274.4 296 312.2 324.6 334.4 343.1 350.8 359.2 366.1 372.6
14.1 13 13.9 13.8 12.4 11.4 11.7 11.5 12.3 12.8 13.6 13.8 14.1 14.8 15.6 26.5 26.3 26.4 25.1 24.4 27.4 33.2 33.3 32.6 33.1 34.1 34.3 36.5 40 47.3 50.7 53.7 67.1 86.3 108.5 129.3 150.7 168.1 180.7 190.8 204 216.6 224.5 231.2 237.6 244.1 251.3 260.1 266.6 269.9 275.3 281.5 286 290.5 295.1 301.4 308.8 315.9 320.7 324.7 327 324.8 322.6 314 297.9 281.4 257.8 236.8 257.5 274.9 286.5 294.8 299.1 300.4 294.9 283.2 306.7 320.1 331.9 342.4 352.4 360.2 368.2 375
19 18.2 18 18 16.2 14.6 12.3 11.7 12.9 13.6 14.6 14.5 14.2 13.4 21.3 32.5 33.9 34.6 30.8 25.2 26.8 32.1 35.2 37.9 38.2 34.8 35.4 35.6 37.5 44.8 50 55.8 67.7 79.8 101.4 128 146.9 167.8 178.6 189.2 203.2 218.1 226.9 234.1 242.1 250.8 261.2 267 273.6 279.6 286.4 294.9 301.1 305.8 309.8 315.3 322 329.1 332.5 334.4 336.4 336.3 331.4 323.7 307.1 285.3 261.7 246.7 270.9 288.8 299.6 307.4 312.6 314.6 314.7 307.4 292.8 309.5 323.1 335.4 350.3 361.5 370.3 378.1
21.7 20.6 18.9 18.3 17.7 15.9 12.6 12.7 12.9 12.6 12.3 12.6 13.1 14.2 24.7 31.9 34.5 32.9 30.9 24.8 27.4 35.2 38.2 39.8 40.7 38.7 37.2 35.4 36.3 38.5 50.2 59.2 65.8 74.9 94.7 123.4 144.9 162.6 175 185.7 203.3 215.9 226.7 236.6 245.7 257.7 265.9 272.2 281.3 288.7 298.4 307.2 314.7 320.9 326 330.7 336.1 341.4 342.6 346.1 347.5 346.8 341.8 332.8 313.9 292.3 268.8 262.8 283.2 300.4 310.3 318.3 323.7 327.8 329.6 326.9 320.2 309.5 306 317 341 357.8 369.8 379.6
20.8 20.2 18.9 18.7 19.1 14.9 12.4 12.7 12.5 12.3 12.2 12.1 14.8 22.7 26.8 31.6 31.6 28.4 27.9 25 28.1 34 38.9 41.7 41.6 42.6 42.3 37.4 35.6 37.5 49.7 59.9 66.3 73.2 92.5 116.8 143.3 158.2 170.9 184.8 203.5 217.2 227.9 238.6 250.7 263 270.4 278.9 287.4 296.1 307 316.7 325.7 333.1 339.7 345.4 349.8 351.6 354.1 356.3 356.8 356.7 352.5 342.2 322.2 302.4 278.6 273.6 293.2 309.5 317.8 325.3 333.2 337.9 340.5 341.5 339.2 332.5 331 320 335 356.4 370.2 380.8
18.9 18.8 18.5 19.3 19.3 14.2 12.2 12.1 11.9 11.8 11.8 16.7 21.1 23.7 24.8 27.6 30.4 28.5 26.1 24.9 28.1 34.1 39.5 42.6 43 41.8 43.3 40.1 36.3 37.4 50.7 60.8 67.5 75.5 89.6 113.1 134.3 151.6 167.7 184.7 202.3 218.6 230.2 242.7 256.2 268.4 276.2 285.4 294.4 303.8 315 325.2 333.6 341.4 348.6 355 357.2 359 363 363.8 364.4 364.1 360.5 351.6 332.3 314.6 293.7 273.2 293.7 311.7 322.8 331.8 339.2 343.8 347.3 349.9 350.7 347.8 348.3 345.1 335.1 354.7 370.3 382.8
18.2 18.2 19.4 21.3 18 11.3 11.5 11.4 11.3 11.3 15.7 21.3 24.7 25.2 23.2 24.5 27.1 27.1 25.1 24.6 27.7 33.8 38.2 41 41.9 40.4 42.6 40.4 37.7 37.7 49.5 60.5 69.6 75.3 87 109.4 130.2 149.6 168 184.5 203 218.7 232.1 246.6 261 272.5 280.2 289 299.3 309.1 321.1 331.7 339 346 353.4 357.9 360.1 365.1 367 367.9 369.7 372.1 369.7 361.6 344.4 327.9 310.5 290.5 290.1 310.9 324.5 334.4 342.2 348.6 354 357.9 362.7 364.7 362.7 360.2 348.7 351.6 370.3 384.9
18 18.8 19.5 17.6 13.8 11.3 11.1 10.8 10.8 16.9 21.7 24.8 26.4 25.9 23.8 21.7 21.6 22.1 22.5 23.4 26.9 33.2 36.8 37.5 40 40.6 41.4 40.2 38.4 39.2 47.7 62.3 70.3 75 86.2 104.9 126.9 146.8 167.7 186.4 203.8 217.5 233.9 248.1 261.4 273.5 282 291 300.2 311.5 320.5 332 340.8 348 353.1 356.8 362.6 366.6 368.3 369.9 373.6 375.7 376.4 373.6 358.4 341.5 325.1 305.8 295 311.1 327.9 339 349.2 358 363.4 367.8 371.5 373.4 373.9 372.6 369.2 356.3 364.5 386.1
19.5 19.5 16.7 12.7 11.1 10.7 10.6 10.2 16.8 20.2 23.1 25.5 26.6 24.9 21.9 18.9 18.2 17.1 18.5 20.2 24.5 31.5 36.2 36.3 36.9 39.1 40.2 39.7 40.6 42 47.9 63.8 69.9 75.6 85.5 101.2 123.2 145.4 165.1 185.1 203.3 216.3 233.3 247.5 259.1 271.1 280.9 288.9 298.6 309.4 316.9 325.6 336.3 342.3 347.9 354.1 360.4 364.8 368 370.6 374 377 379.2 379 372.5 354.7 339.3 325.6 313.3 313.2 334.2 346.5 356.4 365 369.5 376 380.8 384.4 386.5 386.1 383.9 377.3 370 388.5
21.3 19.4 14.4 10.8 10.9 10.5 11.3 14.9 19.5 21.9 23.3 23.4 24.5 21.9 19.1 17 16.1 15.9 16.2 18 21.7 28 36.8 37.7 38 38.7 39.4 40.5 42.9 45.7 53.8 63.2 68.4 73.6 86 103.4 121.8 143.8 163.7 183.3 199.2 214.8 230.1 243.7 255.8 266.9 277 286.1 293.3 302 309.8 317.9 327.6 334.8 341.2 347.8 354.1 359.9 364.6 369 373.6 377.7 381.9 382.8 381 369.3 352.8 340.8 330.8 321.4 332.3 348.7 359.8 368.5 376.4 384.3 391 396.7 401.6 402.9 399.4 392.7 377.8 398.4
20.4 17.6 10.9 10.5 10.4 10.3 11 13 16.2 19.4 21.2 20.7 21.1 19.3 17.4 15.9 15.4 15.4 15.6 16.8 23.9 31.3 36.2 38.9 39 38.7 39.7 41.7 44.6 48.8 55.3 60.6 65.2 73.5 86 104.4 124.8 145.9 163.7 182.4 195 211.7 225.9 239.3 251 261.8 270 278.7 287.5 295.9 304.3 312.1 319.9 327.7 335.1 341.5 348.4 355.6 361.7 367 373.4 379.4 384.9 387.9 388.3 386.9 370.7 356.5 347.8 342.1 333.7 346.9 363.2 377.8 387.8 397.1 404 409.2 413.7 415.3 412.5 406.4 395.3 406.5
16.9 10.8 10.2 9.9 10.7 13 18.5 18.6 17.6 16.3 19.9 19.7 19 17.6 16 15.4 15.2 15.2 15.2 17 25.8 33.1 36.8 39.3 39.6 38.4 39.2 41.5 45.1 49.3 53.1 58.7 66.1 74.9 84.9 103 127 146.7 161.8 175.6 189.9 206.5 219.6 232.8 244.3 254.5 262.8 271.4 279.5 288.6 296.7 305.1 311.9 320.5 328.8 336.2 344.3 352.7 359.4 367 377.5 386 391.9 396 398.1 398.2 386.8 373.3 363.9 357.8 351.7 354.8 373.6 387.9 399.8 410.3 417.9 422.3 424.9 425.5 424.2 419.8 411.3 418.2
9.7 9.8 9.8 10.2 10.2 13.8 19.5 22.2 22 18.7 16.9 18.2 17.1 15.9 15 14.7 15.1 14.9 15.6 16.9 25.3 33.4 37.5 39.4 38.9 38.1 38.4 40.8 43.5 47.7 51.9 58.4 66.1 75.5 91.9 109.2 126.1 140.6 146.6 159.7 175.4 196.8 211.1 223.8 229.8 242.1 246.1 261.2 275 285.8 294.3 302.4 310.4 319.2 328.1 336.6 345.2 353.7 361.6 371.6 384.6 392.9 399.5 403 406.4 406.4 397.2 391.6 380.4 371.3 366.6 360.7 382.9 396.9 409 419.2 425.6 430.5 433.1 434.4 433.6 429.6 427.1 429.8
9.5 8.9 9.2 9.1 9.5 13.3 19.7 23 24 20.6 16.4 15 16 15 14.7 14.7 14.7 15.4 15.4 17.5 24.9 32.8 37 39 37.9 37.6 37.5 39.2 41.6 44.2 48.5 57.6 66.7 79.4 100.8 120.8 138.3 154.2 164.9 175.7 185.6 195.2 203.9 218.2 233 245.1 256.1 267.6 278.6 288.2 300.7 307.8 316.7 324.1 331.9 340 347.9 356 363.6 374.9 388.1 398.3 405 408.8 410.5 409.6 407.4 403.7 398.1 392.2 385.1 375.6 389.2 403.7 414.9 424.7 432.2 438.3 444.3 446.2 443.9 441.2 438.1 440.3
11.2 11 9.6 9.6 12.6 15.5 18.7 22.3 25.4 23.3 20.8 18.8 17.3 15.1 14.7 14.7 14.7 16 18.4 19.3 28.9 31.5 36.2 38.5 37.2 37.2 37.2 38.4 39.7 42.1 45.2 60.6 66.1 84.7 106.2 127.4 146.7 162.7 176.7 188.3 197.5 206.2 216 231.9 245.3 255.4 264.4 274.8 287.6 299.1 309.8 318.2 325.5 332 339.1 346 352.3 358.1 365.8 377.1 389.8 398.9 404.8 409.7 412.7 413.1 414.2 412.6 411.9 409.6 402.7 389.1 399.1 411.2 423.6 433.3 443 451 455.1 456.2 452.3 450 449.1 449.3
12 12.2 11.4 12.8 17.3 19.8 20.4 21.2 24.8 26.7 25.2 22.2 19.1 16.6 14.7 14.7 14.7 15.5 17.3 22.3 22.5 31 36.8 38 36.5 36.7 37 38.1 39 40.3 45.2 58.3 66.2 89 110.8 133.2 156.3 172.5 188 200.4 210.1 219.4 231.7 244.2 254.4 264.7 275.1 287.8 299.1 308.8 319 327.2 334.2 340.6 344.7 349 354.1 360 367.7 377.1 386.9 395.1 402.5 409.9 416.8 419.2 420.2 423 423.7 423.1 417.4 399.1 411.4 422.2 436 447.5 456.1 461.7 464.9 464.6 462.4 459.5 457.8 456.7
11 11.6 13.5 18.1 22.5 23.7 22.7 20 22.8 27.6 28.8 25.3 22 17.9 15.2 14.7 14.7 15.5 17.8 26.8 30.2 33.2 29.2 31.3 35.4 36.8 37.8 39.1 39.1 39.1 44.9 62.3 70.7 94.4 112.5 140.9 166.4 184 199.9 212.9 223.5 231.6 242.3 253.8 265.4 275.6 288.8 303.3 313.2 320.7 326 330.5 335.9 340 344.5 347.9 353.7 359.7 366.2 375.1 384.7 393.2 406.1 415.4 419.4 428 432.4 432.5 434.1 431.3 425.4 419.3 426.5 437.1 450.6 460.6 467.5 472.7 473.6 471.8 470.5 467.5 465.4 462.6
11.7 13 17 20.9 24.7 27.1 26.2 24.4 23.8 26.9 28.5 27.7 23.9 18.6 17.4 15.6 15.8 17.9 31.6 38.2 37.5 36.2 36 36.3 34 37 38.8 39.2 39.6 39.9 42 63.4 75.5 100.3 120.7 145.9 171.1 194.3 209.3 222.4 229.8 238.1 250.5 261 273.6 288.7 303.1 316.5 326.9 330 331.7 333.3 334.2 337.5 340.9 345.1 350.9 357.7 365.2 375 386.9 396.9 408.3 419.1 431.8 439.6 441.5 440.7 438.8 437 434.9 434.1 440.7 449.4 461.9 470.1 475.6 478.2 479.1 479.6 477.6 475.1 472.7 468.8
11.2 15.7 21.7 26.6 29.3 30.4 29.8 27.9 26.2 25.5 26.7 28.2 26.5 23.2 21.7 18.7 21.8 30.5 38.5 37.9 36.4 35.2 35.5 36.8 38 37.1 39.7 41 41 41.3 47.4 64.7 82.8 102.7 127.9 152.5 176.7 193.8 210.8 222.9 232.3 245.1 255.1 271.3 284.3 298.4 312.1 323.6 328.6 331.4 328.4 330.3 331.7 334.2 337.7 342.7 348.3 355.9 367.3 378.5 387.9 397 407.6 420.4 435.7 440.9 442.3 444.4 446.2 445.6 444.4 444.5 451 459.8 470.5 476.9 481.2 483.6 484.6 485.8 484.7 481.4 478.3 474.8
15.5 21.5 27 29.8 32 33.5 33.4 32.7 31.6 29.5 29.5 31.5 30 26.5 27.5 29.9 33.8 36.8 37.4 36.6 35.6 34.9 35.7 37.3 39.1 40.7 39.7 42.9 43.3 44.5 52.7 68.7 87.3 103.6 129.5 160.1 178.3 189.6 200.4 215.4 233.1 245 259.9 274.6 281.2 288.7 298.6 306.8 313.4 319.3 321.3 324.7 327.3 329.7 334.7 339.5 346.2 353.6 366.3 378.6 386.7 395 406 417.4 428.7 436.8 445 448.9 450.4 451.8 451.3 452.7 457.7 466.1 476 480.3 484.1 489.2 494.7 495.1 491.4 487.5 483 479
19.4 24.8 28.1 30.7 33.9 35.6 37.2 37.7 36.7 33.9 33.9 34.8 33 30 33.6 37.3 40.1 37.6 36.4 35.5 34.9 34.7 36.1 37.7 40 42 44.3 44.5 46.7 48.5 61.6 73.6 90.4 104.6 131.4 160.4 172 178 185.4 199.9 212.4 221.4 233.1 248.5 264.7 276.5 284.8 294.2 303.7 311 315.8 319.9 321.2 323.6 330.2 337.7 344.8 354.4 365.2 375.3 384.6 395.5 407 418.6 428 438.1 446.2 450 452 455 458 460.5 464.7 472 479.1 483.9 491.3 497.6 500.5 498.9 495.3 490.2 485.1 481.2
21.2 25.4 28.8 31.8 35 37 38.9 40.8 41.2 40 39.6 39.2 38.2 39.4 40.8 41.6 39.3 36.9 35.4 34.8 34.4 34.8 36.4 38 40.6 42.7 45.3 47.7 49.9 52.5 66.7 76.3 91.5 102 121.7 132.9 144.2 150.1 157.1 167.9 182.1 196.4 212.4 232.5 248.1 263.3 275.5 285.6 296.3 305.6 312.7 315.1 313.3 317.5 326.4 335.5 343.8 356.1 367 376 385.1 396.3 408.8 420.7 429.8 438.6 444.8 449.6 454.3 458.7 463.4 467.8 472.6 478.5 485.4 491.3 497 499.6 500.6 499.5 496.4 491.4 485.9 481.5
22 25.3 28.4 31.5 35 37.2 39 40.9 42.2 42.5 42.4 42.9 43 44 44.9 42.6 37.9 35.6 34 33.8 33.7 35 36.6 38.7 40.8 43.4 46.5 48.9 52.1 55.1 59.5 73.1 81.6 90 97.7 102.7 109.4 117.9 127.3 137.5 151.1 165.6 190.7 213.7 235.8 252.3 264.8 276.2 288.9 301 307.2 301.5 298.9 309.6 319.4 330.1 341.6 354.4 365.5 374.9 384.7 398.7 411.2 422.9 432.2 442.5 449 453.1 460.7 466 470 473.2 478.3 485.9 491.8 498.1 499.8 499.9 499.7 497.3 494.2 489.3 484.7 479.1
19.8 23 26.4 30.5 34.8 37 38.8 40.6 42.4 42.7 42.7 44 45.3 45.3 45.3 43.2 36.9 34 32.7 32.8 33.5 34.5 36.1 38.5 40.7 44.7 49 50.7 53.2 56.3 60.4 67.4 74.4 84.4 88.2 106.2 119.7 132.4 143.4 160.3 166.4 178.6 170.2 195.5 219.4 239.6 252.9 265.6 274.6 281.1 279.2 280.9 289 298.1 309.5 322.7 336.3 350.4 362.7 372.8 384.5 398.3 410.7 424.7 435 443.4 449.7 458.9 467.8 471.3 474.1 480.9 487 494.5 499.3 506.2 509.2 506.5 501.8 497.6 493.8 488.1 482.7 475.4
20.9 22.8 27.3 31 33.9 36 37.9 39.9 41.9 42.7 43.3 44.7 44.7 43.8 43 40 36.3 32.8 32.2 32.5 33.4 34.4 35.6 38.2 40.9 44.8 47.6 49.1 51.7 56.2 64.2 74 86.9 99.6 112.3 128.2 141.9 156.9 171 182.9 193.6 202.2 203 196.4 189.3 225.3 241.8 254 259.9 262.3 267.6 278.4 287.2 297.1 304.6 313.9 322.6 341.7 358.2 371.2 384 396.2 408.2 420.9 432.3 443 452.2 461.8 468.4 473.8 483.1 492 496.8 504.1 509.9 514.1 514.7 513.1 508.8 500 493.8 487.2 479.9 471.1
23 27.9 30.4 31.8 33.3 35.3 37.4 39.6 41 42 43.1 44.2 43 41.9 39.4 36.6 34.1 32.3 31.7 32.2 33.2 34.2 35.4 38 40.3 42.4 44.8 47 49.1 61 68.2 77.7 96 114 127.3 144.8 164 177.3 192 205.6 217.4 225.3 231.3 222 220.2 222.7 227.7 240.5 250.1 262.6 273.6 283.2 296.6 307.4 319.5 331.4 341 349 348.5 367.4 380.7 391.2 403.3 418.6 431.4 444 453 461.6 471.3 482.5 493.7 501.5 507 512.7 517.2 518.9 518.4 517 512.2 502.5 494.4 486.2 477 466.5
26.3 29.8 31.9 33.4 33.9 35.4 37.4 39.1 40 41.1 42.2 42.6 41.7 40.6 38.3 34.7 32.9 31.9 31.2 32 32.9 34.1 35.4 37.9 39.8 40.9 42.4 44.5 46.6 61.7 67.6 78.6 98.8 110.1 133.1 157.5 181.8 197 210.3 225.3 233.3 241.4 246.1 244.4 243.3 244.7 246.2 250.4 260.4 270.1 281.6 293.3 305.7 320 332.3 344.1 353.1 360.7 368.3 364.6 373.1 387.2 402.3 415.6 429 440 450.6 465.6 480.1 492.4 501.6 509.8 513.4 519 522.8 523.4 521.8 519.5 514 504.4 494.7 484.8 475.1 462.4
28.4 30.4 32.3 33.8 33.5 35.1 36.5 37.9 38.8 39.8 40.7 40.7 39.9 39.1 36.5 34.1 32.5 31.3 30.8 31.9 32.8 33.7 35.1 37.1 38.7 39.8 41.1 42.7 44.6 54.8 67.4 79.6 97.8 98.5 131.6 157.8 192.1 207.4 223.4 237.3 247.5 255.6 259.2 259.8 263.3 267.3 267.2 267.5 269.9 280.7 292.2 305 318.4 332.3 341.2 351.3 365.2 376.5 383.2 384.3 376.6 380.4 394.9 408.9 424.1 436.6 454.4 471.4 486.1 497.9 507.5 514.3 519.1 524 526.9 528.1 527 523.3 515.9 506.8 496.3 485.7 474.8 460.1
28.1 30.2 32.4 34.1 33.7 34.6 35.6 36.6 37.6 38.6 39.3 39 38 37.2 34.4 31.9 30.8 30.1 30.4 31.7 32.5 33.4 34.5 36.4 37.6 38.7 39.8 41 44.6 50.7 67.7 79.8 93 99.6 130.5 156.9 183.2 215.1 232.2 245.7 258.2 265 269 271.5 277.7 283.4 284.9 283.7 284.2 293.7 305.6 318.4 330.3 342.3 350.5 365.4 376.5 388.4 395.4 394.8 392.9 398.8 398.7 406.2 422.1 437.5 456.5 473.2 489.6 501.7 511.1 517.9 523.5 528.2 531.5 532.6 530.4 527.8 519.1 511.7 500.8 489.4 477.8 463.9
