GeneralExemplars/GeoExemplars/data/LakeDistrict/terrain-50-dtm_3563996/sd/SD18.asc
ncols 200
nrows 200
xllcorner 310000
yllcorner 480000
cellsize 50
[rows 76 to 113 of 200, columns 84 to 167 of 200]
451.6 428 411 401.8 392.9 373 349.5 333 320 297.3 283.8 270.9 250.6 228.1 209.2 211.6 232.6 260.5 291.9 322.1 353.2 375 389.6 399.8 401.5 399.8 397.6 391.1 381.2 364.4 347.5 328.7 312.1 297.4 288 274 261.9 247.2 233.2 220.6 210.2 201.2 189.5 176 168.1 162.5 144.6 137.8 122.3 100.5 117.6 116.1 111.5 115.7 118.3 99.8 97.8 110.5 104.3 96.8 89.9 88.1 90.9 94.6 109.3 120 122.8 115.8 104.8 98.2 93.4 89.7 86.3 82.6 79 78.3 74.9 69.4 70.6 79.2 83.5 85.3 83.2 83.3
457.1 435.3 421 411.9 402.8 384.2 362 345.6 334 309.2 295.4 283.7 264.5 240.6 209.9 195.1 217.3 244.8 274.2 305.6 337 360.9 376.2 386 393.8 393.6 390.4 384.6 372.8 357.3 341.7 323.9 307.7 289.1 268.9 260.6 244.8 231.2 214.3 204.3 197.2 197.4 188.8 178.4 173.7 162.3 142.8 138.9 118.4 98 119.7 114.1 109.6 107 96.1 89.2 103.8 107.6 102.3 93.7 87.9 86.2 88.7 95.9 110.5 119 121.4 112.8 100.8 96.3 89.8 86.9 84.1 81.9 75.7 72.4 69.5 61.3 72.2 81.4 87 84.3 79.7 79.7
438.2 419.8 405.7 386.1 376.5 363.1 353.4 345.5 331 315.7 294.8 282.8 266.3 241.9 210.4 186.6 204.5 230.5 259 290.7 316.1 340.1 359.1 374.5 381.6 380.2 374.6 368.2 359 348.2 333.9 322.8 307.9 291.1 275.7 255.3 225.8 211.5 203.5 198.9 175.8 192.5 194 185.7 184 178.9 157.5 131.9 101.8 96.9 120.2 101.6 105.3 92.3 88.4 88.7 102.8 100.7 97 90.7 83.6 86.4 86.9 96.8 111.6 116.9 116.4 110.7 98.2 92.9 84.7 82.9 80.5 77.4 75.6 70.5 66.3 61.7 72 81 84.3 78.9 77.4 73.5
404.6 383.9 367.6 353.5 343.9 337.9 336.9 336.4 318.3 307.6 290.4 275.4 255 227.9 207 184.9 190.3 216.2 242 269.8 294.6 318.1 345 361.8 366.5 358.6 355.8 352.6 346.3 338.3 328.1 317.4 302.8 288.7 274 258 240.5 223.6 205.8 184.4 169.9 166.9 182 182.3 187.4 186.7 171.1 146.1 107 88.1 96.9 88.8 91.5 85.6 91.5 97.3 99.3 94.7 92 83.6 83.6 84.7 90.5 104.5 117.3 118.9 113.5 101 93.6 88.7 81.5 79.5 83.8 82.7 78.1 74.8 67.4 59.4 71.3 79.5 77.6 76 73.3 68.1
373.5 351.1 334.6 321.6 321.3 318.5 315.1 309 303.3 299.4 284.5 270 254.8 226.1 203.5 183.7 176.4 199.3 222 244.9 265.8 289.6 314.1 338.3 340.5 334.7 335.4 332.7 326.4 320.2 313.1 306.2 296.8 286 272.3 256.8 241.5 224.5 207.7 195.1 177.5 161 162 173.3 178.3 172.8 160.9 134.8 114.7 86.8 81.1 80.7 79.5 84.3 91.8 95.6 93.6 89.7 86.5 83.6 83.6 87.8 96.5 107.1 122.5 120.9 111.1 101.9 93.8 88.3 80.7 81.8 87.7 88 80.6 74.5 65 58.4 69.4 73.1 72.1 70.9 66.8 71.6
345.3 329.1 313.7 307.7 303.7 298.4 293.2 288.7 288 285.6 274.1 264.7 254 229.4 204.5 185.2 162.8 181.9 201.5 221 236 256.9 281.8 303.1 310.1 307.2 309.3 307.6 304.5 300.8 300.2 299.3 293.4 282.9 269.9 253.2 238.7 225.7 212.3 191.8 171.6 150.6 150.5 152.2 154.3 149 140.4 123.6 104.1 80.1 77.9 78.5 83.2 85.2 89.3 91.7 89.7 85.6 83.6 83.6 83.6 89.4 101.7 116.1 123.4 119.4 108.8 101.2 94.7 87.6 83.7 87.9 92.3 90.7 81.8 73.4 64.9 53.8 64.6 66.3 65.6 63.6 69.6 77.4
328.1 313.9 305.4 296.6 290 283.7 277.2 273.1 269.1 266.4 262.8 259.6 249.5 235.5 208.5 188.3 169.9 165.3 181.4 198 211.4 232.2 253.2 272.8 278.7 278.5 282.3 284.8 287 290.7 295.2 296.6 292.1 279.9 263.1 248.3 235.2 218.7 197 173.9 152.9 132.6 135.2 136.5 137 138.7 131.9 118.3 90.9 76.9 76 84.6 82.9 83.8 86.3 87.8 87.8 83.6 83.6 83.6 85.5 96.8 110.2 122.2 124.4 118 105.9 98.4 94.2 87.7 89.6 92.5 94.9 90.9 84.1 73.5 62.9 54.1 57.7 60.6 59.6 64.4 70.9 77.8
320.1 309.9 303.8 297.1 289.1 277.9 268.6 257.2 254.3 252.1 247.3 242.8 237.5 228 212.5 191.1 174 152.6 164.7 174.1 189.4 211.2 229.8 246.2 253.1 254.2 259.2 262.9 269 279.7 290.9 297.7 291.1 270.9 256.2 242.4 225.2 207.7 182.7 152.5 136.2 122 126 138.9 154.1 148.2 126.7 103.9 83.8 73.6 74 82.1 79.4 81.5 83.9 86.7 84.8 75 83.6 83.6 92.5 106.7 115.9 126.7 123.1 114.5 104.2 95.1 90.9 89.6 92.2 93.3 93 88 80.1 73.1 62.8 54.1 48.2 55.1 59.7 64.5 70 73.7
328.7 327.3 324.7 319.9 312.8 300.1 287.5 274.1 258.2 245.8 237.6 228.6 219.8 214 203.1 185.4 168.6 153.6 145.3 154.3 175.1 192 208.8 222.1 227.5 230.2 232.3 246.8 267.3 284.5 297 299.7 275.6 259.1 247.6 233.2 214.6 194.8 170.8 145.1 122.7 115 138.4 159.2 164.9 144.1 118.3 93.8 70.9 70.1 75.2 78.2 77.8 79.8 80.7 81.4 77.5 71.8 77.6 88.7 104 110.7 119.3 128.1 120.7 110 101.5 94.7 86.9 89.8 89.2 90.4 89.1 84.6 75.6 69.2 60.2 53.2 46.5 54.6 59.3 63.6 68.9 70
356.9 356.6 356.2 349.8 339.9 327.7 311.1 293.6 274.8 262.1 254.8 245.2 237.6 227.6 217.9 206.5 190.8 169.5 146.6 139.1 158.5 173.4 189.7 202.6 205.9 219.2 239.8 258.7 276.1 289.8 296.1 278.7 259 243.3 233.6 219.2 203.2 183.6 161.8 136.4 114.7 118.7 147.1 168.6 150.6 128.2 103.6 76.1 67.4 70.7 73.8 74.2 75.9 76.2 75.7 73.6 69.4 72.1 82.7 99.2 109.8 115.1 122.5 124.1 116.9 107.4 100.2 95.4 87.2 85.8 84.8 85.3 84.3 80.9 74.9 67.3 59.5 51.8 45.1 52.8 56.9 61.6 65.7 64.4
385.6 388 384.4 374.3 363.2 348.7 331.2 311.7 289.1 284.6 280.2 270 264.1 253.7 241.3 222.8 199.5 175.1 150.1 127.8 138.6 159.4 178.4 201.2 222.9 242 261.3 277.8 289.5 294.8 279.8 261.4 243 227.4 217.1 204.9 190.9 175 153.9 128.3 107.5 123.5 151.5 147 128.5 111.7 95.6 66.7 70.2 70.2 71.7 71.8 71.9 71.9 70.2 66.6 67.9 74.2 88.5 101.4 113 118.6 122.1 119.6 114.9 105.9 100.1 95.5 88.7 81 80.1 81.3 80.4 79 72.7 65.3 58.1 50.7 45.9 52.4 55.6 58.8 61.3 58.7
413.1 414.9 409 396.4 379.3 361.9 336.5 318.5 310.8 306 295.8 288.2 284.1 271.7 255.2 233 199.6 167.3 140.6 124.3 135.6 164.7 197.4 226.1 244.6 267 287.2 299.6 303 281 263.9 246.2 226.2 212 200.1 190 176.8 163.7 144.9 118.5 102.3 124 138 123.3 110.4 97.1 91.1 69.3 65.2 68.7 69.9 68.5 68.3 66.2 65.1 67.1 70.3 75.1 91.1 103.5 115.5 122.7 120.9 117.7 110 99.2 95.9 93.4 84.9 76.1 74.5 75.3 77.7 76.6 70.4 58.4 53.6 48.2 43.9 51.8 54.1 56.5 55.5 51.9
436.9 436 430.9 415 389.6 364.2 353.1 343.3 328.2 318.3 304.6 291.9 283.7 270.2 261.2 221 185.1 156.8 130.5 116.3 137.1 164.4 198.1 230.2 257.5 288.3 304.8 301.2 285.3 262.9 245.8 227 208.8 195.6 181 172.1 162.7 148.2 127.7 103.4 102.2 117.4 113.8 108.4 95.9 90.9 85.2 69.1 62.2 65.9 67.9 64.2 63.7 63.2 65.8 69.5 72.7 77.5 90.4 109.7 124.4 123.7 119.5 114.2 105.4 95.5 94.6 89.3 78.5 71.9 72.7 71.2 73.8 72.9 67.2 58.3 50 45.9 42.9 49.3 51.8 52.8 50.9 49.2
450.4 448.6 439.2 418.3 397.8 381.9 365.3 350.7 333.4 322.6 307.5 293.8 278.7 261.3 238.7 207.2 171.9 148.8 126.3 113 132.6 159.1 191.1 229.5 257.1 282.4 281.7 268.7 257.5 244.7 228.2 209.6 189.8 177 163.5 152.3 143.3 130.4 112.2 92.3 98.8 105.3 102.6 96 91.6 87.3 78.5 62.9 60.5 65.1 66.6 62.2 61.6 63.8 66.4 69.8 72.1 79 96 114 126.9 124.7 119.3 110.8 100.4 89.8 89.3 83.6 74.8 70.6 68.4 67.7 68.7 66.8 62.3 54.3 47 44.3 41.6 46 47.4 47.9 47 48
467.8 456.6 441.2 424 404.5 387.8 370.3 352.6 333.9 319.5 306.4 293.5 279 255.8 232.1 192.4 163.3 139.2 121.1 109.1 124.7 152.5 180.8 214.7 238.6 260.4 253 245.4 237.8 225.7 209.8 190.7 171.9 158.9 145.8 134.1 124.3 113.5 96.4 90.7 96 98.7 94.2 88.7 85.6 80.2 68 55.9 59.5 65.7 62.6 59.8 62.1 64.2 66.9 69.9 72.6 81.7 98.4 116.6 127.2 124.9 117.9 106 94.6 88 80 82.6 68.5 66.5 63.6 63.8 62.5 60.8 56.9 48.7 45.3 43.1 42.6 41.6 42 41.7 44.2 50.1
471.9 459.8 445.8 426.7 407.6 388.7 370.6 352.3 332.8 317.5 302.1 289.3 274.6 253.2 228.7 185.3 153.3 131.1 117.3 107.1 116.2 139.5 165.7 192.1 214.7 232.3 231.3 225.4 217.3 205.8 189.9 170.9 156.2 142.3 130.2 118.6 108.3 98.5 85.3 88.6 92.3 89.6 86 82.8 78.6 68.8 55.6 57.1 62.6 62.2 59.4 56.6 62.1 63.6 67 70.8 75 82.8 99.7 118.3 128.1 124.7 115.8 102.3 86.9 73.1 83.3 76.4 65.1 65.5 64.4 61.2 60 58.2 53.1 43.8 41.6 40.7 40.9 40.5 40.4 40.6 46.9 50.1
477.6 462.5 445.5 425.3 405 387.1 366.5 348.2 330.5 313.6 297.1 283.7 267.5 244.1 208.7 174.9 146.2 122.7 110.4 101.4 107.7 130.9 152 172.3 192.7 206.5 209.3 205 194.8 183.7 168.2 150.9 138.7 125.9 113.8 104.1 94.9 88.5 77.3 86 84 83 82.2 77 68.9 59 53.4 60.2 61.7 58.8 57.7 59.7 61.5 63.6 66.8 72.1 79.8 87.3 97.8 115.3 127.5 124.1 109.2 86.9 73.3 76 72.4 64.5 67.2 69.5 67.1 60.3 58.9 55.4 49.2 41.8 39.7 39.1 39.1 39.3 40.2 42.5 44.8 45.8
479.3 462.2 442.6 422.3 403 384.9 363.4 344.7 327.4 310.7 291.2 275.9 258.5 238.5 205.1 170.4 139.3 120.1 107.4 98.7 102 119.3 137.6 155.3 171.2 181.8 186.7 182.7 172.5 161.8 148.8 133.4 120.4 108.1 98.8 90.3 85.5 83.4 76 76.7 78.4 79 74.3 69.3 66 58 53.2 57.9 57.7 54.6 56.8 57.9 59.2 61 66.8 75.3 83.9 89.7 96.6 108.3 120 111.9 87.9 70.7 71 69.5 62.3 69.4 73.7 73.5 69.2 62.7 54.8 50.8 45 39.2 38.2 37.7 37.7 37 40.3 43.7 47.3 50.2
475.9 457 437.1 416.1 399.1 381.3 359.8 343.7 329.7 317.7 301.6 283 268.2 249.6 214.6 180.9 151.8 123 101.2 93.4 99.9 111.3 124 139.3 150.4 157.9 161.7 159.7 152.4 141.6 129.8 117.4 104.1 93.2 86.8 82.9 80.6 77.7 74.1 66.6 74 70.4 69.3 65.9 57 53.8 51.8 58.8 57.5 53.9 55.9 56.4 57.8 62.9 70.3 79.3 85.3 89.1 92.9 97.1 96.4 85 73.6 69 66.9 61.3 68.6 76.4 78 74.9 71 64.8 54.6 46.5 42.4 38.4 36.9 36.4 35.8 38.9 43.4 47.5 51.6 54.4
470.9 450.5 430.6 410.2 392.1 374.9 354.6 342.2 328.8 318.3 305.5 286.8 265.7 246.8 214.8 184.2 159 131.2 102.3 88.8 97.5 102.8 111.6 121.7 130.7 136.8 141 139.5 132.8 124.1 112 101.3 89.7 82.3 79.6 78.6 76.4 74.2 68.5 62.2 67.7 67.8 63.7 56.6 53 49.6 50.2 53.7 55.5 51.7 56.4 57.7 61.1 65.9 72.3 76.1 80 81.7 82.2 82.7 79.6 69.5 59.5 58.7 60.3 68.4 75.3 80.1 79.1 76.8 69.8 60.6 53.6 46.6 40.5 37 35.5 35.4 34.7 41.6 46.2 51.3 54.9 54.7
464.9 445.5 424.1 402.8 381.6 364 347.7 336 322.6 313.8 305.1 290.6 265.5 242.1 217.2 189.1 162.3 137 103.8 83 91.4 94 99.4 106.1 112.4 119.8 121 119.9 116.1 107.3 98.1 89.2 81.5 76.5 75.8 74.8 72.9 71.3 61.4 58.9 66.3 62.7 57 53.6 51.1 48 48.3 49.1 50.1 53.6 60.3 62.3 63 65.7 68.8 68.3 69.7 69.2 67.2 67 62.2 55.4 58.5 64 67.2 72.4 77.9 80.6 79.7 75.1 64.5 57.6 50.9 44.8 38.3 34.7 34.1 34 36.1 42.5 45.6 51.7 53.3 50.5
457.1 439.1 420 397 374.1 353 336.4 323.6 313.1 303.6 297.4 286.2 259.3 234.2 210.3 184 160.8 136.2 109 87.6 76.7 81.9 87.2 92.5 98 104 106.6 104.4 99.7 92.9 86 80.6 77.3 73.2 71.3 70.9 70.2 68.3 56.9 54.2 60.1 56.3 53.3 50.9 49.2 46.9 46.7 47.9 50.1 55 61.6 63 60.9 61.5 62.8 59.6 58.7 56.2 53.9 55.6 56.5 53.1 60.1 65.7 69.6 77.6 81.1 81.3 79.2 72.9 61.7 55.9 49.6 42.3 35.5 33.1 32.5 33 37.6 42 46.7 52.4 52.1 48.2
445.6 432.5 414.9 393.2 368.6 344.9 326 306 294.5 285.8 282.5 272.7 246.9 222 199.7 176.1 154.7 133.4 112.4 100.6 84.8 70.5 76.8 79.1 84.9 90.5 91.6 90.1 86.5 82.1 77.5 73.6 72.5 70.1 68.2 68.3 67.7 65.5 52.4 50.3 53.4 50.7 49.7 48.5 47.1 45.9 46 46.4 48.2 55.4 58 55.8 51.7 51.9 50.2 50.5 49.3 47.7 48.7 52.1 51.5 53.4 60.5 66.4 72.8 81.3 83.6 81.3 78 72.2 61.7 53.8 48 36.6 32.4 29.7 30.9 33 37.8 43.2 49 49.4 49.5 49
436 421.8 406.9 384.6 361.1 339.3 322.6 297.8 265.9 261.2 263.1 256.5 230.9 206.7 186.4 163.3 144.5 125.7 108.2 103.9 83.1 69.4 68 69.2 74.8 80.3 82.4 81.2 79.5 79.6 75.4 70.8 68.1 66.9 65.7 66.4 63.9 59.4 50.7 47.5 48.1 47.7 47.1 46 44.3 44.4 44.9 45.5 49.7 49.3 46 43.1 42.9 42.9 43.2 45.6 45.7 47.9 49.8 51.7 54 61.2 66 74.6 83.3 86.4 84.4 79.8 76.9 72.8 64.8 53.7 39.2 34.5 30.1 28.7 30.8 36.3 39 43 45.5 47.6 51 46
423.5 407.7 393.9 373 351 332.9 319.5 298.7 270.8 243.2 235.7 235.2 214.5 191.2 170.6 149.3 132.9 115.5 101.7 97.2 71.1 66.1 65.5 64.6 67.8 73 74.9 76 76.3 74.1 69.8 64.9 63.7 63.8 64.6 63.7 60.2 52.6 46.6 45.3 45.2 44.7 44.1 43 43.8 43.3 44.4 44.3 43.6 42.2 40.7 41.3 43.4 46.5 52 54 56.2 59.9 62.7 67.7 71.1 78.3 85.4 91.4 91.4 88.5 84 77.5 75.7 71.3 63.2 51.6 39.4 30.8 28.5 28.3 35.2 36 37.4 39.9 42.6 47.3 48.3 43.3
412.5 390.9 370.5 351.9 330.8 319.8 305.8 291.1 272.7 253.9 216.1 200.6 194.3 172.7 154.9 136.2 120.2 105 93.7 84.5 63 62.9 62.5 62.7 64.9 68.8 71.8 75.1 75.3 69.1 62.8 60.7 61.1 62.6 63.5 62.1 54 45.8 43.6 43.2 43.1 42 41.1 41.6 42.2 43 44 42.8 42.3 41.1 42.3 47.6 60.5 60.6 62.8 67 70.5 80.3 84.5 89.3 91.2 98 102.6 102.1 93.7 88.4 82.9 75.7 71.3 66.1 57.3 51.4 37 28.1 26.6 28.5 31.5 32.7 34.1 37 41.3 43.7 43.5 38.5
385.7 364.2 325.9 311.8 296.6 297 292.7 278.4 261.8 245.8 211.7 169.9 170.4 154.3 142.5 126.4 110.3 96.5 84.9 70.3 63 59.8 60.2 60.6 63.6 68 73.2 78.8 77.9 63.5 58.5 58.5 58.2 58.4 59 56 48 43.6 42.2 42 41.7 41.2 41 41.4 41.8 42.3 42.6 41.2 40.4 43.6 50.7 59 69.4 70.7 74 77.9 87.6 96.8 99.9 99.1 105 109.6 109.2 98.8 90.5 85.7 80.6 73.8 66.8 56.3 52.9 42 30.5 25.1 26.1 27.5 28.3 28.6 30.7 34.7 38.5 39.7 38 29.5
342.3 327.5 307.8 293.8 282.8 272.2 264.4 253.8 244.7 230.4 206.3 163.5 141.5 135.2 128.8 115 101.2 89.4 77.2 66.2 58.4 57.4 57.5 58.7 64.6 70.9 77.1 80.5 66.9 56.7 54.9 54.9 55.1 55 53.8 49.8 42.7 40.8 40.8 40.8 40.6 40.1 40 41 41.1 41.2 41.6 40.2 45.8 55.4 61.6 66.8 72.5 77.2 81.4 93.4 103.2 104.8 101.7 108.3 113.8 111.9 104.8 91.4 86 81.5 75.9 70.7 61.3 53.5 51 38.6 25.9 22 25.5 27.4 26.7 26.6 29.5 32.5 34.7 34.2 30.1 21.9
335.7 321.7 305.4 284.5 274 253.7 239.6 228.5 220.9 213.7 196.4 164.2 127.2 115.6 112.2 101.7 89.5 78.8 70.2 62.7 55 53.8 54.4 59.8 66.7 73.6 78.7 70.4 55.9 52.2 52.1 51.2 51.6 52 48.7 41.8 39.6 39.4 39.3 39.6 39.5 39.1 39.4 40.1 40.4 40.1 41.6 45.5 50.8 59.9 66.1 70.7 75.5 80.4 85.1 96.3 103.3 102.6 105 112.2 114 108.5 96.1 86 80.9 76.4 71.5 65.8 59.3 52.3 44.4 34 23.4 21.8 24.9 25.6 24.9 25.1 26.9 29.1 29.9 28.4 25.7 16.3
329.2 316.2 302.6 278.5 262.7 239.5 219.8 201 190 188.6 173.4 150.1 126.4 92.2 96.3 88.6 79.1 71.3 64.6 57.8 51.8 50.8 53.8 59.7 67.8 72.8 69.8 57.4 51.3 50.3 50.1 48.4 48.4 45.6 41.8 38 38 37.9 37.8 38 38.4 38.7 39.1 39.6 37.9 40.7 43.8 49.2 55.5 62.2 68.6 72.6 76.5 80.8 86.1 93 96.9 99.8 104.3 109.9 107.3 93.7 86.4 81.5 75.6 72 69.8 66 60.9 54.1 42.3 30 22.5 20.4 23.9 23.5 23.4 23.7 24.6 26.9 29 28.1 23.3 15.6
314.2 302.1 287.9 269 253.3 233.6 211.5 185.6 171.6 169.7 153.8 133.2 114.6 89.7 79.9 75.7 68.6 64 56.6 51 48.9 49.1 52.3 58.9 66.3 67.5 61.6 50.8 48 47.7 47.2 45.9 44 41.2 37.9 36.2 36.4 36.4 36.5 36.8 37.1 37.7 38.4 39.3 40.1 43.6 46.9 52.7 57.2 62.3 67.4 71.1 73.8 76.1 79.3 83.4 89.2 95.8 97.5 95.5 92.6 87 81.8 75.2 70.1 67.9 68.5 65 59.1 50.9 39.7 27.7 21.7 20.6 21.6 22.3 22.3 22.6 25.6 29.6 30.9 26.8 22.6 15.3
301.6 294.4 282.1 254.8 242.1 225.1 203.8 179.2 165.4 156.3 135.7 117.8 101.5 86.7 69.5 64.4 61.4 55.9 51.2 48.2 47 47.4 51.1 58.3 63.9 60.2 48.9 45.6 44.8 44.7 44 43 40.6 38.3 35.6 34.4 34.9 35.2 35.4 35.8 36.2 36.8 38.3 39.3 42.5 46.4 50.1 53.6 57.5 60.9 65 67.8 70.6 72.6 74.3 78.6 86.3 90.6 91.3 90.5 87.4 83.6 78 70.6 68.4 66.5 64.2 61.1 54.9 46.5 35.5 26.1 21.2 20.1 18.3 21.5 22.7 26.6 31.8 33.8 28.5 21.2 17.5 13.3
290.9 272.8 243.4 232.1 217.4 206.8 193.1 170.5 151.7 145.5 129.1 112.4 90.7 78.1 66.2 60 56.2 53 48.8 46.6 43.4 45 50.2 56 58.3 53.4 42.6 42.8 41.7 41.2 41 40.3 38.5 35.9 34.4 33.8 34.2 34.7 35 35 35.5 36.8 37.9 40.5 43.5 47 48.8 51.9 54.9 57.5 61.4 64.6 67.4 69.4 71.3 75.8 81.8 85.8 89.1 87.7 85 80.9 75.2 68.9 64.9 62.7 61 57.1 50.2 40.3 34.2 29.7 21 19.6 18.5 18.6 26.7 31.8 35.1 31.9 22 16.7 17 18.2
284.3 252.1 227.8 211.8 207.7 196.4 176.3 159.1 141.2 125.9 111.2 97.1 85 70.7 61.6 56.6 53.4 51.2 48.5 44.6 42.8 45.2 49.8 51.5 50.1 44.5 38.5 40.7 37.9 37.5 37.2 36.9 35.7 34.3 33.4 33.1 33.5 33.9 34.1 34.4 34.6 35.6 36.7 39.5 41.9 44.7 46 48.9 52 53.8 58.6 61.4 64.1 66 66 74.8 81.7 85 87.4 85.7 82.5 78.7 73.4 68.4 60.9 57.9 55.3 49.9 44.7 38.6 34.1 28.2 21 19.2 18.4 17.5 17.2 26.8 29.4 22 17.1 18.3 23.6 25
270.6 248.4 219.1 195.9 188.7 180 163.7 145.8 126.1 112.4 102 88.4 73.8 62.9 57.3 52.8 50.9 49.2 47 42.9 39.8 44 45.6 44.2 41.9 38.8 36.3 39.4 37.7 35.6 34 33.7 33.6 34 33.1 32.9 33.1 33.3 33.8 34 34.1 34 35.1 37.2 40 41.3 41.7 43.1 47 51.6 55.7 57.3 59.1 59 66.5 76.2 82.7 86 85.8 81.6 77.3 74.8 70.8 64.2 57 50.8 46.8 43.2 40.3 36.8 31.3 26.2 23.2 23.5 23.2 22.3 19.8 14.1 17.6 18.2 19.2 24.5 27.5 26.2
259.2 246.6 213.1 192.4 178.5 166.3 147.4 132.1 120.9 97.7 82.2 78 65.6 58.5 53.1 50.2 48.8 46.9 45.1 42.5 38 40.3 39.9 39.3 38.1 35.7 36 37.5 36.1 35.3 33.7 31.1 32.2 32.6 32.8 32.8 33 32 33.4 33.6 33.5 33.4 33.6 33.8 36.6 36.9 36.5 39.3 44 48 50.9 51.6 52.8 58.1 71.5 82 84.5 84.4 80.6 72.5 68.8 65.1 61.2 56.7 50.2 44.4 40.7 38.8 36.9 32.6 31 28.6 27.2 27.6 32 30.4 25.5 18.7 15 13.5 22.8 26.1 24.9 22.5
241.7 228.4 210 182.4 165.8 154.9 140.6 127.6 109.3 92.6 77.6 66.9 60.4 54.7 50.9 48.6 46.6 45 43.3 41.7 38.8 38.8 38.1 37.5 35.6 34.1 35.3 36.2 34.8 33.7 32.8 31 29.9 31.4 31.4 32 32.5 32.8 33.1 33 32.9 32.8 32.7 32.4 32.6 33.3 34 36.4 39.8 42.8 44.6 45.5 50.1 62.6 75.8 82.8 83.7 79.6 71.5 65.5 62.8 57.3 52.9 48.5 42.8 40.1 37.9 36.6 37 38.9 38.7 36.7 29.8 29.1 35.3 39 30.1 20.9 14.8 13.3 19.1 21.8 19.3 15.7
229.9 213.8 180.1 166.5 144.5 134.6 129.9 113.3 102.9 85.9 69.7 62.2 55.3 51.4 48.8 46.4 44.5 43.3 41.7 40 37.4 37.1 36.6 35.9 35.1 34 32.8 32.9 32.5 32.2 32.2 31.3 29.3 30.8 31 31.4 32 31.5 31.6 32.2 32.3 32.2 32.3 32.2 31.5 31.6 32.8 33.4 34.1 34.1 35.6 37.3 46.3 63.5 75.5 77.6 74.5 68.6 63.8 60.1 57.5 52.9 49.2 45.7 42.9 41 39 40 49.9 49.5 48.1 42.6 33.2 28.7 31.7 38.9 34.4 22.6 14.4 12.5 12 15.1 12.2 8.9
