GeneralExemplars/GeoExemplars/data/LakeDistrict/terrain-50-dtm_3563996/sd/SD18.asc
ncols 200
nrows 200
xllcorner 310000
yllcorner 480000
cellsize 50
[rows 76 to 113 of 200, columns 0 to 83 of 200]
27.8 30.4 32.5 34 34.3 34.1 34.7 35.1 35.9 37.1 38 38.4 37.1 35.7 32.5 30.1 28.4 29.2 30 31.6 32.3 33.1 34.5 35.5 36.6 37.7 40.8 42.7 45.7 49.1 65.6 81.3 100.8 100.2 128.9 154.6 183.9 214.6 239.8 255.5 265.8 271.9 275.9 281.9 287.8 295 298.7 300.5 301.7 303.2 317.4 329.6 341.7 351.6 361.1 374.5 386 394.6 401.2 407.9 409.4 412.1 415.4 416.2 418.2 432.8 453.1 471.9 490.7 505.1 516.5 523.9 530.1 535.1 536.6 537.6 535.6 531 524 516.7 506.8 494.9 483.4 469.4
27.4 31.2 32.6 33.2 32.4 32.5 32.9 33.2 34.1 35.4 36.4 37.3 36.6 33.7 30.2 28.7 27.7 28.6 30 31.8 32.4 33.3 34.7 35.4 36.1 36.7 39.6 43.4 48.7 49.6 67.2 82.2 102.4 103.2 129.9 157 186.7 218.3 242.1 264 275.8 278.9 282.6 289.4 297.5 304.4 310.7 314.2 316.7 322.1 326.4 336 347.4 360 369.2 378.9 388.9 399.7 411.2 420.1 423 424.5 431.3 434.4 435.2 438.2 450 470.9 490 507.6 521 528.3 533.2 537.9 539.7 541.4 541 536.5 530.4 523.6 514.8 501.9 489.6 474.4
30 31.3 31.7 30.8 30.4 30.7 31 31.4 32.5 33.4 34.2 34.9 33.2 30.9 28.9 27.4 27 29 31 32.4 32.6 32.7 33.8 35 35.3 35.6 38.4 47 48.6 52.1 69.5 79.4 91.9 109.3 133.1 159.9 192.8 221.2 248.6 268 275.8 281.2 288.2 298 306.4 311.9 318.4 325.6 333.2 338.2 342 345.4 353.9 366.2 374.8 382.5 396.4 408.8 422.1 431.3 434.8 438.3 445 448.6 452.3 458.2 461.9 468.9 490.6 509.1 521.7 529.5 535.3 539.9 543.1 545.1 544.8 542 536.7 529 519.5 506.6 488.4 469.8
29.4 30.1 29.1 28.7 28.9 28.4 28.6 29.9 31.2 31.2 31.8 32.5 30.2 27.9 27.2 26.2 27.5 30 32 32.7 32.7 32 33.2 34.6 34.5 34.5 37.8 48.6 47.7 54 72.5 80 88.8 111 138.3 169.3 199.3 223.7 245.6 262 272.5 284 296.2 305.4 317.1 323.6 328.8 338.4 347.7 353.1 356.7 358.8 363.7 371.4 380.3 392.2 405 420 433.4 442.4 447.9 448.1 455.8 461.2 465.8 477 482.7 486 493.7 508.5 522.3 530.4 538.3 542.9 546.3 548.5 549.2 546.4 541 531.4 503 477 444.5 420.5
26.2 25.9 25.5 25.6 25.3 23.2 24.5 27.3 29.4 29.2 28.9 29.9 28.3 24.3 24.6 25 27.5 29.9 32 32.6 32.2 31.5 32.7 34.6 33.7 34 39.8 51.2 48.4 58 73.9 82.1 95.3 116.3 144.2 176.9 207.4 231.4 250.4 263.7 275.1 290.9 302.1 314 325.1 333.2 342.7 351.4 360 366.5 370.5 375.5 377.5 379.4 388.7 401 416.7 431.4 444.5 454.7 460.5 461.8 466.8 469.6 481.3 492.5 499.5 504.7 507.4 514.1 525.9 534.4 542.8 546.2 550.7 553.1 551.3 549.3 541 514.9 477.8 431.5 392.7 384.9
17 20.4 19 19.4 19.9 17.7 20.8 25.6 26.9 24.5 24.7 25.7 25 22 23.6 25.4 27.5 29.3 31.4 32.3 31.4 31 32.8 34.3 34.5 35.9 46.1 47.1 48.3 63.2 73.6 82.8 96.4 121.6 149.3 182.4 213.1 239.8 256.4 270.3 283.9 301.1 310.5 320.1 332.4 341 351.1 361.7 371.7 378.4 384.8 388.3 392.1 393.6 395.8 412.8 428 443.2 454.6 464.6 470.3 472.7 478.1 487.1 496.5 506.8 515 521.6 523.9 524.2 531.4 540.6 546.7 553.1 556.1 557.1 555.4 549.8 523.6 477.9 433.1 393.5 371.1 360.5
16.9 13.7 12.8 13.7 14.8 15.5 22.9 24.7 23.7 22.8 24.4 26.1 22.5 20.6 23.6 25.7 27.4 28.8 30.7 31.2 30.4 31.6 33.8 34.2 35.5 37.8 42.8 46.1 52.5 66.8 73.5 82 98.3 124.6 158.6 191.4 222.8 246.3 260.4 273 291 306 316.4 324.4 338 349.8 360.3 370.7 381.8 388.7 396.3 400.9 403.6 407.5 411.6 423.2 436.6 450.6 463 472.6 477.6 484.1 490.2 501.7 512.8 523.7 531.4 536.4 539.5 539.9 539.1 545.6 553.3 560.1 562.7 562.5 554.2 531.2 490.5 447.6 406 378.4 355.8 340.4
12 11.5 11.4 12.8 15.8 19.5 22.6 23.1 22.9 23.4 26.6 26.2 22.1 20.1 23.3 26.4 27.1 28.5 30 30 28.8 31.2 34.3 34.5 37.1 39.6 43.3 46.6 61.3 66.8 74 82.9 98.1 130.2 164.2 196.1 229 250.9 264.6 278.7 294.9 309.9 321.3 329.4 344.1 356.4 366.5 378.4 388 397.9 405.8 411.5 413.4 418.4 423.5 432.6 443.3 456.4 469.3 477.7 486.1 493 499.1 514.3 526.3 538.4 546.5 551.5 553.2 552.9 550.2 554.6 561.1 566.1 568.5 559.1 537.6 503 457.9 418.2 391 367.9 344.9 332.2
12.2 14 16.2 18.7 20 21.7 21.7 21.9 22 22.8 24.2 24.3 21 18.5 22.6 25.5 26.3 27.2 28.1 28.2 27.7 29.8 32 34 37.6 42.2 46.3 52.6 61.7 68.6 75.9 86 103.3 131 164.4 197.4 228.9 251.1 264.4 280.9 295.3 309.8 319 331.1 346.8 358.4 370 382.3 393.9 405.1 412.4 416 420.6 427.3 433.3 441.4 449.4 460.4 470.9 483.3 497.2 502.3 510.4 525.4 538.6 551.3 561.1 564.8 566.2 566.2 563.1 565.9 570.3 575.6 575.2 538.8 506.6 464.3 426.2 399.1 374.6 361.5 340.4 332
16.2 17.1 17.1 18.2 19 21.1 21 21 21.1 21.7 22.4 22.2 19.2 17.5 21 24.9 26.4 25.3 25.6 26.6 28 29.4 30.7 33.1 38 42 45.6 53.1 64 69 76.8 87.9 103.5 129 151.5 190.9 225.8 247.3 263.7 277.3 291.2 304.7 317.1 328.4 344.4 356 368.3 382.6 395.1 405 412.2 415.8 423.3 429.9 436.4 444.4 454.5 466.2 479 491.7 504.1 510.3 521.2 536.1 548.7 561.6 570.3 574.9 575.7 574.4 573.2 575 577.2 577 573.7 528.3 493.3 442.6 413.8 387.3 370.6 360.5 349.7 352.2
13.2 12.4 17.3 18.5 18.6 20.2 20.5 19.9 19.1 19.2 20 19.3 17.9 18 21.2 27.6 27 25.3 24.8 27.6 27.8 28.3 29.4 32.3 38.3 42.1 43.3 54.2 67.5 69.9 76.6 85.4 108.4 136.5 171.8 198.7 216.6 245.3 263 276.6 288.8 300.3 312.2 323.9 337.8 351.3 364.1 376.2 386.9 396.1 403.7 414.7 423.4 428 438.6 452.3 464.6 477.6 488.6 497.9 509.3 516.6 530.8 545.1 556.2 565.4 572.9 578.6 579.2 578.6 581.3 582.1 581.6 579.4 573.4 529.9 482.6 437.3 407.9 384.1 370.7 366.9 367 375.4
13.6 15.2 13.1 15.5 16.5 19.3 18.9 16.5 15.5 15.6 16.5 16.6 17.2 17.9 23 27 25.7 23 23 24.2 24.8 25.8 27.8 30.4 39.2 41.9 43.3 61.9 67.9 72.1 77.8 86.9 110.7 143.4 177 212.7 236.9 242 259.8 272.9 287 297.9 307.1 317.9 330.2 341.9 355.9 366.4 376.3 387.5 398.6 409 420.4 427.7 439.7 456.1 471 483.9 494.8 503.7 512.9 519.4 534.4 545.9 556.2 570.1 576.4 582 581.2 583.1 588 589.4 588.2 583.7 573.6 535 481.6 440.7 410.8 389 382.6 389.5 393.4 403.8
18.4 20 19.6 16.9 12.9 13 14 17.3 17.8 15.9 15.9 16.3 16.7 16.6 20.4 25.7 27.6 28.6 25.1 23.8 22.2 23.9 25.7 29.7 38.7 46.8 58.1 68.5 69.2 73 79.1 89.2 113.6 144.9 180.9 216.6 243.5 257.3 265 271.3 281.2 292.3 300.5 310.6 321 333.3 346.5 358.4 370.3 380.9 391.3 405.9 416.3 424.6 437.8 453.6 469.5 483 492.7 499.6 505.7 518 527.3 541.6 554.8 567.5 573.3 578.2 580.9 587.6 593.7 596.5 596.2 588.8 575.7 539 489.6 445.1 417.9 398.6 405.6 417.2 424 425.1
22.6 22.8 22.1 20.9 19.8 17.7 17.7 17.5 18.9 16.6 16.5 16.1 16.1 16.2 16.1 19.5 23.9 28.5 26.7 24.6 23.9 22.1 24.6 29.9 33.4 46.7 60.3 65.7 64.7 68.7 77.7 88.9 115.4 145.4 186.2 220.1 248.9 262.5 271.2 277.5 286.3 293.3 298.6 308.1 318.2 330.5 343.5 354.6 364.8 374.3 385.4 397.7 408.2 418.8 432.8 446.1 458 470.5 478.8 486.5 494.4 506.4 521.5 537.6 550.6 556.9 565.6 573.5 581.4 591.1 598.1 598.5 597.7 591.9 573.2 530.2 487.7 453.1 430.1 425.3 433.3 446 452.8 454.1
22.3 25.9 27.2 26.8 24.1 21.4 20 18.8 17.7 18.5 19 18.3 17.1 15.8 16.2 17.5 21.1 23.1 25.8 24.3 21.6 21 22.3 31 33.4 39.7 46.2 53.1 59.7 66.2 79 93 117.4 148.4 184.4 218.9 249.8 265 275 283.5 290.7 298.3 305.6 315.8 325.4 335.9 346.1 353.4 362.5 370.8 379.6 388.4 398.2 408.5 421.1 432.9 445 453.8 460.1 469.7 480.8 495.7 512.4 527.5 538.4 547.4 563.6 576.3 584 593.9 599.5 598.9 597.2 591.1 566.7 536.2 497.5 469 458.1 455.3 459.8 462.6 469.7 473.3
25.5 27.7 31.8 32.5 30.5 24.2 22.3 21.1 19.3 19.7 21.1 20.9 19.7 17.1 16.7 16.3 17.3 19.9 23.2 23.6 20.4 19.8 21.5 29.2 35.5 43.4 35.4 41.6 54.1 62.8 80 91.4 117.7 149.3 182.2 217.4 246.9 267.9 279.4 287.1 294.9 307.4 317.5 327.1 335.9 345.1 354.1 360.4 365.9 371.9 380.5 386.6 393 400.7 409.4 418.8 427.2 434.2 445.4 455.3 464.6 479 492.6 507.8 524.3 543.2 559.6 572.7 581.6 592 598.8 597.9 596.1 588.6 573.5 549.2 515.9 495.4 487.2 483.8 483.2 477.8 471.9 479.5
29.5 28.7 34.5 34.6 32.9 28.2 25.8 24.2 21.9 20 21 21.8 21.7 20.3 19.1 18.3 17.3 16.8 18.9 20.2 19.3 19.3 21.6 28.3 36.4 36.7 36.7 39 50.6 59.6 79.9 88.2 112.9 144.9 179.8 211.4 242.2 270.8 284.6 294.3 303.5 313.7 325.6 335.9 347.7 355.6 362.5 368.1 369.7 375.4 382.7 386.9 391.2 395.5 400.7 405.7 410 416.7 427 437 452 466.1 475.9 496.4 517.6 535.7 552.1 564.6 573 582.4 591.6 593 590.6 582.1 572.2 559 543.3 525.4 513.1 501.5 497.9 496.7 498.1 490.2
29.9 32.6 36.5 36.6 33.8 30.6 27.9 25.9 23.7 21.4 20.6 21.7 24.2 25.2 22.7 20.9 18.6 17 17.2 16.9 17.6 18.4 21.2 31 41.8 41.5 42 44.9 53.1 59.6 72.3 87.3 110.8 140.9 172.9 207.8 240.1 271.1 288.5 299.5 311.2 318.4 328.7 342 353.6 360.8 365.6 366.2 371.4 377.6 384 387.5 382.4 383.3 383.1 386.7 390.5 397 407.8 419.7 431.8 454 473.1 491.5 508.9 525.1 539.8 551.1 562.5 573.5 580.4 581.9 581 577.1 571 563.5 553.2 540.9 531 525 519.9 515 506.9 495.2
29.4 33.6 36.7 36.1 34.1 30 26.2 23.3 21.1 19.5 19.8 21.9 26.1 29.4 26.5 23.1 20.5 17.9 17.1 17.7 17.3 18 23.9 35.1 41.7 43.4 46.9 53.3 56.3 58.3 70.2 83.6 105.4 136 166.7 200.9 235.7 263.2 287.9 303.3 314.4 319.9 326.2 340.2 354.3 360.4 360.8 362.1 368.6 375.2 376.7 367.8 361.4 360.8 358.7 361.5 365.8 383 406.6 427 447 465.7 484.5 501.4 515.3 530 542.1 553.4 565.3 576.4 582 582.3 582.5 579.4 574.4 566.8 560.5 550.1 540.2 530.9 522.8 515.5 506.7 493.2
29.1 30.7 34 33.8 32.5 28.6 24.6 20.7 19.6 19.1 18.9 19.6 23.9 28.7 26.9 24.1 21.5 19.2 17.8 17.2 17.2 19 27.6 38.3 41.5 45.1 54.1 54.4 53.7 57.2 65.9 79.3 99 126 157.6 190 221.9 245.9 271.5 299.7 315.6 309.9 322.9 335.9 347.6 353.2 354.7 352 357.1 359.1 348.9 340.7 332.8 333.4 329.9 337.5 366.5 393.6 417 438 457.3 475.7 493.7 508.5 524.1 539.3 549.4 560.7 572.1 580 584.4 585.9 584.5 580.7 574.6 567.5 562.4 553 542.3 531.8 524.2 514.4 502.9 488.3
29.6 28.5 31.2 31.3 30.1 27.4 24.4 21.4 19.4 19 19 19.8 23.4 25.8 25 23.3 20.2 18.9 17.7 17.4 18.4 19.3 27.2 35.4 37.8 43.3 46.9 51.1 49.9 54.1 63.6 78.3 94.6 118.2 148.7 178.2 204.5 230 252.4 272.2 282.9 301.3 326.1 342 345.8 347.4 344.6 338.6 337.6 331.1 320.8 309 299.8 302.5 329.2 353.9 379.5 404.9 426.7 448.7 467.8 484.8 501.7 518.5 533 546.5 554.4 565.9 576 582.7 585.9 587.1 584.9 579.1 573.3 565.3 560.2 549.9 539.4 529.6 522.1 510.8 496.4 481.2
31.6 28.7 30.6 31.7 31 30 26.8 22.6 20.4 19.1 19 20 22.9 24.5 25 24.8 22.6 18.5 18.2 17.8 18.3 20 25.2 29.9 32.2 42.6 49.2 55.8 51.5 55 66.7 79 91.3 110.2 136.8 162.7 187.2 210.5 229.4 243.6 269.7 298.2 329 342.7 347.2 342.6 331.2 321.7 313 302.5 289.7 278.5 297 318.6 341.1 366.8 392.1 416.2 438.1 459.1 478.4 493.9 510.4 525.3 538 549 555.3 566 576.5 582.5 584.8 584.5 579.4 573.8 567.7 560.1 554 544.6 533.9 524.8 515.3 502 488.1 472.7
33.2 30.6 31.2 33.5 33.3 32.5 28.1 23.1 20 19 19.5 21.3 24.1 24.8 25 25.3 24.4 21.2 19.4 18.4 16.8 18.4 22.9 25.4 26.7 40.4 53.2 52.8 51.6 55.9 67.4 80.1 92.2 107.2 125.9 147.3 168.2 186.3 213.8 244 271.8 302.1 327.8 336.3 329 323.7 313.2 299.3 284.5 272 263.8 285.8 307.2 330.2 353.9 377.5 402 426 447.4 469.4 487 500.6 515.2 528.8 538.6 547.2 555.9 565.5 574.3 578.9 580.1 576.8 570.3 565.3 557.6 551.8 543.6 536 524.7 514.6 503.8 491.7 477.7 462.8
35.2 32.6 31.8 33.6 33.9 32 27.3 22.4 19.4 19.6 20.3 21.7 23.6 24.4 24.9 25.1 24.5 23 20.1 19 17.6 18 20.3 25.7 25.9 33.2 42.9 48.5 55.4 63.4 72.8 80.8 91.6 105.1 120.9 138.5 158.8 187.2 217.3 248.1 276.2 305.9 315.3 317.8 314.8 305.2 289 272 256.3 254.5 275 294.6 318.2 340.7 364.5 388 412 434.2 454.9 475.3 491.3 504.4 515.2 525.9 535.1 545.7 553.8 565.8 572.4 573 569.3 564.2 558.1 552.1 545.3 540.6 533.3 524.5 514.6 502.8 492.4 479.7 466.3 450.4
36.2 34.9 32.8 34 34.3 33 29.4 22.5 20.6 20.6 20.6 21.5 22.7 23.5 24.2 24.7 25.2 24.9 21.2 18.9 17.5 17.6 18.4 21.8 24.4 31.2 39.1 48.9 56.4 65.9 74.5 79.8 89.1 100 113.9 131 153.4 184.7 221.6 254.7 280.3 291.4 300.6 300.3 297.2 280 260.9 238.8 246.3 267 284.1 305.8 327.9 350.2 373.2 396.6 419.2 438.8 457.4 474.6 489 500.8 510.3 519.2 532.3 540 551.2 561.2 565.3 561.8 555.4 549.3 543.3 536.4 533 526.9 520.2 510.7 502.2 490.2 479 467.5 454 440
37.1 36.8 35.5 34.5 34.6 34.7 32.3 24.2 22.7 22 20.9 21.5 22.4 23 23.6 24.3 25.1 25.3 22.3 19.7 18.2 17.6 18.2 20.1 24.1 30.1 36.3 42.2 49.2 54.7 68.7 76.8 79.2 90.3 105.9 122.3 143.2 178.6 216.7 254.5 273.9 280.5 282.2 283.9 271.1 250.3 229.4 230.9 254.5 276.4 294.9 315.4 336.2 358.4 380.8 400.7 418.5 437.4 457.1 471.4 485.1 494.7 500.7 514 524 532.2 544 551.8 553.8 546.9 539.7 532.1 524.1 518.2 514.9 510.6 504.5 497.1 487.1 476.7 467 456 440.9 425.9
37.5 38.4 37.4 34.8 34.6 35.3 33.4 25.9 23.3 22 20.7 21.3 22.1 22.3 23.4 24.2 24.6 24.3 22.4 19.8 18.9 17.9 18.2 18.9 21.8 26.8 35.9 36.9 40.2 44.6 55.5 60.6 67 82.7 98 114.1 135.4 166.7 207.3 229.2 250.1 259.6 261.2 259.2 240 215.2 220.1 248.5 268.7 285.5 304.3 321.5 343.5 366.4 386.9 402.3 419.1 434 449.1 460.4 471.9 479 488.9 499.1 512.8 522.8 532.4 539.5 539.4 532.8 523.6 514.6 506.8 501.2 496.6 491.3 485.8 481.4 472.7 465.4 456 441.6 427.4 407.8
37.5 39.5 39.3 36.7 33.2 34.9 32 27 24.1 22.3 20.8 21.1 21.4 21.7 23.2 23.7 24.2 23.7 22.3 20.2 19.4 18.4 17.9 18.6 20.4 24.7 33.1 33 34.1 36 42.3 49.4 58.7 75.7 88.9 104.5 125.4 152.2 177.6 198.6 218.5 228.9 237.2 232.2 208.6 205.4 234.5 261.7 282.5 298.7 316.5 332.9 351.5 368.2 384.3 399.8 412.9 424.2 436.3 446.8 457.3 465.8 475.9 488.1 499.5 509.2 519.4 526.1 526.6 521.1 511.4 500.7 489.8 485.1 479.3 474.1 471.1 467.9 462.2 458.5 445.7 424.2 378.5 357.2
36.7 38.8 38.7 37.8 34.7 32.7 32.4 27.2 24.5 22.5 21.2 21.2 21.3 21.8 23.2 23.4 23.8 23.9 22.8 21.1 19.7 18.8 18.1 18.7 20.6 22.4 26.3 28.2 29.9 32.9 37.7 44.5 52.8 67 84.4 94.9 113.1 133.7 150.9 171.4 189.1 201.6 212.6 200.6 191.8 223 251.3 271.6 291.5 309.7 329.7 344.8 356.7 367.5 380.7 395.1 405.6 416.3 425.2 434.7 445.3 453.8 464.7 476.1 488.4 498.7 508.3 513.9 513.7 506.8 496.8 483.4 473.9 468.8 465.8 462.8 459.1 456.7 455 447.5 417.1 382.7 362.1 347.5
33.1 36.4 38.2 38.5 36.8 34 30.8 27.5 25.2 23.1 21.5 21.4 21.2 22 23.3 23.4 24.5 25 23.4 21.4 19.8 19 18.8 18.7 20.4 22.2 24.6 26.9 29.3 32 36.1 41.1 47.9 60.9 79 81.8 94.2 108.8 122 138.7 158.5 174.1 180.5 181.1 210.8 238.3 263.3 282.7 303.2 320.3 341.5 354.4 362 368.8 378.9 388.7 398.5 407.4 414.6 425.2 433.4 440.8 450.6 462.3 474.7 484 494.5 500.7 500.6 493 481.1 469 459.9 456.3 454 450.3 450.4 449.2 445.9 425.2 394.6 365.6 350.1 343.3
29.3 32.6 37.5 38.5 38.1 36.1 35.5 31.9 26.6 23.5 21.4 21.3 21.4 22.8 23.8 24.1 24.8 25.5 25.8 21.6 19.5 18.7 18.8 18.6 20.1 22.1 24.6 27 30 33.2 36.6 41 47.2 52.6 54.7 63.8 72.6 81.1 90.2 109.4 122.7 155.5 175 203.3 228.9 252.8 275.5 294.9 317.8 335.8 347.6 356.3 361.3 365.7 372.6 382.7 390.6 396.8 405.3 412.8 418.7 425.9 435.8 447.5 459.7 470 479.3 485.6 484.7 477.3 465.9 455.7 447.9 445 441.2 442.6 442.6 440.1 431.6 407.3 375.1 345.8 332.1 323.9
26.4 29.1 31.9 37.3 38.6 37.7 36.8 34.3 26.3 23.7 21.5 21.5 21.7 23.4 24 24.6 25.2 25.2 25.2 21.5 19.2 18.4 18.7 18.5 20 22 24.6 27.7 31 35.6 38.3 41.5 44.9 51.6 58.9 68.1 79.5 94.8 113.7 132 149.4 172.9 196.2 220 240.8 267.6 288.5 311.2 331.5 347.2 356.2 354.4 361.6 363.8 365.8 371.8 378.7 385.7 392.7 398.2 403.1 410.6 420.8 432.6 444.5 453.5 462.9 468.7 468.3 461.2 453.8 444.8 435.2 431.9 432.6 433.2 433.3 430.8 413.3 382.8 351.6 322.4 314.2 310.2
26.4 29.8 35.5 38.3 39.2 38.2 36.3 33.9 25.5 23.5 21.8 21.7 22.5 23.1 23.1 23.5 23.8 23.9 24.9 21.4 19.1 18.6 18.7 18.8 19.4 21.8 24.1 27.8 32.3 36.5 38.8 40.8 44.8 51.5 56.8 62.9 75.6 93.7 110.1 132.1 148.7 166.9 190.4 211.1 240.6 272.5 291.8 321.1 336.6 344.9 346.3 346 351.5 355.5 359.4 363.1 366.7 372.3 378.3 383.1 389.1 397.3 405.8 417.4 429.4 437.4 446.2 452.3 451.8 449.7 442.4 431.5 423 420.9 421.1 424 424.7 420.1 391.9 358.1 323.7 304.6 301.1 296.1
30.1 35.7 39.8 40 40.1 38.9 34.9 26.9 24.1 22.3 22.1 22 23 23.7 24.1 24 23.5 24.5 24.3 22.5 20.4 20 18.4 18.6 19.4 21.3 23.3 27 31.2 34.4 36 37.2 40.2 44.4 49.9 58.9 74.4 91.3 100.8 115.3 134.9 156.1 174.9 199.7 230.9 260 287.6 310.3 328.7 334.8 336.9 338.4 341.4 343.4 347.6 351.3 354.1 356.6 360.8 365.8 375.3 385.4 394.4 404.4 416.1 425.3 433.8 440.3 442.5 439.4 431 421.1 409.5 406.8 409.5 412.5 414.1 407.9 377.7 330.1 304.2 291.7 289.4 288.2
33.1 36.3 39.8 40 40.4 39.9 37.1 29.8 25 22.6 22.4 22.7 23.5 24.1 24.6 25 23.9 25.6 24.7 24.1 22 19.1 18 18.1 18.8 20.2 22.6 25 27.8 30.1 31.2 33 35.6 38.5 43.6 55.7 70.2 82 90.4 103.7 119.7 140.6 164.1 187.7 216.4 246.3 270.6 290.1 312.4 319.1 324.1 325.7 326.8 329.8 334.2 337.9 340.3 340.1 342.9 351.1 362.3 371.7 381.6 392.7 407.2 420.1 430.7 435 434.5 429.8 421.7 408.3 394.1 386.8 392.3 398.3 400.6 398.1 362.5 314 295.1 281.3 277.6 279.2
34.5 36.8 39.5 40.2 40.7 40.8 39.2 31 26.5 23.8 23.6 23.5 24 24.6 25 25.4 24 26.1 25.3 25.2 21.4 18.2 17.5 17.8 18.3 19.4 21.8 23.8 25.6 27.1 28.6 29.8 31.4 33.3 37.2 48.9 63.1 73 81.5 93.4 112.5 129.1 150.1 174.8 200.7 226.8 253.3 272.3 301.2 307.8 309.7 312.9 313.2 316.3 321.8 324.2 322.2 321.8 322.6 338.4 347.6 359.1 374.8 390.2 404.5 415 423.2 427.3 427.5 423 409 393.2 375.7 359.8 370.3 380.2 390.3 388.3 355.1 302.5 284.5 273.1 268.5 259.4
18.7 35.3 39 40 39.3 41.3 40.6 37.2 30.1 27.4 25.7 25.8 25 25 25.4 25.9 23.4 24.5 23.4 23.5 21 17.5 17.4 17.7 18.2 18.5 20.1 22.1 23.8 25.3 26.7 26.9 27.6 29.4 32.6 43.2 57.7 67.1 75.2 83.4 96.4 113 133.2 158.4 183 205.4 229.2 253.4 280.6 289.5 292.5 296.6 297.7 302.8 308.7 309.1 304 301 312 320.4 343.6 357.6 370.6 384.9 398.1 407.9 415.8 416.9 418.2 412.8 396.2 372.9 349.9 333.6 352 368.9 380.5 380.7 348.2 295.9 278.5 266 258.8 252
5.1 29 40.2 40.7 42.6 43.3 41.5 38.1 32.8 29.6 28.9 27.5 25.7 25.3 25.8 26.1 23.2 22 21.2 21.1 20 17.6 17.3 17.6 18 18.4 18.6 20.2 22 23.8 24.7 24.5 25 26.4 30 37.2 50.6 60.2 67.6 76.3 87.1 101 116.6 139.9 163.9 186 205.7 230.7 253.1 268.9 273.5 278.3 282 288.4 292 288.1 282.1 288.3 304 320.5 338 350.8 359.9 374.2 388.3 396.4 402.8 406.6 410.7 400.8 373.8 348.7 322 314.2 339.9 360.4 371.8 373.9 342.5 289.1 271.4 259.4 253.4 243.9
