GeneralExemplars/GeoExemplars/data/LakeDistrict/terrain-50-dtm_3563996/sd/SD18.asc
ncols 200
nrows 200
xllcorner 310000
yllcorner 480000
cellsize 50
[rows 38 to 75 of 200, columns 84 to 167 of 200]
308.9 318.7 331 341.8 351.7 360.5 367.5 375.8 383.7 391.4 397.2 402 405.9 410.6 413.6 415.3 415.5 416.6 417 417.9 419 419.2 419.9 422.9 424.4 426.3 428.8 431.3 433.2 435.8 441.5 443.2 443 442.3 436 428.8 415.9 404.9 382 362.8 348.8 335.3 321.5 307.6 293.9 282.9 278 275.5 265.3 254 243.7 238.5 233.3 226 221 215.9 210.5 210.9 209 204.4 202.6 200.5 197.9 194.4 190.4 184.8 178.6 174.5 164.8 152.2 166.2 174.2 175 172 165.9 160.2 156.7 147.8 150.5 155.2 169.1 184.6 196.9 199.6
316.6 322.2 324.6 326.4 343.7 355.7 364.9 374.8 384.3 392.1 397.9 402.7 406.5 410.4 414.1 416.9 418 419.1 420.4 421.3 422.8 424.6 425.8 428.4 431 433.4 437.8 442.4 446 449.4 452.5 453 446.8 438 424.7 406.7 381.7 369.2 356.6 343.4 334.4 321.4 308.3 297.3 278.4 270.2 264.3 255.1 248.3 242.1 239.2 234.4 228.3 223.3 218.2 213.4 208.8 208.8 206.9 205 204.1 202.2 200.1 196.4 192.3 186.4 179.8 174.5 166.5 154.4 156.5 170.4 170.5 164 160.3 154 146.6 142.3 149.4 160 171.6 188.3 194.5 195.9
332.7 335.9 339.4 344.6 348.4 350.5 363.5 373.9 382.8 390.1 396.1 401.6 405.8 410.3 414.1 418 419.8 422 424.3 425.9 427.6 429.2 430.9 432.7 436 439.3 444.6 448.3 450.9 452.5 453 447.7 434.9 416.7 396.5 377.5 362.8 350.4 339.4 329.2 319.4 307.1 297.7 287.2 274.1 261 253.5 245.3 239.4 237 234.9 229.6 224 220.9 216.6 211.5 207.7 208.6 206.6 205.4 204.6 204.2 202.1 198.4 193.9 188.4 182 177 173.1 158.9 151 154.3 160.4 155.8 155 146.1 140.9 140.5 146.7 160.2 168.4 186.6 190.5 192.5
343.8 346.8 351.4 355.5 359 363.2 366.9 369.4 378.6 386.2 395.2 401.3 406.5 411.6 415.7 419.7 423.4 426.5 428.9 430.8 432.5 434.5 436.3 436.7 439.8 442.3 445.4 446.8 446.5 444.4 437.3 426.8 410.5 390.7 374.8 360.5 346.8 335.3 323.6 315 305.4 295.6 285.4 276.2 268.6 258.9 242 237.1 234 232.9 230.3 224.4 221.8 219.1 215.4 209.4 206.1 206.5 205.4 205.3 206.4 205.9 204 200.3 196.1 190.8 184.8 179.9 174.2 165.9 152.9 145.9 145.9 145.5 146.7 140.7 139.3 138.3 143.4 154.8 166.5 179.1 186.2 196
353.1 357.2 360.4 364.8 369.1 373.6 377.5 380.2 375.7 386.5 394.9 402.2 408.4 413.4 418.5 423 427.1 430.5 433.8 436.6 439.3 440.8 441.4 442.1 442.1 442 440.9 438.1 434.4 428.8 416.8 402.4 386.5 372.5 362.7 348.5 334.8 322.2 309.7 297.9 291.4 282.3 272 265.3 258.9 246.1 236.7 230.7 228.2 228.5 225.4 221 219.2 216.4 212.1 206.6 205.4 205.7 205.2 206.8 207.7 207.9 206.1 203 198.4 193.1 187.7 183.1 177.9 174.1 164.9 149.3 139.1 140 139.5 138.5 136.5 135.3 141.3 150.8 162 177.7 188.9 194.3
360.5 364.1 368.9 373.7 378.8 382.7 387.3 390.1 389.1 382.3 393.5 401.9 409.4 415.8 421.4 426.6 431.6 435.2 439 443.4 446.9 447.2 446.9 444.5 443.1 440.6 435.6 428 419.4 407.8 392.7 380.9 368.7 359.3 347.4 334.6 321.4 309.8 297.2 284.3 272.4 264.9 257.1 252.6 247 239.6 230.9 225.4 222.3 221 217.8 217.3 217 217.3 212.1 205.8 204.3 205.2 206.1 208.2 209.2 209.9 208.5 205.5 200.9 195.9 191.6 187.9 182.1 176.9 169.4 158.7 148.3 140.1 131.8 135.6 134.4 133.4 138.3 146.7 160.8 170.6 183.2 190.5
366.3 371 376.1 381.2 385.9 391.6 396.5 399.7 400.3 398.6 396.7 401.1 409.6 418.1 423.8 429.4 434.9 440.1 444.8 449.9 453.1 454.3 452.1 448.6 444.6 438.7 425.9 405.7 395.3 384.5 372.3 362 351.2 340.6 327.7 316.5 306.6 294.9 284.8 276.1 266 254.9 248.8 245.5 239.1 232 226.7 220.1 215.6 213.2 211.8 211.8 213.8 217.2 213.2 204 204.3 206.4 207.2 209.5 211.4 212.2 211.3 209.4 204.9 201.6 196.2 192 186.3 179.2 171.3 161.8 155.6 154 145.7 130.7 132.3 132 133.4 140.9 149.1 161.9 177.1 182.3
370.9 376.8 381.2 386.1 392.7 398.9 404.5 407.3 408.5 408.2 406.8 407.5 411.3 419.6 426.8 433 439 444.9 451.9 456.5 459 459.2 457.1 452.3 447.2 438.1 414 387.5 372.5 367.3 352.1 339.5 329.7 324.2 306.2 293.2 284.1 277.1 268.3 258.6 251.9 243.2 238.1 235.4 227.6 223.8 220.2 212.5 209.7 207.3 204.6 203 210.9 215.1 208.9 201.6 203.9 206 209.1 212.3 213.3 214.2 215 214 210.8 207.1 203 198.8 193.6 184.8 173.9 165.5 159.3 153.7 146.1 139.4 128.4 131.7 129.9 135.4 141.2 152 163.7 172.1
375.3 381.5 385.9 391.8 399 405.2 410.9 413.1 414.6 415.1 415.1 417.1 418.8 423.9 430.8 438.2 445.1 453.2 458.7 461.8 463.4 463.2 460.4 456.3 450.5 440.2 417.4 382.9 367.2 351.4 332 324.5 311.6 304.3 293 285.1 279.4 272.8 267.9 267.2 265.5 266.1 255.2 254.8 245.6 229.6 215.7 202.2 202.4 201 196.3 196.7 205.5 202.9 201.2 200.5 204.7 207.5 211.3 213.7 214.4 215.6 218.4 218.8 218 214.6 210 205 199.2 189.7 177.3 167.2 161.3 157.2 149.8 141.1 135.2 133.4 128.8 131.4 135.6 146.4 157.6 170.1
378.8 385.8 392.1 398.5 405.1 411.4 415.4 418.5 420.8 422 422.5 424.2 426.2 430.6 436.1 443.7 450.5 457.1 462 465 466.1 466.7 465.8 459.4 453 444.4 423.7 389.8 372.4 361 339.6 322.5 318.8 312.8 312.5 312.2 308.2 295.1 300.8 299.3 295.7 288.9 280.3 271.1 261.2 250 236.9 218.5 195.9 194 190.7 191.2 197.7 196.1 196.1 199.7 205.9 210.4 213 214.6 215.4 217.4 220.4 221.8 223.3 222.9 217.1 211.6 204.2 193.8 180.9 170.2 165 160.7 151.9 145.1 138 130.9 125.6 126.3 131.1 142.7 153 167.4
382 389.6 396.9 403.9 410.2 416.1 420.3 424.9 427.2 428.6 428.9 430.6 433.1 437.6 442.2 448.1 454.3 459.7 463.8 466.5 467.5 467.7 466.1 461.1 455.5 448.7 433.3 405.2 381.2 368.5 354.8 347.1 340.7 337.7 337.2 336.4 333.4 325.9 325.4 321.8 313.1 303.4 293.9 284.8 271.9 258.9 243 224.2 204.1 192 187.8 185.8 189.3 188.8 193.7 204.1 213.3 213.9 215 216.2 215.9 218.7 221.6 223.9 226.9 234.4 227.4 219.2 209.3 198 184.7 174.1 166.2 161 154 148.5 142.3 135.6 126.3 121.2 128.9 135 147.9 160.8
385.9 393.1 400.2 407.9 414.8 420.9 425.7 429.8 432.6 434.2 436.4 439.8 442.9 445.6 448.4 452 456.6 460.9 465 467.2 468.2 468 466.1 460 455.1 449.9 439.2 424.2 403.6 389.7 378.1 368 364.1 359.8 359.6 356 350 344.8 340.4 335 327.2 319 310.1 296 283.4 268.9 250.5 228.3 207.9 194.7 187.8 183.4 184.3 186.4 190.1 202.6 215.7 216.2 217.6 217.7 215.2 219.6 224.2 228.9 240.3 250.1 245 232.3 218.8 203.6 188.8 178.7 169.4 164.6 157.9 150.2 146.6 140.5 126.3 116 128.1 129.3 140 155.4
388.4 396.3 404.8 413 419.5 425.8 430.7 434.5 437.2 439.6 443.1 446.9 449.4 451.2 454.1 457.3 460.4 463.5 466.3 468.4 469 468.5 465.9 458.9 448.7 444.5 435.6 425.4 415.6 406.9 397.8 388.1 381.9 379.8 378.4 374.2 368.5 362.7 358.4 352 345 334.3 321.3 305.8 289.8 275.4 255.3 230.2 211 196.9 188.1 182.5 178.6 181.5 186.2 196 210 215.1 215.9 214.3 214.1 221.9 230.7 239.9 250.6 263.6 261.1 245.2 228.5 206.9 192.1 181.1 171.3 165.2 159.4 151.9 148.3 138.9 126 112.5 122.2 128.8 134.4 145.3
390.7 400.4 409.9 419.2 425.4 432.8 437.1 439.2 443.2 446 448.3 451.4 453.3 455.9 459.6 462.2 464.2 466.6 468.7 469.9 469.6 468.6 466.2 458.5 442.3 426.2 426.5 421.3 417.8 414.6 412.1 406.5 398.9 392.4 388.9 386.2 381.9 379.3 374.9 369.1 358.9 348.2 334.3 315.1 295.8 277.4 260.6 237.2 219.7 198.7 188.8 182.7 178.8 176.6 182.8 188.3 199.7 213.1 212.9 209.4 213.8 225.6 237.5 247.7 260.2 274.1 267 253.6 234.2 207.9 194.4 181.7 176.5 167.8 162.1 155.5 143.9 133.5 126.9 112.2 116.8 123.3 130.5 135.4
394.7 404.8 415.1 423.5 431.7 437.8 440.8 444.7 448 449.8 451.1 453.3 455.4 458.3 461 463.7 466.1 468.6 471 470.5 469.8 469 464.7 451.9 434.5 403.6 406.4 412.1 415.2 414.7 413.5 411.2 405.5 396.8 392.3 389.5 387.9 389.5 389.3 383.1 372.3 360.1 341.3 320.4 304.3 285 264.6 253.5 228.8 199.5 192.5 183.2 178.9 174 180 183 187 205.1 207.2 205.2 211.3 226 242.1 253.5 266.1 277.1 268.2 257.5 236.2 209.1 193.4 183.1 177.2 168.1 161.7 153.9 140.2 130.6 126.7 114.1 110.4 115.9 120.1 129.5
398 409.2 417.3 428 436.1 441.3 444.9 448.5 450.3 451.8 453.3 455 456.7 459.5 462.4 465.6 468.2 470 470.5 469.4 467.8 464.2 452 414.8 393.7 384.9 381.7 390.8 401 406.1 406.6 405.3 399.8 393.2 389.5 389 390.7 394 393.2 389.4 379.2 365.3 352.6 335 313.8 295.6 279.7 263.6 235.3 203.8 192.8 183.6 178.9 173.2 175.5 180.5 182.8 193 200.3 200.3 207.8 223.4 239.4 260.5 274.1 279 269.8 254.4 235.1 207.2 192.6 185.4 175.7 167.6 163.6 151.5 135.3 130 126.9 117.8 105.8 109.4 119.4 134.6
400.3 411.5 421.7 431.8 439.6 444.7 448.6 450.9 452.2 452.8 452.5 454.4 456.6 460 463.6 466.5 468.2 469.5 469.2 467.2 462.9 455.7 436.5 400.4 377.1 371.8 363.9 371.3 384.5 391.4 394.1 392.6 390.2 385.5 384.6 386.3 389.6 390.2 390.3 389.1 384.2 371.8 355.3 338.9 319.8 303.9 286.4 271.3 242.4 208.6 195.3 186.4 178.9 173 172.7 176.3 179.5 183.9 189.3 194 204.2 220.4 240.2 263.7 278 278.4 268.8 252.1 233.2 203.6 190.5 183.7 172.4 166.3 160.2 147.8 136 127.3 126 119.4 112.7 103.3 118.1 129.4
402 412.3 424.9 434.5 442.2 447.5 450.8 451.8 452.5 451.7 450.3 451.4 454.6 459.3 462.3 465 466.8 467.1 466.1 462.2 455.5 445.3 431.4 393.4 371.8 355.7 350.2 355 364 372.4 378.3 378.4 377.2 375.3 377.2 379.6 384.6 388.1 389.7 391.6 381 367.2 353.7 335.7 321.5 303 288.9 274 247.1 214.8 197.5 188 180.6 173.7 166.1 172.3 174.3 178.9 183.1 187.2 197.9 218.1 240.6 258.4 271.1 262 251.8 242.2 220.1 200.1 189.6 181 172.3 164.5 156.2 143.7 135.9 129.5 122.7 119.4 116.1 101.6 113.4 124.5
408.8 417.6 426.4 435.6 443.5 448.8 450.3 451.4 450.8 448.2 445.9 446.9 450.6 454.9 458.8 461.7 462.9 463.8 462 456.4 445.8 434.9 421 399.9 376.2 354.1 340.9 340 344.7 355.6 360.5 362 361.7 361.2 363.3 368.6 374.1 378.4 381.7 380.2 372 358.1 346 332.7 317.7 300.4 286.3 270 253 225.6 205.9 191.6 182.1 175.2 167.8 165.3 172 175.8 178.6 182.7 189.5 208 230.6 241 249.1 249.3 246.9 241.8 213.8 198.9 188.3 181.3 173 164.3 158.2 143.4 134.7 130.3 121.7 117.6 114.8 104.7 106.5 119.4
416.1 424.5 431.5 435.2 444.5 447.8 449.6 449.9 448.5 444.1 432.7 438.2 443.7 449.5 455 457.5 458.7 459 455.1 447.7 438 425.6 411.2 393.5 374.4 358.8 341.5 332.3 334.5 338.8 344 345.6 347.3 346.9 348.8 353.5 357.5 360 363.8 362.8 351.3 347.2 336.6 324.3 306.7 293 279.1 268.1 247.9 224 211.4 194.1 183.2 176.7 169.5 156.7 165 171.9 174.4 177.9 185.1 194.2 208.3 221.3 234.3 239.7 244 239.9 211 198.5 188.6 184 172.9 164.5 153.7 144.3 135.9 128.4 121.5 116.7 112.7 104.5 101.7 112.8
425.8 432.8 439 441.5 442.9 446.9 448 446.7 443.4 435.4 415.9 423.3 436.4 443.1 447.9 451.8 452.7 451.7 447.9 441 431.4 419.1 404.9 386.7 366.6 352.8 338.6 331.4 326.7 321.6 326.1 328.7 330.7 331.9 332.5 336.8 340 343.5 343.2 336.9 335.9 331.1 322.5 308.2 295.4 283.1 273.4 259.5 237.9 220.6 210.3 198.1 184.6 177.9 171.4 161.9 157.8 163.5 167.9 172 180 187.9 195.4 205.7 217.3 228.2 237.7 230.5 208.3 195.6 189.9 183 171.3 162.2 148.9 140.3 133.1 127.7 121.5 116 112 102.4 95.8 106.7
435.6 441.2 443.9 445 444.5 445.8 445.9 443.1 438.8 424.8 397.2 407.1 424.9 436.3 441.1 444 444.6 444.5 440.7 435.2 425.9 413.7 399.6 382.8 364.8 346.7 331.8 320.1 310.1 310.1 308.2 310.9 315.6 315.2 318.1 322.1 324.6 325.1 325.1 324.9 324.2 317.3 308.6 298.1 287.6 273.4 263 245.8 220 209.6 204.2 200 187.8 177.8 171.2 161.6 148.3 156.4 159.4 164.3 172.4 179 185 194.4 201.2 216.9 228.5 221.4 202.5 191.4 189.4 172.4 171.7 157.3 145 135.6 128 128.3 121.2 113.8 108.7 99.6 94.4 101
444.2 445.8 447.1 447.4 446.8 445.3 442.2 437.8 427 400.7 384.2 392.7 412.2 428.2 435.1 436.8 438.2 437.7 435.6 430.6 422.2 411.8 398.7 385.4 370.6 354.8 340.7 324.5 311.4 301.9 297.3 295 296 300.7 304.5 306.3 307.4 310.6 310.9 311.9 311.1 307 299.9 288.6 278.5 266.7 251.8 234.1 210.6 196.8 192 196.2 186.5 176.5 170.5 162.9 154.9 143.6 149.7 157.1 163.2 170.4 177.2 182.6 188.2 204.2 221.8 210.7 191.9 188.4 178.8 174 167.9 152.5 139.9 130.4 128.6 126.2 117.4 109.9 106.2 97.6 92.9 97.7
450.5 450.1 449 448.8 446.2 442.6 436.3 412.9 390.1 375.1 359.8 381.1 402.7 421.2 429.8 432.7 434 434.1 432.4 428.8 422.8 415.5 404.5 391 376.3 358.8 341.3 324.7 321.4 315.6 305.8 294.7 276.5 284.9 290.5 293.3 295.4 296.4 298.7 299.2 297.7 295.9 289.3 277.4 266 254.9 240.4 222.1 206.9 200.3 183.8 183.6 180.8 175 170.7 164.1 155.8 147 139 150.6 155.3 164.5 171.5 175.3 180.9 196.2 211.5 196.4 185.2 181.2 169.6 174.6 160.9 145 133.9 124.7 127.2 120.6 111.7 109 103.6 96.2 89.7 95.6
456.1 454.5 452.3 449.5 445.4 437.3 407.2 383.3 365.1 353.1 341.8 371.4 397.2 416.9 427 431.5 432.7 432.2 430.3 427.2 424 416.8 406.5 393.8 375.5 353.1 346.8 345.7 336.7 328.5 318 305.9 282.5 261.6 268.6 281.4 280.1 281.2 284.4 283.9 282.4 278.1 270.1 263.2 252.5 242.2 229.7 210.5 201.5 196.4 179.5 178.1 177.2 173.6 170.3 164.6 157.4 146 134.1 143.5 148.5 160.1 167.8 170.2 173.2 187 195.3 185.3 180 163.8 175.7 169.5 151 137.5 126.9 124.8 119.4 113.1 109.1 106.7 102.2 94.4 89.9 94.9
461.1 458.7 454.9 451.2 443.5 406.7 380.7 359.9 341.9 325.9 338.8 364.1 390.8 412.3 423 428.4 431.6 431.5 429 425.4 421.9 415.5 406.1 391.6 381.6 374.5 368.5 360.6 352.1 342.1 329.5 312.8 299.7 282.3 258.7 251.9 260.8 265.3 265.4 266.3 263.4 261.7 255.8 250.3 239.4 231.9 217.3 198 190.2 181.4 175.2 176.6 177.2 173 168.6 164.6 157.8 147.2 129.8 135.7 142.9 149.5 157.5 162.1 166.9 177.3 183.5 177 162.2 167.7 171.6 157.9 143 131.7 121.7 119.6 112.3 108.1 107.5 104.2 99 91.2 88.3 94.5
466.1 463.2 458.3 452.9 420.8 384.2 359.2 338.8 322.6 310.3 331.7 357.3 383.2 404.3 416.8 424.2 428.6 429.7 428.5 425.2 420.8 415.4 408.5 402.9 397.5 391 383.5 375.9 367.9 357.4 339.8 330.2 316.7 300.4 280.7 259.2 226.3 232.1 234.2 241.4 246.9 246.1 242.6 234.7 229.5 221.2 205.7 188.8 180.7 173.2 171.1 174.8 177.1 171.2 166.5 163.7 158.2 152.1 131.2 126.4 135.8 142.3 145.3 153 160.7 171.1 175.9 169.2 150.4 166.1 160.9 149.9 136.5 128 120.5 113.2 106.6 107.3 106.9 101.6 95.7 90 88.5 92.7
471.2 467.2 461.7 444.7 404.7 371.5 344.5 323.9 305.9 303.5 322 346 374.3 395.7 408.9 418.6 424 426.5 427.4 426.6 423.7 418.8 415.2 412.5 408.2 404 395.7 388.1 378.9 366.8 356.2 345.9 331.7 315.3 294.9 274.9 234.3 221.4 205.3 208.8 221.8 233.3 232 227.5 220.2 212.8 201.2 182 172.5 168.5 167.5 170.6 170.2 167.8 164 160.8 157.6 151.5 138.8 119.8 127.4 133.6 137.7 143.5 151.2 160.3 163 155.3 145.2 159.9 150.9 143.1 132.6 125.5 114.9 108.8 105.9 106.8 106.5 100.3 94.1 88.1 87.5 91.5
475 470 464.1 433.9 397 361.2 334 312 291.7 297 312 334.2 362 384 400 410.2 418.6 423.3 425.9 426.1 425.1 424 419.9 416.6 415.3 410.5 400.2 392.6 383.9 373 365.6 354.9 337.2 311.1 287.7 271.5 267.1 252.7 232.4 206.8 193 203.1 206.8 213.4 208.9 202.9 193.5 176.3 167.4 164.4 164 164.9 166.6 164.5 161 158.2 153.9 149 142.4 120.2 121.7 128.3 131.7 136.1 141.6 144.8 142.7 135.1 147.9 149.4 142.9 135.2 125.2 119.4 110.6 104.7 105.5 106.6 103.9 97.2 90.4 84.8 87.3 91.5
476.9 470.6 463.8 433.4 387.1 357.7 333.5 307.2 280.8 285.8 301.4 322.7 343.7 366.7 383.9 397.7 409.2 417.1 422.4 425 424.8 423.6 422.3 419.7 413.8 409.4 401.4 395.4 388.3 377.1 365.8 344.2 334.7 328.7 321 310.6 296.7 279.5 256 229.9 202.9 179.1 180.8 189.3 187.9 184.3 182 169.8 162.8 161.2 159 159.6 160.6 159.7 158.7 156.4 151.8 145.9 140.8 124.3 114.1 122 125.9 127.9 133.2 133.1 129.4 135.5 144.5 141.6 135.6 129.3 120.3 112.9 104.4 103.4 106.2 105.7 99.6 92.7 84.9 84.3 87.1 89.2
477 469.5 460.5 430 389.2 362.8 329.1 300.3 277 269.5 285.5 304.6 322.8 344.8 365 384.2 397.2 407.3 415 420.9 422.3 422.2 420.9 419.5 413.3 406.8 399.9 393.2 385.7 368.5 368.6 364.7 357.2 350.6 339.2 324.3 310.5 294.2 281 254.6 225.4 199.4 179.4 165.6 161 161.2 165 162.4 158.4 157.8 155.2 155.9 156.6 157.3 156.3 154.5 149.6 142.8 137.5 128.7 113.3 114.8 119.7 120.5 124.9 129.1 135.3 139.6 138.5 134.9 130.3 125 117 107.8 100.5 103.4 105.9 102.1 95.8 89.1 84.4 86.1 89.2 91.7
472.1 463.5 452.8 427.7 397.4 365.4 328.7 294.6 271.7 250.9 266.8 282.4 300.4 322.2 344.1 362.1 381.9 396.7 406.1 413.2 415.9 418.6 418.5 416.2 414.3 407.7 401 392.9 385.4 379.9 374.1 370.1 369.8 363.8 351.6 333.2 317.7 305 291.5 267.6 241.8 218.4 196.4 181.7 167.1 149.9 155.4 152.9 152.5 152.3 150.7 150.4 152.5 154 153.3 150.6 146.5 139.6 133.2 123.9 111.8 109.2 114.9 118.8 124.4 129.5 136.3 136 136 131.3 122.9 116 111.1 102.7 101.8 104.1 103.7 98.3 89.5 84.7 84.8 90.3 93 94.3
466.6 458.4 444.1 411.3 386.2 377.7 329.6 287.4 262.2 245.5 252.1 265.1 280 299.1 318.5 340.9 364.1 384.5 395.6 404.5 409.5 412.9 415.4 415.6 414.9 411.6 405.1 396.4 388.4 380.3 374.9 374.4 372.5 371 357 335.6 325.9 313.3 296.4 274 256.7 235.9 216.2 200.3 178.5 161.4 140.1 148 147.4 146.8 144.9 146.1 149.3 150.4 146.9 146.3 142.9 135.2 128.1 114.9 107.9 103.2 107.7 112.7 120.3 129.3 129.5 132.8 133.5 127.8 119.4 109.2 103.6 98.8 101.2 102.9 98 88.3 87.5 77.3 86.2 91.9 95.1 96.3
461.1 449.2 413.6 378.7 359.6 341.5 311.9 277.8 257.7 241.9 238.1 249.8 262.5 277.9 295.8 317.4 340.1 364.3 380.4 392.7 400.3 409.9 415.3 415.9 414.9 412.8 405 398 388.7 379.7 373.3 366.5 362.6 358.1 343.6 330.6 322.7 307.7 287.7 273.3 259.5 243.4 229.2 211.8 191.5 172.1 145.8 140.9 143.3 141.2 141.1 143.2 145.6 143.2 141.4 138.3 137.4 131.9 123.2 108.3 104.9 101.3 103.3 109.6 116.9 121.4 125.8 130.1 129.3 125.3 119.7 104.3 97 98.4 99.5 98.5 90.5 89.9 85 76.6 89.7 92.4 95.2 101.4
453.8 424.4 380.5 358.1 338.4 319 295.8 274.8 258.9 241.8 234.8 232.8 245.6 258.3 275.6 294 315.8 339.4 359.4 376.6 391.4 402.5 411.1 415 415.1 412.9 404.7 395.4 386.3 377.1 371.2 364.8 355.4 345.3 331.9 322 307.5 294 281.2 269.4 254.2 240.4 226.3 210.9 195.6 179.9 157.6 129.8 137.9 133.7 137.4 138.6 139.3 138.7 137.7 135.9 132.2 128.6 115.6 105.9 101.7 99.2 99.6 102.3 116.7 122.2 125.6 128 128.1 123.4 114.3 97.7 95 95.4 95.8 93.6 88.3 87.7 81.3 77.8 86.9 88.6 94.3 103.5
448.2 414.9 378.9 346.4 324.7 307.1 280.9 266 259.2 250.2 241.6 228.2 230.8 242.6 255.5 272.7 294.7 318.2 337.7 362.1 381.1 396.8 407.7 414.9 415.8 413.5 403.7 393.2 383.7 374.3 365.8 357.5 349.3 337.7 325.6 307.8 295.8 287.1 272.7 262.6 245.2 232.7 220.9 206.8 195.9 179.5 162.1 146.8 119.4 128.8 132 133.5 134 134.6 133.1 131.5 127.9 120.5 110.8 106.8 98.4 96.6 95.1 102.3 115.9 118.8 125.8 128.8 124.8 118 102.8 96 94.6 91.2 89.1 84.9 86.9 87.2 75.2 77.9 81.6 86.9 94.8 99.1
439.5 407.3 379.3 351 334 318.3 296.9 282 268.7 261.1 250.7 240.9 222.6 227.2 238.8 251.1 269.4 295.9 320.6 348.2 373.4 391.3 404.9 414.3 416 412.5 401.4 392.4 382.4 372.5 359.7 347.7 338.1 325.2 315.4 303 283.1 274 265.8 256 234.9 223.4 211.1 196.1 182.3 170.4 159.2 145.4 128.6 115.9 124.4 126.5 127.4 128.9 129.8 129.4 124 114.6 112.6 104.5 95.9 93.8 93.8 98.6 109.6 118.3 127.8 125.9 117.9 108.1 95.3 95.9 92.8 87.5 81.8 84.8 86.8 83.3 67.4 77.8 82.3 84.7 90.8 92.6
443 415.9 395.4 380.8 369.4 344.2 322.5 303.7 290.9 277 265.4 253.9 236.7 219.6 219.3 233.2 249 275.8 308 338.3 365.6 384.7 399.1 409.6 412.4 405.2 399.1 393.2 382.3 368.1 353.8 338.8 324.8 315.6 303.8 289.4 271.7 262.2 253.9 238.7 222.5 211.1 194.9 181.2 167.6 160.1 148.3 140.5 127.2 111.6 120.5 121.4 118.6 119.5 127.3 126.1 114.6 108.9 107.4 101.1 92.9 91.6 90.9 95.3 107.9 120.2 126.3 120.6 113.3 101.9 95.2 92.6 88.9 82.7 81.7 82.6 82.6 77.2 65.6 78.4 82.6 85.4 86.2 84.9
