GeneralExemplars/GeoExemplars/data/LakeDistrict/terrain-50-dtm_3563996/sd/SD19.asc
ncols 200
nrows 200
xllcorner 310000
yllcorner 490000
cellsize 50
[rows 72 to 107 of 200, columns 80 to 159 of 200]
194.8 194.1 191.9 191.4 191.7 195.3 198 202.5 208.2 214.4 219.4 227.2 239.9 258 269.8 283.6 291.9 294.6 293.8 291.3 292.3 287.8 285 283.2 284.8 296.6 299.7 315.7 324.9 331.5 332.3 331.8 335.1 328.1 313.2 304.9 296.9 289.9 286.9 282.8 282.3 277.7 273.3 272.6 273.9 274.7 274 272.3 271.7 272.8 271.4 267.2 260.8 254.8 250.8 246.9 243.8 242.3 242.4 242.8 243.7 243.2 242 247.8 252.3 254.6 251.7 247.7 245 241.9 240.6 239.4 238.3 237.1 235.3 235.1 236.3 237 238.2 234.9
191 190.2 189.8 189.4 190.1 194.1 199.2 204.3 212.3 220.6 224.5 238.5 257.9 270.1 280.4 296.2 310.7 307.8 304.7 304 299.7 295.1 292.1 293.7 296 311 313.6 326 337.9 347.2 347.1 345.2 336.5 326.8 316.4 307.4 300.1 297.5 294 288.7 287.1 283 277.9 278.7 285.8 284.8 284 282 276.3 274.1 273.7 270.8 265.9 259.5 254 248.5 245.2 244.4 244.5 244.6 246.9 246.9 248.5 254.9 257.6 256.7 254.9 251.7 249.3 245.8 243.4 242.4 241 238.4 236.6 235.1 234.1 235.5 236.9 233.9
188.4 188.1 187.5 186.9 187.9 192.8 199.3 208.4 216.9 226 232.8 247.9 261.6 279.6 295.3 304.3 310.4 317 317.4 317 309.2 305.3 303.9 303 306 317.4 327.2 335.4 345.8 356.6 356 353 345 331.6 319.5 311.8 307.1 303.9 302.8 301.1 292.5 286.5 282.1 282.5 285.7 289.4 292.8 290.2 285.2 278 275.7 273.3 270.5 267.9 264.2 255.7 249.6 247.5 247.7 248.3 249.4 250.2 252.7 254.8 256.2 257.6 257.5 255 253.1 251.1 248.3 246.6 243.9 241.5 239.8 238.6 235.9 233.3 233.1 237.1
185.8 185.6 184.4 181.8 188.7 194.7 200.1 212.2 223.7 233.7 240.9 255.1 266.8 287.6 307.2 314.5 316 319.4 328.5 331.4 323 315.9 317.1 318.9 321 333.9 341 353.8 365.1 374.3 368.5 359.2 346.8 333 326.1 321.6 314.5 306.9 304.7 303.1 297.1 291.2 287.1 287.2 288.2 292.9 300 297.1 292.2 285.9 280.8 278 274.8 274.4 270.6 264 259.9 255.8 252.6 252.6 253 252.9 254.8 255.6 257.9 259.7 259.8 258.8 258.1 256.4 254.1 250.8 246.8 243.8 242.4 240.6 237.9 233 231.4 235.2
182.8 181.3 180.5 182.4 191.3 198.3 205.6 220.1 237 244.6 247.1 265.7 278.6 291.3 308.2 320 326.2 324.6 327.6 332.1 333.3 328.4 329.9 333.4 334.7 344 353.7 372.4 381.1 381.3 369.6 359 347.1 333.9 334.9 332.1 325.9 317.2 309.3 308.4 307.1 297.9 293 292.2 293.2 293.8 298.7 303.4 298 293.1 293.2 285.6 282.7 278.3 275.6 272.6 268.7 264.4 260.5 258.4 258 255.1 258.5 261.6 264.1 265.5 265.9 265.1 263.1 261.4 258.1 254.4 250 246.4 242.8 240.4 236.8 232.9 230.9 229.1
178.7 177.4 177.5 182.9 192.1 205.1 211.9 233.5 247.6 252.8 249.8 262.7 279.2 297.9 305 324.9 326.9 330.3 332.1 336.9 344.5 342.9 336.5 337.4 340.6 346.3 354.2 366.2 378.8 381.5 374.3 364.6 349.3 341 344.6 341.9 341.5 329.7 317.4 314.1 312.6 305.4 299.8 297.9 297.1 301.6 301.8 304 306.1 303.9 301.1 295.7 291.3 285.2 284 289.2 279.5 273.5 269.2 267.6 266.8 263.6 265.1 267.7 269.4 272.6 275.5 273.5 270.7 267.3 263.2 258.6 253.9 248.4 243.5 239.9 236.6 233.6 231.2 229.3
174.8 175 177.1 183.9 199.1 214.3 218.3 238.3 250.7 252.4 247.2 258.2 283.8 295.7 308.9 320.3 328.6 333.6 341.3 349.8 355.5 357.1 355.1 342.8 345.6 350.3 356 362.1 373.3 381.2 375.4 364.6 352.6 346.5 348.5 349.9 347 341.7 329.1 319.1 316.1 312.2 306.9 307.1 308.7 314.4 317 313.3 311.5 311.7 311.4 307.3 302.3 296.5 294.9 296.1 286.7 284.9 280.9 276.2 274.1 270.9 273.3 274.5 274.9 277.1 279.5 278.3 276.4 272.5 268.4 263.6 258.5 252.7 246.9 242 237.3 234.3 231.5 229.4
171.9 175.5 177.4 185.8 202.7 218.1 225.1 229.6 238.4 244.6 241.4 252.9 270.7 282 302 316.4 328.5 348 355.7 354.8 360.4 361.9 361.3 348.4 349.1 353.7 358 364.5 373.5 379.9 378.3 366 354.7 355.5 358.8 363.9 362.6 350.8 341.5 331.1 323.4 317.5 314.2 317.6 321.8 323.9 322.7 325.2 324.4 319.7 320.2 317.6 310.7 306.3 303.1 299.6 296.7 295.4 292.7 287.6 283.7 279.4 279.6 280.2 280.4 282.3 282.9 282.1 281.2 278.4 274.1 268.8 263.1 257 250.7 244.4 239.2 234.3 231 229.2
173.1 176.3 180.4 187.9 199.1 210.1 218.3 220.4 225.3 230.1 236.3 242.4 259.3 279.2 295.2 311.8 328.5 342.9 353.7 360.6 363.1 362.4 357.8 355.6 358.1 364.2 364.4 366.9 376.1 382.7 380.6 365.2 356.8 365.2 370.2 377.1 375.7 360.8 352.4 342.8 332.6 326.6 324.7 329.9 333.9 334.8 335.2 339 339.7 337.6 329.6 326.9 323.4 318.9 313.5 309.2 304 301.9 298.4 294.1 289.3 285.8 285.7 286.1 287.7 289 288.8 287.7 286.7 284.7 280.3 275.2 268.5 262.1 255.4 248.1 241.4 235.1 231.3 228.3
174.6 177.7 181.5 187.8 196.4 204 206.9 211.6 220 229.4 238 245.4 256.8 273.3 291.9 308.1 321.5 335.7 351.9 364 370.3 372.7 370 368.6 367.3 371.8 378.6 377.4 378.5 378.2 373.3 365 368.1 378.5 385 387.1 383 369.8 362.2 350.4 340.9 334.9 336.7 340.8 341.1 342.9 345.4 350.3 348.5 343.9 338.4 337.9 332 327.5 321.5 317.4 311 307.2 303.8 300.7 293.6 294.1 293.6 292.8 293.8 294.8 294.7 295 294.7 291.7 287.4 281 274.5 269 261 253.1 245.5 238.7 233.2 228.8
175.6 179 182.8 187.2 192.1 197.4 201.9 210.8 221.9 232.5 243.1 254.9 260.4 271.5 286.5 305.4 329.2 349.5 367.2 378.7 387.4 389.1 389.6 391.4 384.9 382.4 388.7 385.2 383.3 377.1 370.1 367.6 374.1 381.7 391 392 387.9 379 369.9 359.7 349 345.4 347.1 351.5 352.3 349.3 351.8 353.8 355.8 352.8 346.6 342.3 337.6 327.7 328.6 323.2 317.2 312.9 310.7 306.3 302.3 301.7 302.3 301.5 300.8 301.7 302.8 303.4 303 299.2 294.4 288.7 281.8 274.8 267.4 259.9 251.9 243.8 236.5 231.3
175.8 179.5 182.9 186.4 189.8 193.5 203.1 215.7 224.2 238.1 249.8 262.4 272.1 280.1 292.8 318 341.2 363.7 397.4 405.6 404.9 401.5 403.5 405.6 399.4 391.4 388.6 388.1 381.5 373.1 372.4 376.1 383.1 387.2 390.4 395.4 395.9 386.4 376.5 368.2 359.3 355.9 356.6 356.5 357.3 360.3 363.5 361 363 359.8 350.8 347.1 341.1 335.6 332.5 328.4 323.6 319.5 316 311.3 309.4 310.3 310.2 310 310 311.6 314.1 314.2 311.7 307.8 302.8 296 288.7 281.3 274.2 267.3 260.2 252.3 245 238.5
174.7 179.5 182.2 184.7 187.8 191.7 201.6 217.4 233 247.4 261.5 274.3 285.8 293.1 303 326.2 347.8 367.7 394.1 408.4 410.5 414.7 413.6 413.8 410 402.4 393.6 386.9 379 375.2 380 393.3 402.6 405.6 400.4 399.9 399.6 395.5 385.5 377.7 369.5 362.9 360.8 362.7 366.7 371.9 372.8 368.6 368.2 361 354.2 349.2 343.4 340.3 336.4 331.7 327.2 323.6 321.1 313.8 316.6 317.1 319.6 320.8 322 323.9 325.1 323.1 320.9 316.9 312.6 305.9 297.2 288.2 279.9 274.1 267.1 260 255.7 247
179.7 181.8 184 182.5 185.3 198.3 219.1 238.7 245.8 260 275 284.8 292.6 297.3 305 315.5 334.3 359.1 384.8 401.2 409.6 420.4 425.5 426.4 418.7 407.1 396.5 389.5 389.9 391.2 400.8 411 419.8 424.1 418.3 411.8 407.9 402.1 395.9 386.8 378.2 371 368.7 370.4 373.2 377.2 375.2 371.7 368.4 362.5 355.9 352.9 348.7 342.1 338.3 335.1 332 329 326.7 320 323.8 327.4 332.7 333.4 335.4 336.5 336 333.8 331.3 327.4 323.5 318.3 309.2 298.8 289.9 284.7 276.5 270.8 264.4 254.1
176.2 179.5 180.9 181.8 195.5 221.9 245 254.7 260.4 269.4 282.8 288.5 292.9 298.3 306.9 311.2 325.1 348.4 374.3 393.8 418.5 432.7 433.5 432.8 423.9 412.5 406 401 400.7 412.8 421.3 433.3 438.4 438.2 431 426.6 424.2 413.4 403.8 395.5 388.4 380 379.2 380.1 379.8 379.7 377.6 374.3 370.6 366 357.6 354.7 349.8 347.2 342.3 339.1 336.1 333.6 328.9 328.7 332.1 334.6 339.4 342 343.2 346.5 347.6 347.7 343.4 339.2 336.1 332.3 322.9 312 301.8 295.3 287.6 279.4 271.8 261.8
171.7 174.2 178.8 192.2 213.4 239.9 256.2 264.5 274.2 277.4 281.8 287.7 294.6 297.7 305.7 313.8 325.8 346.9 372.5 399.1 428.4 439.1 436.6 432 425.4 420.5 416.1 413.5 423.4 435.7 438.7 446.9 449.9 448.1 443.8 441.5 437.4 427.9 418.6 405.1 397.5 390.6 387.8 386.8 387.2 384.9 382.3 379.6 373.4 368.6 363.1 357.6 354.9 349.7 345.9 342.7 339.2 336.9 334 334.2 336 338.6 342.4 346.3 350.5 354.7 356.6 358 356.5 352.7 350.9 345.4 335.2 324 315.7 309.3 303.9 291.4 279.8 269.9
170 177.1 189.5 206.6 228.3 246.5 261.4 272.3 279.7 282.1 284.5 293.8 296.5 301.6 312.8 322.8 333.6 348.2 377.4 406.2 423.1 433.8 432.7 427.9 426.1 425.2 424.9 424.3 434 450.3 453.1 461.9 464.1 460.7 456.3 452.4 447.8 442.5 433.6 417.1 407 402.7 399.6 391.4 391.6 387.4 385.8 381.6 376.3 372.4 367.8 361.1 357.7 351.8 349.7 345.8 342.3 339.4 336.5 338.9 340.3 343.6 350.7 356.4 359.9 367.3 371 369.5 370.4 369.6 364.7 357.1 347.2 337.4 332.3 328.4 321.3 307.2 293.1 282.9
177.2 186.1 200.9 220.6 237.5 256.1 269.9 279.3 282.6 287.8 290.9 295.3 300.1 304.9 313.4 325.5 339.9 356.1 374.9 402.6 420.5 428.4 423.8 421.9 428.1 433.5 433.5 433.4 442.7 450.6 461.5 471.7 471.8 469.6 469.2 463.7 456.9 450.6 441.9 426.8 418.4 412.4 409.2 400.8 393.9 392.8 390.9 384.5 379.1 376.7 372.9 366.4 361 355.3 353.9 349 345.5 343.1 340.2 343 344.7 350.8 358.7 365.4 370.2 378.3 380.1 383.3 386.3 381.2 374.2 366.2 357 351.3 346.4 339.6 331.8 320.7 308.1 292.7
182 195.9 213.2 231.4 248.6 263.5 274.6 281.2 288 293.3 295 298.4 303 305.7 312.9 326.8 342.7 361.9 374.2 382.3 395.3 401.8 405 417.8 427 438.3 439.5 438.7 440 448.4 464.6 475.8 478.2 481.8 477.3 470.2 462.9 454.3 446.4 433.7 424.7 419.5 417.2 411.2 402.8 398.2 393 384.8 384.1 380.9 375.7 369.8 362.9 358.8 356.1 352 348.3 345.5 343.3 346.4 350.5 357.7 364.9 373.2 379.5 387.3 393.6 396.1 394.1 389.6 383.3 374.3 366.4 360.8 354.9 346.6 336.6 322.3 308 294.2
191.3 206.7 225.7 243.2 258.2 266.5 275.7 283.7 293 295.7 299.8 302.9 305.8 308.4 313.3 328.1 344.3 364.5 375.6 376.9 376.3 379.6 395.4 412.6 429.3 440.6 443.4 443.1 444.5 456.5 468.5 477.7 479.8 487.4 480.6 474 466.3 455.2 446.8 436.5 429.1 425.4 420.3 416.1 411.2 401.2 393.5 387.9 387.2 382.9 376.4 369.3 365.4 363 358.7 353.9 350.8 347.2 346.4 350 355.9 363.1 370.3 380.7 390.6 399.2 401.6 402 399.8 396.6 388.9 380.6 375.7 369.2 361.3 350.1 336.6 323.4 308.2 295.5
200.4 215 229 244.7 258.4 271.6 281.3 287.9 297.3 302.5 306.1 306.7 308 310.8 314.8 327.4 339.8 363.7 364.9 362.5 365.3 371.1 384.8 403.1 426.4 443.1 445.4 447.9 448.4 455.6 465.5 468.2 473.4 480.4 478.8 472.4 465.7 457.3 446.7 438.7 432.3 429.5 424 418.3 412.8 404.7 397.2 392.9 389.1 385.1 378.1 371.4 368.4 365.2 360.3 355.9 350.5 349.8 351.6 354.4 359.7 367.8 376.3 389.6 399 403 406.5 409.8 407.9 403 395.8 388.4 382.7 373.4 362.7 351 337.6 324.9 310 299.2
204 216.2 229.4 246.9 263.3 277.7 291.1 301.9 306.4 309 310.2 310 310.4 313.1 317.8 324 332.2 345.7 349.2 356.6 361.3 366.1 372.5 389.6 410.5 429.2 444.9 449.8 448.2 456.6 460.5 465.4 469.3 475.1 474.8 472.1 465.5 456.6 447.2 439.8 434.2 429.1 422.2 417.5 413.5 407.6 401.6 395.6 391 386 379.7 374 370.9 366.6 361.7 357.4 353 353.6 355.3 360.2 367.4 374.7 383 395.4 402.8 408.9 411.4 415.1 413.1 409.4 403.8 396.2 386.7 376 365.8 353.2 339.4 325.1 312.3 301.9
207.5 219.5 235.8 253.6 271.9 290.9 303.5 309.7 313.5 314.5 314.3 313.1 312.6 314 317.1 320.8 324.9 330.3 339.5 349.5 358.6 363.6 368.1 371.5 390.3 413.3 433.5 441.3 442.1 450.4 456 459.1 463.4 474.3 479.2 472.8 464.2 456.3 447.4 440.1 433.9 427.8 421.2 416.9 412.9 409.5 402.4 396.8 391.3 386.2 381.1 375.4 371.9 367.4 363.3 358.6 358.2 358.8 361 366.7 372.5 379.8 389.1 399.6 409.3 414.5 417.3 419 418.1 415.7 409.6 400.9 391.4 381.5 369.3 355.9 341.7 330.2 320.8 309.3
209.1 223.2 238.9 259.2 285.3 302.9 315.7 321.7 325.8 320.1 316.6 314.4 313.9 313.9 315.2 316.8 319.2 322.2 331.5 345.3 354.9 360.5 363.5 366.5 375.6 402.1 416.9 429 429.1 432.5 444.3 452.9 467.5 478.8 475.4 468.3 463.4 456.2 448.1 440.3 433.2 426.3 420.2 416 411.8 407.3 402.5 396.8 390.6 386 381.6 377.4 373.8 369.1 364.9 362.8 363.6 364.1 367.1 372 378.1 386.5 396.5 406 415.8 421.8 424.2 425.1 425.3 421.8 415.7 407.5 397.7 385.7 374.4 362.5 352.5 341.7 330 316.9
212.9 226.9 242.7 265.8 295.2 318.6 326.8 327.6 325.2 319.6 314.1 312.5 311.8 311.7 311.1 311.5 313.6 317.7 324.5 340.6 348.1 356.4 360.5 365.1 369.3 385.2 398.9 404.3 411.2 430.2 442.7 446.8 454 460.8 464.9 465.1 462.6 455.4 448.8 440.2 433.1 426.1 420 415.2 410.9 407.3 402 396.6 391 386.1 381.9 378.6 375.4 371.3 368.7 367.6 367.9 369 371.8 376.6 383.5 391.9 402.9 414.1 421.9 428.2 431.3 432.7 432.4 428.1 422.6 413.7 404.1 393.3 383.2 373.4 363.7 351.9 339.2 324.3
216.8 228.8 246.6 271.7 302.3 322.4 321.6 320 315.1 310 307.1 307.6 307.3 306.6 305.4 306.5 309.2 313.6 319.4 330.4 343.3 353.9 359.1 365.5 370.4 375.5 382.8 389.7 399.6 418.6 435.2 442.8 447.1 453.5 460.7 463.5 461.9 456.2 449.4 440.3 433.4 426.6 420.4 415.2 411.3 406.4 401.2 396.5 391.1 386.5 382.7 379.6 376.7 373.9 371.8 370.6 371.2 372.6 375.9 380.7 389.5 397.6 409.6 418.1 427 433.9 438.8 439.7 438.6 435.8 429.3 421.2 413.1 405 396 386.8 374.7 361.8 347.5 332.2
220 232.9 249.6 270.1 284 299.7 304.9 303.4 302.7 300.6 301.4 302.1 301.8 300 299.5 301.3 305.2 309.7 315.6 323.2 338.3 350.8 353.4 360.8 366 374.5 379.6 382 389.1 410.3 433 441.9 444.3 453.6 463.2 463.2 460 454.4 447.4 440.3 433.5 426.9 420.9 416.2 412 407.4 402.2 397.4 392 387.4 383.4 379.9 377.5 376.2 374 373.3 373.7 376 380.1 386.2 396.4 403.2 411.6 423.2 432.4 439.4 445.1 447 445 440.9 435.8 429.1 421.9 415.7 407.8 398.3 386.3 370.7 353.9 339.7
224.7 235.8 251.3 264.3 276.5 286.7 291.7 292.7 295.9 295.9 296.2 295.9 295.3 293.2 294.5 298.1 302.1 306.3 311 316.8 326.5 335.4 341.9 351.2 358.9 369.4 373.1 376 383.4 405.5 430.1 431.9 434.5 446.6 456.2 457 453.5 450.1 446 440.3 432.9 427 422.1 418.6 414.7 410.7 405.3 398.7 393.3 388.3 384.4 381.1 378.6 377.3 375.8 375.6 376.9 379.7 383.9 389.3 398 405.6 414.4 426.8 436.1 444.2 449.7 452.7 449.6 447.4 442.7 436.5 431.3 425.4 417.7 408 395.3 379.4 362 347.3
227 237 247 258.1 270 278 283.2 288.6 289.9 289.7 289.7 289.3 289.6 290.3 292.4 296 299.4 303.2 306.3 311.6 317.7 325.5 332.5 341 353 361.8 365.2 371.6 380.7 396.5 412.8 421.7 425.6 432.7 441.5 443.5 446.6 447.8 446 439.7 432.4 426.6 423 419.4 416.9 413.3 406.8 399.5 394.1 389.8 385.7 382.7 379.7 378.4 377.7 378 379.8 382.1 385.4 390.5 398 407.4 417.6 429.3 438.7 446.6 452.4 454.6 454.5 453.5 449.8 445.4 440.5 434.7 426.8 415.9 402.8 385.7 369.2 354.3
228 238.1 247.9 257.7 265.4 275.1 281 281.8 281.1 282.9 284.4 286 287.4 288.4 290.7 293.8 297.6 300 302.3 305.7 310.1 318.1 325.6 334.6 345 352 359.2 366.8 378.4 391.6 402.8 412.4 416.8 428.2 437.8 440.2 443.3 450.6 448.2 440.3 433.7 427.9 423.3 419.2 416.3 413.7 408.1 400.7 395.7 391.4 387.1 383.9 380.9 379.3 379.2 379.1 380.1 382.1 385.7 390.6 398.4 409.7 419.9 430.9 440 447.1 452.5 456.3 458.3 458.4 457.6 453.9 449.1 443.3 435.3 423.1 409 390.5 374 360
223.9 234.3 245.4 254 260.9 267.1 271.7 272.9 273.6 276.1 278.5 281.9 286.7 289.5 291.1 292.9 295.8 298.6 299.7 304 308.6 315.5 322.2 330.8 339.4 348.6 355.7 365.5 381.4 392.7 399.4 406.8 412 422.9 431.1 433.7 438.8 452.7 445 438.6 433.2 428.1 423.7 420.4 416.8 413.9 410.4 403.6 397.3 391.6 388 384.9 382 379.2 378.6 378.5 379 380.7 383.5 388.3 396.1 408.2 419.7 429.3 437.8 445.5 452.5 458.8 463.6 464.9 464.9 462 456.9 451 442.9 430.6 414.4 396.6 379.4 365
221.7 231.9 240.1 248.9 256.4 258.2 257.9 265.4 274.5 280 282.4 285.2 289.6 291.9 293.3 295.6 298.5 301 303.2 307.9 311 317.5 326.8 333.6 344.6 356.1 362.5 369.4 378.5 385.7 397.5 408.8 417.1 416.7 421 427.2 433.7 439.2 439.2 435.7 431.7 427.8 424.9 421.9 418.5 415.4 411.7 405.1 397.9 391.8 387.7 383.5 381.2 377.7 376.3 376.1 376.8 377.6 381.1 386.1 393.9 404 414.5 424.6 434.4 443.8 453.7 461 467.2 470.2 471.1 469.4 464.6 459.6 451.1 437.9 422.4 403.3 386 371.1
214.6 223.3 230.2 240.9 250 257.1 262.9 268.3 271.9 276.8 282.3 287.6 293 295.1 295.9 297.8 301.4 304.4 308 314.7 317.3 322.5 330.4 337.5 350.4 362.3 368.5 373.3 381.2 387.7 396.9 403.5 409.2 413.8 415.1 419.7 429.8 437.6 435.8 432.6 430.2 427.3 424.4 423.2 420.8 417.1 411.8 404.9 398.1 391.6 386.7 382.3 378.2 375.2 373 372.4 373.1 373.8 376.5 381.7 389.3 397.6 408.9 421 432.1 442.7 453.1 462.4 469.6 473 475.5 475 471.4 467.5 459.2 446.2 431.3 412.2 393.1 377.4
223.3 230.6 237.3 244.6 251.2 257.9 265.7 271.6 277.4 283.2 287.6 290.5 295.6 297.1 297.8 300.6 305.2 307.1 312.2 318.7 323.4 329.9 334 340.9 350.2 362.7 369.7 374.1 384.3 390.7 395 401.3 407.9 416.4 422.4 428.2 436.4 437.1 434.4 432 429.9 427.4 424.1 422.5 421.1 417.1 411.7 405.5 398.2 391.6 385.7 380.7 375.1 370.7 368.7 368.5 368.7 369.7 373.2 377.7 383.9 394 406.1 416.1 427.6 439 451.5 460.8 468 472.8 475.3 476.7 474.6 472.8 465.5 452.8 438 420.6 400.9 383.5
224.6 230.2 232.3 245.6 254.9 261.6 266.4 271.3 277.5 284 289.2 292.6 295.3 297.5 299.4 303.6 306.7 309.6 314.7 323 331 337 341.4 344.7 352.6 364.9 370.7 376.7 386.6 391 395.5 406 415.9 426.5 432.2 438.3 440.7 440.4 436.4 432.6 430.4 427.6 423.9 422.1 420.4 415.9 410.1 402.4 395.7 389.6 383.2 376.9 370.7 366.8 364.1 364.6 364 366.3 369.7 373.5 380.1 388.6 400.1 409.2 419.8 434.1 447.7 456.4 464.3 469.8 473.9 477.2 476.6 473.7 467.7 456.8 441.8 426 408.2 389.8
214.9 223.7 235.7 250.4 256.7 262.3 266.6 270.5 274.6 279 284.4 290.7 294.2 296.4 301.9 309.2 310.2 315.3 320.7 331.7 340 344.6 347.8 351.3 356.5 365.1 370 376.4 387.1 398 409 422.6 427.4 436.6 446.9 445.2 447.1 443.1 437.8 433.3 430.7 428 424 421.3 419.1 414 406.5 398.3 391.3 385.2 378.9 372 365.8 362.7 359.5 360.3 360.1 363.1 366.4 371.1 377.1 384.4 394.1 403 413.8 427.9 441 451 458.8 465.1 472.4 474.9 474.9 472.7 465.8 456.6 443.7 428.7 411.5 394
