GeneralExemplars/GeoExemplars/data/LakeDistrict/terrain-50-dtm_3563996/sd/SD19.asc
ncols 200
nrows 200
xllcorner 310000
yllcorner 490000
cellsize 50
[rows 72 to 107 of 200, columns 0 to 79 of 200]
87.6 81.3 77.3 69.5 55.7 50.7 48.5 40.6 34.3 26.2 19.9 15 11.2 8.5 6 -2.6 -2.6 3.5 -2.6 3.4 2.8 3.3 3.6 -2.6 -2.6 5.7 6.9 8.5 10 11.1 13.4 14.7 15.6 17.1 20.2 32.1 44.3 55.7 68 87.3 85 88.3 89.7 91.4 97.1 109.3 117 129.8 134.9 122.6 116.4 110.9 107.4 106.4 106.9 112.1 115.5 119.3 121.3 123.7 125.3 126.9 126.8 135.4 144.5 149.1 154.9 157.9 162.3 168.2 171.9 176.7 181.7 185.2 191.1 197.7 201.7 202.5 197.6 194.9
95.8 82.2 78.2 70.2 55.7 49.1 48.1 47.5 38.6 26.3 19.1 12.8 10.3 8.1 5.8 -2.6 -2.6 4.1 -2.6 2.5 2.8 2.9 3.1 -2.6 -2.6 5.8 7.2 9 10.1 11.7 13.9 16.1 19 22 27.2 41.6 52 61.5 76.6 81.6 85.9 93.3 93.7 92.8 92.9 104.5 119.4 132.3 127 115.9 113.1 108.6 107 106.8 107.5 111.3 113.4 114.5 116.1 118.7 121.7 123.8 129.6 136.7 143.5 149.2 153.4 156.8 160.9 166.3 169.7 179.5 182.5 184 190.8 193.9 193.7 192.1 190.8 190.8
97.7 83.9 79.9 70.6 56.6 48.4 47.1 45.2 36.4 26.3 18.5 12.2 9 8 6.1 -2.6 -2.6 3.6 -2.6 2.9 3.8 3.6 -2.6 -2.6 4.7 5.8 7.4 9.6 11 12.9 15.3 17.5 21.7 24.8 37.9 52.8 59.1 68 75.9 81.3 95.5 96.4 97.4 96.1 94.5 99.3 112.9 117.9 113.2 112.9 110.2 109 107.3 106.9 107.7 109.7 111.1 111.9 114 116.6 119.2 126.1 132.9 139.1 143.5 147.7 152.7 156.5 160 164.3 172.4 179 183.9 184.8 188.1 189 187.9 186.6 187.2 187.8
99.2 86 82.8 70.8 56 49.5 44.5 40.3 31.1 22.9 15.9 11.3 9.4 7 5.1 -2.6 -2.6 3.8 -2.6 -2.6 3.4 -2.6 -2.6 5.1 5.7 5.9 7.7 9.8 12.6 14.4 16.7 20.2 23.6 28.5 44.8 58.6 74.7 80.7 84.4 90.2 99.4 103.1 102.2 100.3 98.1 100.6 107.1 108.8 110.7 111.5 108.9 108.4 108 108.1 109 109.7 110.7 112.5 114.1 115.6 120.6 127.8 135 139.6 142.9 150.3 155.2 158.6 161.9 168 175.9 180.2 181.4 182.6 183.9 184.3 183.3 184.6 185 185.3
101.8 87.8 83.6 67.5 53.6 47.9 45.4 38.6 29.3 21.6 13.4 9.7 8.2 6 4.9 -2.6 -2.6 3.9 4.4 -2.6 -2.6 -2.6 -2.6 5.7 5.8 6 7.3 10.3 13.2 15 17.5 20.9 25.6 34.5 51.1 75.2 84 90.7 96.2 100.1 114 108.5 106.3 103.7 103.6 107.4 110.7 110.3 111.3 111.5 110.4 110 109.4 111.3 112.7 112.9 114 114.2 115.1 117.1 121.7 129.8 135 139.4 145.2 153.6 159.2 162.7 164.8 171.3 178.4 180.8 181.2 182 182.7 182.9 182.7 183.1 183.2 183.1
103.8 89.5 80.7 61.7 50.7 45.8 42.3 35.1 28.4 19.9 11.6 7.5 6 5.4 4.6 -2.6 -2.6 3.5 3.7 4.9 4.9 5.1 5.7 5.8 5.9 6.1 8.4 11.2 13.3 15.7 19.3 24.6 29.5 38.7 56.4 75.6 91.6 101.8 105.2 107.5 112.9 110.1 108.6 108 108.3 113.5 117.3 117.3 116.4 115.8 113.8 113.7 116 116.7 117.1 116.8 116.6 116.8 118.7 121.3 124.7 130 135.7 142.2 149.7 157.5 163.8 165 168.4 173.8 179.8 181 181.3 181.6 182.3 182.4 182.2 181.8 180.4 179.5
100.4 87.6 69.4 52.4 47.9 44.2 36.4 28.7 24.9 14.9 7.4 6.4 5.4 5 4.3 -2.6 -2.6 3.7 3.8 4.7 4.9 5.2 5.6 5.9 6 6.8 9.6 11.4 13.4 19.2 24.3 27.8 31.4 44.5 59.2 78.2 104.6 112.1 107.8 110 111.9 112.7 113.6 113.3 113.4 116.4 123.1 125 124.6 122.9 119 119.8 119.9 120.2 120 119.7 119.6 119.8 122.5 125.5 130.3 132.9 139.1 145.4 153.8 163 167.3 169.4 173.6 177.9 180.2 181.1 181.4 181.7 182 181.9 180.7 179.4 177 175
93.3 78 58 44.9 38.9 33.8 26.8 19.9 12 6.2 5.9 5.5 5.3 5.2 4.2 -2.6 -2.6 3.4 3.8 4.3 5 5.3 5.6 6 6.8 8.8 10.9 13.1 16.8 24.5 25.8 28.9 35.4 47.1 68.1 102.9 119.1 117.7 111 114.2 116 117.6 120.7 122.3 122.5 127.1 130.8 132.2 131.2 128.6 125 124.5 123.8 123.2 122.7 122.1 122.8 124 125.9 129.1 130.7 135.6 141.9 148.2 157.7 166.4 171.1 173.7 176.4 179.1 180.1 181.1 181.5 181.8 181.3 179.8 178 175.6 172.5 171.5
77.4 63.4 48.2 35.7 28.6 19.3 -2.6 -2.6 -2.6 4.1 4.2 4.5 5.2 5.5 -2.6 -2.6 3.2 3.4 3.7 4.2 4.9 5.6 5.9 7.8 9 10.7 12.2 15.4 25.6 26.2 26.3 30 39.7 60.5 96.8 118.5 120.7 116.9 116.8 118.4 121.1 123.5 129.3 130.5 132.8 136 137.9 136.3 136.6 130.9 129 128.2 126.7 125.5 124.5 124.3 125.4 126.8 128.8 130.4 133.1 138.2 144.8 152.6 162.5 169.7 172.6 175.2 177.6 179.1 179.9 180.6 181.1 180.9 178.7 177.3 174.6 171.9 168.3 170.2
67.3 50.7 37.1 24.1 -2.6 -2.6 -1 -2.6 -2.6 3.2 3.5 4.3 5.4 5.9 -2.6 -2.6 3.2 3.4 3.7 4.3 5 5.7 6.9 9.3 11 12.4 13.8 26.4 27.8 24.9 26.8 32.4 51.9 86.1 113.3 123.5 122.1 121.2 121.5 123.6 126.1 130.3 135.2 136.9 139.2 140.7 140.4 138.8 137.3 133.1 132 130.4 128.8 127.3 125.6 125.8 127.1 128.5 130.6 133 136.4 141.3 148.5 157.7 167.3 171.5 174 175.8 177.3 178.1 179 179.7 180 179.1 176.7 173.9 171.4 168.8 167.3 171.1
57.8 39.1 19.7 -2.6 -2.6 -2.6 3.5 3.5 -2.6 -2.6 -2.6 3.5 4.1 5 -2.6 0.7 3.8 3.8 3.8 4.6 5.3 6.2 8.1 10.2 12 14.4 17 26.8 23.7 23.6 26.5 41.5 69.8 102.1 122.7 130.3 126.6 126 126.9 129.5 133.2 136.7 140 142 144.7 145.7 144.6 139.5 135.8 134.6 133.1 131.4 129.7 127.6 126 126.5 128.5 130.1 132.5 134.8 138 142.5 150.3 159.3 168.1 170.4 172.9 174.8 176 176.8 177.5 178.2 177.6 176.6 174.3 171.3 168.9 165.8 166.5 171.1
50.2 27.8 -2.6 -2.6 3.2 3.8 4.3 5.1 4.4 -2.6 -2.6 0.4 2.7 -2.6 -2.6 -2.6 3.9 3.9 3.9 5.1 5.7 6.8 8.9 11.2 13.3 15.8 19.2 21 21.4 22.6 27.6 50.4 81.5 105.9 122.7 129.5 129.5 129.6 131 134.2 140.3 143.1 146.9 149.2 148.8 150.9 143.5 138.3 136.7 135.4 133.9 132.1 129.9 127.4 126.7 127.2 130.2 132 133.3 136.3 139.4 143.3 150.9 159.1 165 168.7 172.2 173.4 174.3 174.9 175 174.5 173.2 171.8 169.6 167.6 165.7 161.6 166.9 172.6
43.6 21.4 -2.6 2 4.2 6.5 11.9 13.2 11.3 12.3 -2.6 -2.6 -2.3 -2.6 -2.6 -2.6 4 4.1 4.2 5.4 7.7 8.2 8.1 11.2 13.9 16.7 18.5 19.6 20.4 22.3 32.4 56.4 81.4 105.9 115.4 124.9 127.6 131.1 134.5 139 144.3 148.9 150.2 150.2 152 148.7 142.9 140 137.3 135.4 133.5 131.1 129 126.6 126.4 127.9 131.2 131.1 133.8 137.7 141.6 146.7 150.7 158 164 170 170.7 171.2 171.8 171.9 170.9 169.8 168.3 165.7 165.6 165.6 161.7 161.9 172.5 171.7
36.8 13 -2.6 3.3 7.4 9.5 13.3 15.9 16.6 16.6 14.1 10.6 -2.6 -2.6 5 4.9 4.8 4.9 5.4 6.8 9.9 11 10.9 9.5 13.2 16.2 18 19.3 20 24.6 39.8 54.8 72.8 92.1 101.9 111.7 124 132.1 136.3 143.4 149 152.5 151.6 152.1 153.1 146.9 141.9 138.6 136.1 134.2 132.2 130 127.7 125.7 125.7 127.8 129.2 129.1 134.3 140.4 144.6 148.2 151.3 155.4 161.7 166.5 167.5 168.8 169.8 168.7 165.7 163 162.1 161.9 164.6 163.9 158.6 162.6 166.4 169.1
26.7 -2.6 -2.6 4.3 11.8 12.6 12.2 15.5 16.5 16.9 15.9 15.3 15.1 13.4 12.8 11.4 9.4 7.4 6.6 7.9 10.7 12.4 13.1 13.2 13 15.7 17.7 19.5 21.3 26.7 36.3 45.7 59 72.1 86 105.6 120.7 134.7 141.8 147.5 152.8 156 155.6 152.8 151.5 145.2 140.5 136.9 134.8 132.7 130.5 128.3 126.1 124.9 125.2 126.4 126.4 129.4 138.2 142.3 145.9 148.2 150.6 153.5 159.9 163.2 165.3 166.9 167.4 163.7 160.9 157.9 157.3 159.3 163.5 159.2 158.6 162 165.1 171.4
14.4 -2.6 -2.6 10 17 17.8 15.3 14.2 16.8 17.8 19 18.5 18 17.9 17.3 15.3 12.1 9.8 8.4 9.3 11.5 13.3 14.7 14.9 16 16.8 18.5 19.5 21.7 26.5 33.5 39.3 44.5 54.7 75.7 101.7 123.7 140.7 147.8 149.5 155.7 159.2 157.7 155.5 151.8 143.9 138.5 135.2 133.1 131.5 129.4 127.1 124.8 124.4 124.6 124.8 125.9 132.5 138.9 142.7 145.3 147.5 149.9 152.2 155.4 158.5 163 164 162.5 159.2 154.6 153.2 153.6 156.1 156.7 156.1 157 160.8 164.5 168.9
4 -2.6 -2.6 18.4 21.7 21.2 18.8 17.4 18.2 19.6 20.9 21.1 20.4 19.6 20.2 18.5 13.7 11.9 10.4 11.1 12.5 14.1 16.3 17.4 17.1 18.6 20.3 20.4 22.6 25.7 31.1 37.3 42.4 49 67.2 99.2 129 145.4 148.6 157 162.2 163.3 161.4 159.4 151.5 142.4 136.9 133.6 131.1 129.8 128.6 126.3 124 123.7 123.1 122.1 126.3 133.7 138 141.8 144.7 146.9 148.5 150.3 151.8 155.9 159.4 160.1 156 153.5 150.2 150 151.1 152.5 153.6 154.1 157.6 160.6 163.8 167.2
-2.6 -2.6 15 20.7 21.4 21.8 20.7 19.5 19.7 20.2 21 21.5 20.6 19.6 19.7 17.6 14.6 13.7 12.1 12.7 14.5 16.8 18.8 19.2 18.9 19.4 20.6 21.9 23.9 27.8 32.7 37.7 42.3 48.9 66.6 98.4 119.2 134.8 153.9 163.9 164.9 166.4 165.9 161.7 150.3 138.8 134.9 131.6 129 128.1 127 125.5 123.2 122.4 120.1 121.1 127.9 132.2 136.3 140.8 143.2 144.9 146.6 148.3 149.8 152 153.4 152.2 151.5 148.4 147 147.2 148.1 149.1 149.8 155.1 159.7 162.4 165.5 170.7
-2.6 -2.6 19.7 21.5 21 20.8 21.1 21 19.8 19.4 19.8 20.1 18.8 16.6 14.9 13.8 14.2 13.5 13.4 14.3 16 18.2 19.6 20.5 20.3 20.5 21.7 22.9 24.9 28.7 34.3 37.7 41.8 49.1 66 85.8 103.9 130.4 155.6 166 169.7 167.7 168.5 158.2 145.3 136 132.7 129.2 127 126.2 125.3 123.6 122.6 121.3 117.3 120.9 126.6 130.7 134.8 138.6 141 143 144.8 146.4 147.9 149.3 150.3 149.4 147.7 144.8 145 146.1 147.2 148.8 151.5 155.1 161 164 168.3 174.1
-2.6 15.1 17.8 17.4 16.9 16.9 18.2 19.6 18.8 17.7 18.2 17.3 15.5 13.6 12.9 10.6 10.8 11.3 11.4 14.4 16.8 18.6 20 20.6 21.2 21.7 22.3 24.1 26.4 30.7 34.1 37.8 41.6 48.4 63.7 80 101.8 127.8 143.8 157.5 162.6 166.6 163.2 151.2 140.1 134 130.5 126.3 124.6 123.8 122.2 120.2 119.1 117.1 115.7 120.5 124.8 129.2 133.3 136.6 138.8 141.2 143 144.5 145.9 147 147.8 146.7 144.6 145.7 146.8 147.3 148.5 149.8 152.8 156.4 161.9 165.8 170.4 175.4
4.8 14.9 12.9 11.1 11.6 12.3 14.1 15.6 15.8 13.4 14 10.5 8.5 7.1 8.7 7.5 8.8 9.3 9.9 10.8 14.9 17.7 19.3 20.6 21.4 22.4 23.9 26.2 28.6 31.5 34.5 37.7 41.6 48.2 66.8 90.9 108.4 119.6 131.7 144.7 158.9 163.1 154.3 144.8 135.8 131.2 126.3 123.3 121.7 120.7 118.3 116.3 115.3 114.1 115 119 123.2 127.5 131.2 134.6 136.6 138.9 141 142.5 143.8 145.5 145.6 143.8 142 147.9 148.3 148.8 150 152.9 156 159.3 164.5 171 175.2 186.3
4.1 6.5 -2.6 -2.6 4.9 6.3 8.3 11.3 11.9 8.1 6.1 5.9 6.1 6.9 7.8 7.8 8.3 9.3 9.8 10.8 13.2 16.8 18.4 19.3 20.7 22.7 25.1 28.3 30.2 32.8 35.3 37.9 41.5 50.7 70.2 87.6 95.4 104.8 119.6 137.7 154.5 152.3 147.4 140 132.3 127.1 121.9 119.7 117.6 115.4 114.2 113 112.2 113.9 113.5 118.1 121.5 125.4 129 132.2 134.4 136.3 138.1 139.5 141 141.4 141 139.6 144.5 147.9 150.6 152 154.3 157.7 161.5 165.4 171.2 175.6 179.5 190.1
3.9 -2.6 -2.6 -2.6 2.8 5.2 4.6 6.4 5.4 4.6 5.2 5.6 6.1 6.6 7.2 7.9 8.8 9.5 10.1 10.9 11.7 13.1 16.3 18.4 20.8 22.2 26.2 27.9 29.8 32.3 35.2 38 43 51.4 67.5 75.6 82.7 94.4 114.6 131.2 137.5 142.9 142.2 135.1 127.5 122.3 117.1 114.3 112.2 111.2 110.9 111.1 109.3 110.1 113.3 117.7 120.4 123 126.1 129.1 131.5 134.2 134.8 136.2 136.5 135.4 136 140.7 146.1 150.8 153.8 156.4 158.6 163.2 167.9 171.8 175.8 179.9 186.2 194.7
-2.6 -2.6 -2.6 3.7 3.5 3.8 3.6 4.1 4.2 5.4 5.4 5.6 6.1 6.7 7.3 7.9 9.2 9.9 10.5 10.9 11.2 12.8 18.2 19.6 21.3 22.4 24.7 27 30.5 33 34.7 38.5 44.2 51.7 59.8 66.9 75.1 91.9 113.1 122.7 129.7 137.8 133.8 128.5 122.6 117.5 112.6 109.8 108.2 107.2 107.5 108.5 106.9 111.1 114.9 118.6 119.4 121 122.9 125.5 127.7 130.2 130.4 130.3 130 135.4 139.5 143.9 147.6 152.9 156.2 159.6 163.6 167.4 170.9 174.7 179.4 185.1 193 200.4
-2.6 -2.6 5.3 5.4 6.2 6.8 5.3 5.2 5 5.4 5.6 6.1 6.7 7.2 7.8 8.4 9.6 10.4 11.2 12.1 12.8 12.3 16.6 19.9 21.2 22.9 24.9 27.4 30.1 31.1 33.7 39.5 46.8 52.4 57.8 64.5 72.8 87.6 100.9 111.4 125 129.7 125.7 122.5 118.8 114.1 108.4 105.9 103.8 102.8 103.5 102.9 109.9 113.3 115.6 117.2 118 119 120.8 122.5 123.6 125.4 126.6 127.2 133.9 140.2 143.1 146 150.1 153.9 158.2 162 165.7 169.5 173.4 176.7 182.3 188.9 195.7 204.2
5.4 6.6 8.3 9.3 10.7 10.8 9.9 10 5.7 6.1 6.7 7.5 8.2 10 10.3 9.9 11.5 11.9 13.2 14.1 13.9 13.7 14.8 18.5 21.3 23.2 25.3 27.2 29.1 30.5 33.4 41.5 48.5 52.6 57.5 63.9 71.7 80.8 91 102.3 115.4 117.7 118.2 118.3 115.9 111.2 104.9 101.7 100.4 100 100.5 101.9 107.7 110.5 113.5 115.7 116.6 117.6 118.9 120.3 122.5 126.2 129.7 133.9 138.4 141.7 146.2 149.8 152.6 155.8 159.9 163.6 167.3 170.9 174.7 179.1 185.8 192.4 198.9 206.5
5.7 6.5 8.7 11.9 13.9 14.3 14 13.7 13.2 12.7 11.8 10.8 10.1 12.4 13.5 15.2 16.5 17 17.5 16.3 14.9 14.4 15.4 17.2 21.4 22.9 24.8 26.6 29.1 29.3 35.4 43.6 48.5 53.1 57.5 63.4 70.6 80.2 89.2 98.1 106.3 110.6 113.7 114.7 113.2 108.6 103.3 100 98.4 98.1 99 100.2 103.3 106.3 110.7 113.8 115.2 116.6 118.5 123.4 125.6 131.4 134 137.3 140.4 143.8 147.9 150.8 153.1 156.6 160.8 165.3 169 172.6 177 182.4 188.3 194.6 201.1 209.8
6.8 8.5 8.9 11.4 14.6 17.1 16.6 16.2 14.9 14.8 15.1 14.7 13.3 15.5 17.7 19.2 19.3 20.3 20.5 20.1 17.4 14.8 16.2 16.7 18.5 20.6 23 24.1 25.8 28.7 39.2 44.7 48.8 52.7 57.1 63.5 70.1 80.6 87.9 94.5 101.8 106.7 110.6 112.3 110.4 106.5 101.4 99 97.4 98.1 98.9 99.9 101 103.2 106.5 111.1 114.7 115.9 120.5 126.1 129.4 132.6 136.2 139.3 142.1 144.9 148 150.8 154.3 158.9 162.6 166 169.6 173.4 178 183.9 190.2 196.8 203.4 213.4
8.5 9.9 10.2 11.5 14.4 17.3 18.6 18.6 18.1 17.5 17.3 13.9 16.5 18.4 20.2 20.8 21 21.9 22.6 22.1 21.4 16.6 16.2 16.9 19.7 22.8 23.4 25.7 27.6 31.1 38.8 44.9 49 52.9 58.1 66.2 73.2 79.4 84.8 91.5 97.8 104.2 107.7 110.1 108.1 104.3 99.4 98.2 96.9 98 99.2 100.3 101.4 102.3 105.8 109.9 111.8 114.3 121.7 126.4 130.9 135.1 138.4 141.4 143.4 146 148.8 152 156.6 160.1 163.1 166.6 170.2 174 179 184.7 191.1 197.6 204.5 214.7
10.6 11.5 11.7 12.3 13.5 17.6 19.3 20.2 19.9 18.7 18.8 15.9 19.5 20.9 22.2 22.3 23.2 23.9 24.2 24 23.4 17 16.7 17.8 20.7 24.7 25.7 27 28.8 32.3 39.2 44.3 49.4 53.7 61.7 69.5 74 78.1 82.4 88.6 94.3 99.7 105.2 106.6 105.7 102.7 99.6 97.8 96.1 98 99.4 100.6 101.6 102.8 104.3 106.9 109.6 117.1 123.3 128 132.8 136.8 139.7 142.2 144.5 146.8 149.7 153.2 156.3 159.5 162.7 166.3 169.9 174.2 178.6 185.6 192.2 198.7 205.9 216.9
12.2 13.1 13.3 13.6 16.3 18.7 20.3 21.4 21.2 20 19.5 17.4 20.5 22.5 23.5 23.3 24.2 25.3 25.3 24.9 22.5 17.4 17.2 17.9 20.3 23.7 25.3 27.6 30.1 34.1 40.1 44.7 50 57.7 66.4 70.6 72.8 76.4 81.4 87.1 91.9 96.6 101.3 103.2 103.7 101.6 98.9 97 95.7 97.8 99.1 101 102.5 103.8 105 108.3 114.2 120 125.5 130.2 134.2 137.4 139.9 140.9 142.3 144.6 148.3 151.6 154.9 158.2 162.3 166.2 169.9 174 179.1 186.2 193 199.9 206.8 214.6
12.8 13.8 14.8 15.1 17.1 19.3 20.9 22 22.2 21.4 21 19.3 19.7 21.8 24.1 24.7 25.1 26.2 26.5 26 21.3 18.1 18.1 18 19.9 22.6 24.7 27.4 30.4 35.8 40.4 45 51.4 59.3 64.9 68.5 70.9 74.5 80.3 85.5 90.1 94.9 99.4 101.3 101.5 100.2 98.2 95.7 96.1 98.4 99.8 102.1 104 105.5 107.8 113 119.2 124 126.6 130.8 133.8 136 134.6 140.2 141.6 144 147.3 149.8 152.9 156.5 159.9 163.9 169.1 174.1 180 186.4 192.6 199.1 205.1 212
10.7 11.4 13.6 15.2 16.8 18.5 20.4 21.6 22.6 23.1 23.2 23.7 24 23.3 24.2 26.1 25.9 26.5 26.9 26.7 21.6 19.1 19.4 20.2 19.7 22 24.1 26.6 29.6 34.4 38.9 45.3 51.6 58.2 61.9 65.8 69.2 73.8 79.5 84.3 89 93.6 98 99.5 98.8 97.7 94.4 95.3 97.1 99.3 100.9 102.8 105.2 108.1 110.9 116 120.8 123.2 122.3 125.7 130.2 134 137.7 140.1 143.2 145.9 148.6 151.2 155 158.4 161 163.5 166.6 172.5 176.8 183.5 187.4 194.9 202.2 209.2
8.7 10.6 10.9 12.8 16 18 19.9 21.8 22.6 24 24.3 25.1 25.9 26.4 25 25.6 26.5 26.7 27.1 27.2 23 20 20.3 21.2 22.4 22 24.3 26.6 29.5 31.4 35.3 40.8 46.1 50.4 54.2 62.4 68.3 73.1 78.7 84.3 88.9 93.2 98.3 97.2 95.4 94.5 93.6 95.7 97.7 99.1 101.9 103.4 105.4 108.5 110.4 112.7 115.3 119.4 125.4 129.6 132.5 134.7 137.9 142.2 145.9 149.3 153.1 156.7 160.1 162.9 166.3 170.4 174.9 180.4 187 182.9 193.6 201.2 209.6 216.2
12.7 13.4 14.8 13.9 16.2 18.6 19.9 20.7 22.8 24.2 25.4 25.9 26.4 27.1 26.8 27.1 27.7 27.4 27.9 27.9 26.6 25.1 21.3 21.8 22 22.8 24.1 27 28.3 30 33.3 38.4 46.1 51.7 56.4 60.9 67.2 72.5 78.6 85.3 89.6 94.3 99.3 93.4 91.2 92.2 93.9 95.8 97.5 99.4 103.5 106.6 110.6 115.6 118.9 122.4 124.4 125.8 128.5 131 133.3 136.3 140.9 145.4 148.9 152.5 156.6 160.3 163.8 167.2 171.2 177.1 184.7 191.8 196.7 196.3 192.3 199.1 209.7 217.5
14.9 15.9 17.2 16.9 16.6 19.4 21 22.3 23.2 24.7 25.7 26.5 27.7 28.4 29.1 29.7 29.6 28.8 28.9 29 29 27.6 24.4 22.5 23 24.2 24.9 26.8 28.5 31.5 36.8 42.2 51.4 55.1 56.3 62.5 66.8 71.4 77.2 83.5 88.7 92.3 93.6 90 91.7 93.1 94.2 95.5 98.6 104 108 111 113.9 117.9 121.9 124.7 127.1 128.5 130.1 132.1 135.4 140.8 144.9 148.7 152.5 156.8 160.3 163.7 167.4 171.3 177 184.9 191.6 197.1 202.2 205.8 205.9 203.2 203.6 210.2
