GeneralExemplars/GeoExemplars/data/LakeDistrict/terrain-50-dtm_3563996/sd/SD19.asc
ncols 200
nrows 200
xllcorner 310000
yllcorner 490000
cellsize 50
[rows 144 to 179 of 200, columns 80 to 159 of 200]
440.7 456.8 467.9 476.7 478 474.5 481.4 485.6 490.2 493.3 494.4 496.5 500.3 504.2 507.7 510.3 512.5 516.3 519.6 522.1 523.9 525.6 526.2 525.8 525.4 525.3 523.5 521.7 519.7 519.3 519.6 523.5 527.6 532.2 535.8 538.1 538.5 535.6 531.2 528.2 522.4 514.2 503.4 490.9 477.3 463.6 445.4 422.4 394.7 371.1 357.7 348 337.9 327 318.3 314.7 308.5 303.7 301.5 291.7 286.1 278.8 272.7 268.6 262.2 260.6 260.1 259.6 258.3 256.4 255 252.1 249.6 248.6 248.5 246.7 243.9 237.9 224.7 216.2
447.9 462.7 476.2 486.5 488.3 482 490.6 494.7 499.8 500 500.6 502.8 506.4 510 513.4 515.9 518.5 523.1 526.6 529.6 530.4 532 531.8 531 530.2 528.8 526.3 523.8 521 519 520.4 522 525.3 528.1 529.3 529.4 526.6 525.2 518.8 515.2 511.2 505.8 495.3 483.3 470.4 458.6 443.5 422.5 390.3 363.9 352.4 343.3 333.1 320.6 305.8 294.8 291.9 290.2 284.7 281.4 274.5 268.2 263.2 260.5 258.7 258.1 258.3 257.5 255.5 252.7 247.9 245 243.3 241.7 241.8 240.7 237.5 230 220.1 213.4
452.1 467.6 480.4 486.6 490.8 491.5 494 500.3 503.1 504.2 505.6 508.1 511.2 514.5 517.5 520.4 524.5 528.6 532.1 533.9 535.1 535.7 535.4 534.1 531.9 530.3 526.4 522.7 519 517.1 516.7 516.1 517.2 519.1 520.4 517.6 514.7 509.8 506.8 503.7 500.1 493 484.5 474.1 464 454.1 441.1 422.5 387.4 360.7 349.8 339.3 329 320.1 302.5 286.5 278.9 277.6 274.6 270.9 265.9 261.7 258.8 257.6 256.9 256.5 256.2 255.8 255.5 252.3 244.4 241.2 239.4 238.4 237.2 236.3 233.2 226.7 218.7 211.8
457.8 469.8 476.4 482.7 489.6 492.5 495.9 501.8 506.1 509.3 510.7 512.2 514.8 518.4 521.3 524.9 529.2 533.3 535.9 537.3 538.6 538.4 538 536.1 533.8 529.7 525.5 520.8 515.8 512.1 510.6 510.2 509.4 510.1 507.2 504.3 501 495.5 490.7 487.3 483.9 480.3 474 464.5 458.3 450.3 439.9 419.3 384.4 357.6 344.7 333.9 323.5 315.4 304.2 284 274.6 269.9 267.8 266.2 262.6 259.9 257.4 256.1 255.9 255.7 255.6 255.6 255.8 249.1 243.1 238.2 236.8 235 232.5 230.3 227.1 222.9 216.5 209.1
457 465.7 472.7 479.6 487.8 492.4 496.4 503.7 509.3 514 515.4 516.8 519.2 522.2 525.7 528.6 533.1 535.9 537.5 538.8 539.8 539.9 539.3 536.7 533.6 528.9 523.6 517.6 511.5 506.9 504.3 503.2 501.7 500.4 495.9 490.9 484.7 478.9 476.4 474.4 471.7 468.1 461.3 456.5 451.5 444.3 434.6 420 383 357.7 340.5 329.7 320 311.1 298.5 280.9 273.8 268.9 265.4 263.2 260.8 259.3 257.8 256.3 255.3 255 255.1 254.7 253 247.5 243.1 239.2 235.1 232.9 228.8 225 221.2 217.8 212.7 207.9
454.5 463.5 469.9 478.3 485.1 490.8 496.9 505.1 513.7 517.8 519.5 520.9 523.2 525.3 528.1 531.5 534.2 537.2 538.7 539.9 541 541.3 539.9 537.7 533.4 527.2 521.3 514.5 507.4 501.4 497.9 494.9 491.3 486.8 482.1 477 471.1 465.8 462.7 460.4 457.2 452.1 449.3 447 443 434.3 427.1 414.5 386.6 357.1 337.5 326.9 315.8 304.8 291 279.7 273.2 268.1 265.1 262.8 260.9 259.2 257.9 255.7 254.6 254.3 254.5 253.4 251.5 247.8 244.1 241 237.4 234.3 230.2 222.2 218.3 214.2 210.4 206
452 461.2 468.6 475.9 482.4 489.2 498 509.2 516.3 521.2 523.4 524.2 526.4 528 529.4 531.9 534.9 537.7 538.5 539.9 541.1 541.9 542.2 540 533.6 525.9 519.3 511.8 504 495.6 489.6 484.5 478.8 473.9 468.1 462.3 456.7 451.2 449.3 447.5 443.5 440.7 438.8 436.8 431.5 424.4 417.8 404 378.9 354.6 335.5 323.2 311.5 299.8 288.2 278.6 272.7 267.7 264.1 262 261 259.6 258.2 256.4 254.8 254.5 251.1 252.4 251.3 248.1 246 243 239.7 236.2 232.3 225.8 220.9 218.7 214.2 208.7
450.9 459.5 467.2 474.5 479.9 487.8 499.8 511.1 518.1 523.2 525.1 526.5 528.2 529.4 530.2 532.2 535.1 536.9 537.9 539.7 540.8 541.8 542.2 541.2 533.6 525.8 515.9 507.1 498.1 488.6 478.5 470.3 464.8 460.1 454.5 449.3 443.1 438.4 436.4 433.5 430.6 430.7 430.1 427.6 422.5 416.4 408.7 395.7 373 350.8 329.7 316.9 308.8 298.1 287.3 278.2 272.5 267.2 263.4 261.3 260.7 259.9 258.6 256.9 255.1 253.4 251 250.1 250.3 249.3 247.7 244.9 241.9 237.9 233.3 228.1 224.6 221.3 216.3 211.1
448.4 458.5 466.2 472.2 478.5 488.2 501.5 511.1 518.7 524.1 525.9 527.4 528.4 528.8 530 531.7 533.3 535 536.9 539.2 540.4 540.3 539.4 536.7 531.2 524.2 513.9 503 489.9 478.6 465 455.6 448.7 443 442.2 438.3 430.8 424.8 420.9 418.9 419.8 421 421.6 418.7 414.4 407.6 399.5 385.4 357.4 341 324.4 311.7 305.7 299.3 284.7 276.4 272.1 265 261.4 259.5 259 258.7 257.2 255.4 253.4 251.7 249.7 246.6 248.4 248.3 247.4 245.8 243.1 238.6 234.5 230.5 226.4 222.3 217.6 212.5
446.1 456.9 464.5 470.1 479.2 488.9 499.2 509.4 516.4 521.8 525.5 527 526.6 527.1 528.1 529.5 531.3 533.1 535.4 538.4 538.9 537.9 536.4 533.6 528.6 520.8 511.3 497.3 481.5 467.9 455.9 446 437.6 433 429.9 427.2 418.8 411.8 408.7 408.7 410.5 412.2 413 411.1 406.7 399.6 387.6 372.4 351 337.3 320.7 307.9 301.1 290.1 282.7 273.4 267.2 260.9 258.7 256.9 256.4 255.9 254.8 253.3 251.5 249.2 247.4 244.7 245.6 246.4 246.6 245.2 243.2 239.2 235.5 231.6 227.2 222.8 218 212.7
447.8 456.5 464 469.7 480.5 488.5 497.9 506.8 515.2 521 523.9 525.9 523.6 524.5 525.4 527.2 529.1 531 533.4 535.3 536.4 535.5 533 529.7 525 516.8 505.3 487.1 470.8 460.2 449.6 438.1 430.1 424 421 416.9 406.8 399.8 399.8 400.1 401.2 403 404.8 403.8 398.9 393.2 379.5 363.8 347 332.2 319.4 306.5 294.6 285.9 279.5 270.3 263.2 258 255.2 253.4 253.3 252.8 252.1 250.8 248.8 246.5 244.2 242 241.5 243.8 244.1 244.2 242.5 239.5 235.9 232.4 227.9 223 218 212.4
448.1 456.3 463.1 469.4 479.5 487.6 495.1 503.7 516.5 520.5 521.1 520.8 519.3 519.8 520.7 523.3 526 528.4 531.3 532.3 533.1 532.5 528.9 524.6 518 510 499.7 479.8 462.6 451 438.9 429.5 422.2 415.6 410.8 404.8 396.1 389.7 390.4 392.8 394.1 396 396.9 396.4 392.9 387.6 377.3 358.4 341.1 330.7 319.6 304.1 290 281.3 279 266.9 261 256.4 251.6 249.9 249.7 249.4 248.7 247.5 245.9 243.8 241.9 240.3 239.1 240.5 241.1 241.8 241.1 239.5 235.9 232.6 227.8 222.7 217.8 212
447.9 454.9 464.3 470.4 477.7 485.9 493.2 501.1 512.4 515.4 515.4 513.8 513 513.2 515.4 518.3 521.1 524.7 528.5 529.7 529.3 527.9 525.1 518.2 511.1 503.7 490.8 472.6 454.1 442.2 430 420.7 412.9 407.6 401.4 394.6 386.8 381.4 383.6 385.3 386.8 387.9 388.9 389.5 387.6 382.5 371.6 356 340.5 330.7 319.9 301.5 285.5 274.5 270.4 261.8 258.8 254.5 249.7 247.9 247.1 247 246.5 245.3 243.8 241.4 239.7 238.3 238.3 239 239 239.5 239.2 238.2 236.2 232.7 227.9 222.8 217.6 211.7
449 455.7 464.7 469.6 478 484.8 491.1 499.1 505.3 508.1 507.6 504.8 504.2 506 510.5 513.6 515.8 520.9 525.4 527 525.8 524.7 519.3 510.7 504.1 494.7 482.1 462.7 446.6 434 422.6 411.9 403 398.6 393.1 387 380.4 376.9 377.4 378.8 379.5 381.1 382.9 384.1 381.6 376.2 366.7 351.6 341.7 329.4 317.2 292.6 276 271.5 265.7 258.7 255.8 252.2 247.8 246.5 246 246.1 246.4 245.4 243.3 240.5 238.1 236.6 238 238.9 238.6 238.3 237 236.4 234.9 231.9 228.2 223.3 217.7 210.7
448 457.9 464 468.8 477.9 483.6 487.4 493.3 498.2 498.7 496.6 496.4 495.2 498.2 503.3 506.2 509.4 516.2 521.6 522.9 521.7 518.6 513.2 504.5 497.2 486.9 472.8 453.9 439.9 428.2 416.7 406 396.6 390.9 386.2 380.7 376.1 371.8 371.8 372.9 374.1 375.9 377.8 377.9 375.4 369.6 359.1 348.8 339.3 326.6 314.8 291.9 272.2 269.4 261.3 255.2 252.8 249.7 246 244.6 244.6 246 246.5 245.6 243.7 240.4 237.4 236 237.5 238.8 238.3 237.2 235.7 235 233.7 231.3 227.8 223 218 212.7
447.7 457.7 462.7 467.6 476.2 480.9 484.2 487.1 489.5 487.9 488.4 488.3 487 488.1 490.7 495 502.2 509.1 516.9 518 515.8 513.3 506.7 498.1 490.5 477.7 463.8 449 436.2 422.3 412.6 403.9 394.5 386 380.7 376 373 369.6 366.8 368.1 369.1 370.7 372 372 369.2 363.5 355.9 346.5 337.4 323.9 306.7 290.2 271 262 256.5 253.6 250.8 246.6 243.6 242.7 243.8 245.2 246.6 246.1 244.3 240.8 237.5 235.8 238 238.7 238.3 237.6 235.7 234.3 233 231.6 229.6 225.9 221.2 215.7
446.5 456.2 461.3 466.6 472.8 476.5 478.5 478.7 478.8 478.9 480.8 480.4 480.7 482.1 484.2 485.1 494 502.7 507.6 510 509.3 505.8 500.3 491.4 480 469.9 454.9 444.7 434 422 412.7 403.7 392.8 381.9 376.5 372.5 369.8 366.6 363.4 363 364.2 365.3 365.9 365.2 362.5 358.7 353.2 345.7 335.7 324.7 308.5 288.6 272.6 258.8 253.8 251.1 248.5 244.3 241.8 240.9 240.9 242.9 244.2 244.7 243.7 240.4 236.3 235.2 237.2 238.7 238.4 238.1 237 235.7 234.8 233.6 231.5 228.4 224.3 218.4
444.8 452.2 459.8 465.2 468.7 470.6 471.1 471.1 470.9 470.3 472.8 473.4 474.6 476.1 477 477.7 486.7 496 500.1 502.7 501.6 498.2 492.3 482.5 474.7 463.8 451 442 431.4 422.1 413.8 404.4 393.7 381.4 373.5 370.3 368.1 364.7 361.1 359.5 359.9 361.1 359.9 358.4 356.1 353.6 349.9 342.6 333.5 323 304.3 284.9 269.6 257.3 251.6 247.8 247.6 243.2 240.1 239 237.9 238.1 238.5 239.6 240.1 236.9 231.8 233.9 235.9 237.9 238.5 238.9 238.2 237.3 236.4 235.5 233.3 230.4 226.2 220.3
442.4 449.1 456.8 460.9 463.6 464.1 464.3 464.4 463.8 464.5 466.8 468.1 468.3 470.6 471.8 472.9 479.8 490.2 495.2 495.5 493.9 490.9 485.5 478.7 470.4 459.7 449.3 439.5 430.9 420.4 412.8 404.6 395.3 382.9 373.9 370.6 367.2 363.6 359.4 357.1 357.4 356.9 355.7 351.8 348.2 348.1 344.8 337.3 326 307.5 293 284.4 264.7 258.5 256.7 254.6 251.2 244.6 241.4 239.3 235.6 235.3 235.3 235.9 236.5 234.2 231.4 233.2 235.5 237.8 239.5 239.9 239.3 238.5 237.9 236.8 234.9 232.1 228.1 221.5
438.2 446.5 452.5 455.7 456.8 456.6 457.5 457.5 457.6 459 461.2 462.2 464 466.6 468 470.1 476.1 483.3 487.2 488 486.9 485.6 481.9 476.5 469 459.3 449 439 430.8 418 410 403.7 393.8 384.1 376.3 372.1 368 364.1 360.1 355.8 354.1 353.8 353.5 353.1 348.4 341.5 340.8 337.6 330.9 320 307.6 294.2 279.4 268 263 260.7 256 246.6 242 239 235.8 233.4 233.3 234.5 234.7 232.2 230.5 233 236 238.2 240.1 240.9 240.6 240.1 239.5 238.1 236.2 233.1 229 222.3
435.3 444.5 448.1 449.7 449.5 449.3 449.5 450.3 451.4 452.4 453.5 456.4 459.8 463 465.2 467.4 472.2 476.6 481.6 482.7 482.8 481.7 479.1 474.8 469.4 460.4 449.3 439.3 430.6 419.6 412.4 404.9 392 382.8 376.1 371.5 365.2 362.2 357.8 356.8 355.8 354.3 352.5 354.9 353.4 350.4 347.6 344.3 340.5 332.3 320.8 303.8 287.3 273.9 267.7 265 260.9 250.3 243.1 238.3 235.2 233.3 231.3 231 231.6 230 231.3 234.1 236.2 238.5 240.5 241.4 241.9 241.2 240.5 239.7 237.5 234.9 229.4 221.6
431.7 438.6 441.9 442.1 442 441.9 442.1 443.6 445.4 446.7 449.8 454.7 457.3 460 463.1 465.4 469 472.2 475.7 477.4 479.9 479 476.9 473 467.6 459.2 450.5 440.3 431 421 412.8 403.2 389.7 381.4 376.5 372.6 369.8 364.8 362.8 360.5 358.6 356.6 356.2 358.5 357 353.7 351.6 349.2 345.7 338.5 329.6 311.6 293 280.1 271.5 267.8 262.3 253.7 245.6 239.9 235.3 233.5 232.1 231.1 229.6 228.5 233.4 234 235.7 238.2 240.4 241.6 242.5 242 241.4 240.9 237 234.6 230.4 220.9
427.2 432.4 434.2 433.4 433.4 431.5 428.5 435.8 439.1 445.9 449.6 455.9 458.5 460.8 463.8 465.6 467.2 470.3 472.7 475.4 476.5 477.1 475 471.6 466 458.2 451.1 439.5 428.7 420.5 408.2 396.7 391.8 385.8 380.9 377.7 373.9 368.8 369.4 369 370.2 368.3 360 360.6 360.9 358.5 356.9 354.6 350.3 342.1 331.4 317.7 299.3 285.9 277.6 271.5 263.9 256.1 248.2 243.6 237 234.8 233.5 232.1 231.1 225.5 233.5 233.3 234 236.7 239.7 241.2 242.3 242.2 241.6 240.5 236.9 233.2 228.1 221
421.1 424.5 424.3 424.5 420.2 428.6 435.2 439.2 442.9 447.1 452.4 457.7 461.1 464.2 466.5 468.4 469.5 470.9 472.4 474.5 476.3 476.9 474.1 471.4 467.5 459 451.5 440.6 431.7 420.8 412.1 404.8 397.2 390.9 385.4 384 380.6 375.6 377.1 381 382.3 381.4 371.1 363.4 367.1 365.6 363.6 360.9 353.7 345.3 334.4 321.1 303.2 292.2 283.8 277.8 266.1 257.9 249.6 244.9 240 237.8 236.4 236 233.9 225.8 220.6 229.7 231.5 234.8 237.8 240.4 241.9 242.8 240 238.4 236.6 230 221.4 218.5
412.8 413.7 406.2 416.8 426 432.4 437.9 441.5 445.1 450.8 456.4 460.6 463.5 468 467.9 468.9 471.8 472.8 474.2 475.4 476.5 476.9 475.5 473.6 470.6 463.4 452.5 443.2 437.2 428.9 418.7 409.9 401.7 395.3 389.7 388.7 387.5 385.5 385.2 389.8 392.1 390.9 383.9 379.4 377.2 374.9 371.3 366.7 358.4 349.4 338.5 325 310.8 298.6 288.8 282 268.4 260.2 251.3 246.7 243.5 241.2 239.7 238.1 235 230.8 216 224.4 228.8 232.2 235.9 238.8 240.8 242.1 241.2 237.5 232.1 222.7 215.5 213
402.8 399.2 412.5 420.6 427.7 434.2 439.1 444 449.2 454.7 460.2 463.2 469.4 471.2 473.2 473.6 474.1 474.1 475.7 476.9 477.8 478.6 478.3 476.6 472.5 467.9 460.1 451.5 442.6 435.3 425.5 415.5 411.3 405.8 395.1 397.1 395.1 394.7 394.8 397.7 402.6 402.3 396.1 392.2 387.4 382.7 378.2 372 364.9 356.1 344.5 331.6 315.8 303.9 292.7 282.8 270.6 260.6 253.4 249.6 246.8 244.4 242.9 239.6 235.6 230.9 215.7 216.6 225.4 229.5 233.6 237.2 239.6 241.3 242.6 240.9 230.8 220.1 212 207.2
391.1 406.2 413.1 420.4 427 432.8 439.3 445.5 451.8 462.8 468.7 473.1 476.3 477.5 477.5 476.5 476.9 476.1 477.3 478.6 480.5 482.4 483.4 486.8 479.8 473.4 466.5 457.5 447.3 439.8 432.2 423.2 420.3 413.7 405.8 404.9 405.3 406.7 404.8 405.8 410.8 412.6 408.5 404.1 395.8 390.2 387.1 381.9 374.5 365.7 354.2 340.4 319.4 307.9 295.9 286.1 275 262.9 256.7 252.3 250.1 246.9 244.1 240.1 234 229 221.3 210.8 214.2 226.7 231.2 234.7 237.4 240.8 242.6 242.2 233.8 218.4 208.3 204.1
400.7 406.9 412.8 419.5 424.7 430.9 439.6 449.9 461.6 470.1 476 479.3 481.4 481.1 480.8 478.8 479.1 478.9 480 482.4 484.8 488.5 490.8 491.4 486 478.9 471.9 463.1 452.6 444.8 437.8 431.8 425.8 419.9 414.1 410 414 414.4 414.6 415.7 417.4 419.6 417.1 413.1 406.4 401.7 395.6 390.4 381.6 371.5 356.7 339.1 320.9 309.3 296.9 289 277.9 265.4 259.8 255.2 253.6 250.2 245.9 239.9 232.9 227.1 220.5 210.1 214.7 223.2 228.3 232.1 235 237.8 238.8 236.5 234.8 212.8 203.1 200.8
401 407 412.9 419.1 425.2 434.2 444 457.9 468.1 476.6 480.7 483 485 485.1 484 483 483.1 483.6 483.7 486.1 489.3 493.5 496.5 497.6 493.1 485 476.6 468.4 458.8 450.4 441.9 435.2 428.9 424.3 420.7 416.5 419.9 420.2 421.8 422.5 423.6 427.1 427.1 424.6 417.3 410 403.3 399.2 385.9 372.6 353.1 333.7 320.3 308.3 298 288.4 277.3 267.2 260.3 256.8 255.6 251.8 247.4 240.9 233 225.7 218.4 206.5 213.9 220.1 224.7 230.1 231.4 232.5 230.9 233.2 229.7 207.9 200 198.1
399.9 406.7 412.8 420 428.4 438.3 447.9 461.2 473.4 483.9 487.5 488.9 489.8 491.4 491 489.4 488.3 489.1 488.7 490.4 493.6 497.5 501.3 504.6 504.1 492.3 483.2 473.1 464 455.9 447.7 439.7 433 429.2 427.1 425.4 424.7 425.7 427.6 429.1 431 434.2 435.8 434.8 430.1 425.6 413.7 399.7 387.1 368.9 349.4 332.2 319.6 307.9 297.2 286.7 276.7 267 260.2 256.9 255.1 252.3 247.4 240.5 233.4 225 217 203.1 208.9 216.1 221.4 226.1 227.7 226.1 224.4 226.3 218.6 204.2 199.6 198.3
398.6 407.2 415.4 422.8 431.5 439.2 451.2 465.5 480.5 493.1 496.5 497.5 498.4 499.4 498.9 497.4 495.6 494.9 493.7 493.3 496.1 501.7 505.9 513.2 510.5 502 487.2 477 468.5 460.8 453.5 446.2 439.3 435.5 433.1 431.9 429.9 429.4 431.2 432.5 435.9 439.4 442.3 443.7 440.5 433.2 420.2 401.5 384.6 366.6 348.4 334.8 321.2 309.1 297.5 287.5 277.7 267.7 260.2 257.5 253.9 250.9 246.3 240 232.4 223.9 215.4 204 202.7 211.9 218.3 221.9 223.2 222.3 221.2 218.2 208.8 203 199.1 198.5
398.1 407.1 417.5 424.4 431.1 440.3 455.3 472.3 487.5 500.1 503.6 505.7 506.9 507.4 506.3 504.4 502.6 500.9 498.6 496.6 499.1 506.4 511.3 516.7 520.6 512.4 492.7 480.2 472.1 464.8 457.6 451.4 445.8 440.8 437.8 435.1 433.3 432 432.1 435 438.5 442.2 445.3 446.5 442.7 434.6 419.5 401.7 383.8 367.9 351 336.7 323 309.9 298.2 287.5 277.6 267.3 260.9 258.9 254.8 250.4 244.7 238.5 231.9 222.3 214.3 204.2 195.4 206.9 213.4 216.1 217.7 216.2 216.9 214.9 206.1 201.3 197.6 196.3
397.1 407.2 416.9 423.4 430.5 441.4 459.3 479.2 494.1 501.4 510.5 512.7 513.8 512.5 511.7 509.3 507.6 505.8 503 500.9 505 510 516.9 520.7 531.9 519.3 499.7 483.4 474.8 467.2 459.6 454.2 449.7 443.9 440.3 437.1 435.4 434 433.6 436.2 439.7 442.9 446.6 447 440.9 431.4 415.9 399.7 384.2 369.9 356.7 342.5 328 312.2 298.6 286.5 276.1 266.2 260.2 257.6 254.7 250.6 245.2 238.4 230.8 222.1 214.7 207 194.2 199.9 207.6 210 211 209.7 210.9 209.5 202 198 195.7 196.1
391.8 404.5 413.6 421.2 428.6 443 462.2 484.8 494.5 501 513 516.3 517.8 519.3 516 513.1 511.4 510.4 508.6 508.7 511.9 516.5 520.8 528.5 536.1 522.3 504.7 488.1 478.9 468.3 461.6 455.2 450 446.1 442.6 439 435.6 433.1 434 436.1 438.6 440.7 444.6 443.6 436.3 426.7 414.7 397.8 383.2 369.9 357.8 345.8 329.7 313.9 299.9 288.5 277.8 266.9 260.9 256.7 254 249.1 244.3 238.1 229.7 222.1 215.2 205.3 197.1 187.1 200.5 203.9 205.1 204.7 205.1 202.4 195.5 193.6 193.3 191.2
386.2 399.8 407.6 417.1 427 443.9 459.3 478.1 489 497.3 509.7 516 521.8 526.6 528.5 517.2 513.6 512.7 514.2 515.2 518.4 521.6 527 538.4 533 523 504.8 490.1 482 470.7 462.1 455.3 449.1 443.6 440.6 437.1 433.3 429.3 430.1 433.8 436.4 438 438 436.2 429.1 419.9 407.9 393.9 382.1 369.2 357.5 345 331.2 314.9 301.1 290.8 280.5 267.8 261.9 256.6 254.5 251.3 245.4 238 230.5 223 215 205.2 195.5 188.3 190.7 198.8 199.7 199.6 199.8 195.2 190 189.4 191.7 187.5
380.6 392 400.4 411.3 424 440.9 455.1 467.3 478.5 491.2 506.4 514.2 520.6 529.3 531.1 525.6 515.2 513.8 514.7 517.1 523.2 525.7 527.8 538 535.3 520.9 505.1 490 481.7 470.2 461.1 454 445.1 438.7 435.7 432.6 428.4 424.1 424.3 428 430.5 431.2 430.3 426.9 420.4 412.9 403 390.8 380.6 367.2 355.7 344.1 329.6 313.7 301.7 292.5 282.9 268.4 262 257.5 254.6 250.7 246.3 238.1 230.9 223.2 214.2 206.1 197.1 185.9 181.5 192.9 193.9 193.9 193.1 188.7 185 185.1 186.9 183.9
