GeneralExemplars/GeoExemplars/data/LakeDistrict/terrain-50-dtm_3563996/sd/SD19.asc
ncols 200
nrows 200
xllcorner 310000
yllcorner 490000
cellsize 50
[rows 36 to 71 of 200, columns 0 to 79 of 200]
7.8 7.5 8.5 11.1 17.2 24.3 32.1 39.3 48.3 77.4 106.4 135.4 145.9 145.8 154.3 164 167.1 170.9 167.5 164.9 169.7 179.9 192.9 204.4 201.2 191.9 183.1 178.3 185 183.7 179.8 175 166.3 160.2 148.8 137.7 124.1 111.2 97.2 81.6 64.8 51.5 41 32.9 26.5 20.6 14.8 10.2 7.9 7.8 7.5 7.3 7.4 7.3 7.1 7.1 6.7 6.3 7.1 7.3 7.3 6 6.3 6.6 7 7.4 7.9 8.3 8.7 9.1 9.4 8.5 7.5 9.3 9.6 9.3 10.3 13.2 16 20.8
10.3 11.2 13.6 19.2 26.5 38.8 50.1 59.1 67.6 93.6 124.2 139.7 149 159.4 166.6 168.8 169.1 170.6 170.5 170.4 176.5 184.4 190.6 192.6 188.6 189.1 181.6 175.2 167.7 171.2 169.8 158.2 148.9 145.1 137.1 120.5 105.6 89.4 75.3 64 51.2 39.5 29 20.3 14.6 10.7 8.4 6.7 6.6 6.8 6.9 7 7 7 7 6.6 6.2 5.8 5.3 6.1 6.6 5.4 6.4 6.7 6.9 7.3 7.7 8.1 8.5 8.9 9 7.7 7.7 9.3 9.6 9.8 14 18.4 23.8 30.1
15.2 19.5 24.8 33.7 47.1 66.9 72.1 88.9 102.6 118.2 130.2 146 153.9 167.5 172.3 172.4 169.7 170.5 168.4 171.8 181.7 182.9 182.9 184.3 185.3 185.2 177.3 166.7 156.9 151.3 147 140.5 135.1 124.7 117.2 108 91.9 69.3 57 47.8 38.4 27.5 17.6 10.3 8.2 7 6.2 6.2 6.4 6.5 6.6 6.6 6.7 6.6 6.9 6.1 5.7 5.3 5.1 5.4 6.7 6.4 6.3 6.8 7.1 7.3 7.6 8 8.4 8.8 8.5 7.1 8.9 9.5 9.5 11.8 18 21.5 28.9 35.5
22.3 29.8 40.9 54.4 67.3 79.4 92.3 119.5 135.3 139.2 147.2 150.9 156.6 165.9 171.2 170.5 168.5 168.7 169 175 181.4 182.6 180.3 178.3 180 179.2 167.6 159.7 153 147.4 135.5 134.9 120.4 106.4 103.1 93.3 69.6 52.3 42.4 33.3 27 18.1 9.7 7.2 6.6 6.3 6 5.9 6 6.1 6.2 6.3 6.3 6.5 6.8 5.6 5.2 5 5.6 5.8 6.7 6.6 6.7 6.9 7.2 7.4 7.7 7.9 8.2 8.6 8.8 6.9 9.6 9.2 10.3 13.6 18.2 23.4 30.4 38.4
32.7 46.9 61 71.3 82.5 97.5 111.1 136.8 153 154.8 154.6 152.2 155.3 163.7 165.9 165.1 164.7 170 171.3 173.8 178.9 180.5 176.8 174.2 173.4 165.9 155.9 153.7 150 142.8 123 114.5 99.1 86.5 74.5 57.2 43.6 31.9 25 20.3 15.4 10.2 7.4 6.5 6.2 5.8 5.7 5.7 5.6 5.7 5.8 5.8 5.9 6.4 6.7 5.4 6 5.6 6.1 6.2 6.6 6.8 6.9 6.9 7.3 7.5 7.8 8 8.3 7 9.1 8.3 9.7 11.6 14.4 18.4 22.8 26.6 31.1 35.2
45.4 59.6 74.9 85.5 94.9 108.1 127 152.7 159.3 161.3 157.5 153.8 154.8 158.9 161.5 162.5 169.6 173.5 168.7 166.9 170.4 172.2 168.5 165.3 159.8 156 148.8 142.2 142.6 135.5 116.6 90.9 80.8 67.7 53 37.7 24.9 16.8 12.6 7.9 6.4 5.8 6.3 6.2 5.8 5.5 5.4 5.4 5.2 5.1 5.2 5.2 4.8 4.7 4.8 4.7 5 5.6 5.9 6.3 6.6 6.9 7 7.2 7.4 7.7 8 8.3 8.3 9.1 9 8.6 11.2 15.7 17.6 26.1 28.8 31 36.1 40.8
57 71.6 86 97.5 103.1 118.3 140.5 159 165 166.9 161 155 155 157 160.7 167.3 172.9 174.3 166.8 163.3 160.8 160.1 164.2 158.9 152.2 147.8 137.8 131.3 136.2 126.1 107.8 82.1 63.1 48.6 35 22.3 12.3 9.3 7.2 6.2 5.8 5.3 5.7 5.7 5.5 5.2 5.1 5.1 4.8 4.8 4.6 4.5 4.6 5.1 5.6 5.3 4.9 5 5 5.3 6.1 6.9 7.1 6.7 7.3 7.6 7.7 7.6 7 8.8 9 9.4 13.5 17.4 21.1 24.4 28.3 33.6 40.5 47.9
74.6 84.9 92.4 99 109.8 127.5 147.8 163.4 167.3 166.7 158.1 155 155 158.1 164.8 172 176.9 173.7 163.6 157.4 153.3 154.6 156.2 153.2 140.9 131.9 123.2 123.3 123.1 106.2 90 66.4 48.4 34.2 21.7 14.3 8.9 7.5 6.6 5.6 5.2 4.9 5 5.2 5.1 4.9 4.8 4.7 4.5 4.4 4.2 5 5.3 5.6 5.8 6 5.7 6.3 6.3 7.1 5.5 6.3 7 6.4 6.9 7.5 7.2 6.9 6.9 9.3 10.1 12.1 14.1 18.4 22.7 26.8 30.9 40.3 48.9 56.1
87.5 93.9 100.8 106.9 116.8 134.3 150.5 163 166.1 161.6 155.5 155 155 161.4 169.5 173.9 173 166.4 154.5 148.2 146.9 143.2 142.3 136.7 126.8 116.4 107.8 104.3 94.9 82.3 62.3 46.9 33.4 19.7 13.9 10.2 7.6 6.4 6.1 5.8 5.6 5.2 4.9 4.7 4.8 4.5 4.5 4.4 4.2 4.2 5 5.5 5.6 5.6 5.7 6 7.2 8.4 7.4 7.3 7.1 6.8 6 6 6.4 6.5 7.1 7.6 7.9 10.1 10.8 12.5 14.9 18.8 25 30.7 40.2 49.4 58.4 67
98.9 108 111 115.4 122.8 138.5 147.3 158.1 164 161.5 155.8 155 155 161.8 169 169.7 161.2 149 140.9 141.9 142.3 137.4 133.5 125 113.8 102.1 94 91.6 81.1 61.6 45 33.3 21 12.8 10.3 8 6.7 6.5 6.2 5.8 5.6 5.2 4.9 4.7 4.8 4.2 4 3.9 5.1 5.2 5.3 5.7 5.6 5.6 7.6 15.4 16.8 10.7 8.1 7.2 7.2 6.6 6.3 6.3 6.7 10 8.2 10 10 9.8 12.1 14.7 16.7 23.2 31.1 40.7 50.1 61.4 73 84.1
113.1 123.7 119.7 119.5 125.6 136.2 146.7 157.6 163.7 161.8 160.4 155 155 160.4 165.6 160.1 149.2 139.2 135.7 141.1 134.6 128.3 125.5 117.3 101 88.5 83.3 72.7 56.9 43.1 31.8 19.6 11.9 9.6 8.2 7.2 6.7 6.5 6.1 5.6 5.6 5.3 5 4.8 4.6 4 3.5 4.6 3.9 5.4 5.5 5.7 5.6 5.6 10.4 22.6 11.4 9.1 7.4 7.3 7.3 7.2 7 6.8 7.3 10 10 10 10.6 11.7 14.7 19.2 27.9 35.4 41.6 49.3 62.6 77.4 89.7 98.1
122.6 132.3 124.7 121.9 126.1 137.8 149.6 158.4 163.7 163.3 165.6 155 151.8 154.9 158.9 151.1 140.5 133.3 129.7 125.9 121.2 113.3 104 95.7 85.3 74.8 64.8 53.3 40.6 30 18.5 11.7 8.4 7.5 7 6.8 6.6 6.4 6 5.5 5.5 5.2 4.8 4.5 3.9 3.2 3.8 5 5.2 5.6 5.8 5.7 5.8 6.5 6.3 8.7 7.3 7.3 7.6 7.7 7.7 7.7 7.5 7.3 7.8 7.9 10 10.9 13.1 17.7 24.2 31.9 40.2 48 53 62.8 76.9 91.8 101.9 108.9
128.3 135.3 126 123.6 127.2 143.4 155.2 165.2 165 166 164.8 155.4 148.8 147.6 148.7 142.6 136 130.5 122.4 113.7 107.5 97.3 87.8 79.4 72.4 63.4 52.7 39.1 26.9 18 11.5 8.1 7.3 6.8 6.7 6.5 6.3 6.2 5.8 5.4 5 4.3 3.9 3.6 3.1 3.7 4.3 4.9 5.3 5.9 6.9 7.8 8 9.8 7.9 7.7 7.3 7.3 7.3 8.2 9 8.7 7.9 8 8 8.5 10 13.3 20.4 31.5 39.9 45.5 51 62.1 69.6 78.7 89.6 104 113.6 120.4
131.6 132.3 122.6 128.6 129.7 147.4 162.3 165.7 164.6 164.5 164.7 157.3 143.9 135.1 138.1 134.3 129.8 123 112.8 102.8 95.7 93.2 81.2 68.9 61 50.3 37 22.9 14.5 10.6 8.4 7.5 6.6 6.5 6.4 6.2 6.1 5.9 5.6 5.2 5.2 5.3 -2.6 3.1 3.1 4.3 4.6 4.6 7 8.6 16.7 16.8 11.6 9 8.8 8.4 8.2 8.6 9.6 10.9 11.3 10.6 10 9.6 11 13.2 14.8 22.2 31.7 51 57.4 57.9 66.5 77.8 85.9 94.5 104.5 116.1 127.3 136.6
128.2 125.3 122.6 127.5 133.3 149.7 155.7 159.5 161.3 161.2 159.9 153.7 143.3 129.2 128.8 125.4 119.2 111.3 101.5 92.4 90.8 87.4 73.3 58 45.7 33.5 18.4 11.4 8.8 8.1 7.5 6.9 6.2 6.1 6.1 6 5.8 5.6 5.3 5 5.3 -2.6 -2.6 3.6 4.8 4.5 4.6 4.6 8.7 14.1 21.5 16.9 11 10.1 10.6 10.3 10.6 11.5 12.4 13.6 13.9 13.3 12.8 11.9 13.8 16.7 23.8 32.9 41.7 57.5 72.2 74 80.5 89.8 98.8 109.6 117.8 134.4 146.8 155.6
122.5 123 124.7 129.2 134.7 142.5 147.1 152.1 155.5 155.5 153.6 149 138.3 125.1 126.1 120.7 107 100.3 92.5 87.1 81 72.1 59 43.7 27.4 14.7 9.6 5.2 7.3 7.1 6.6 6.1 5.8 5.8 5.7 5.7 5.6 5.4 5.1 4.2 4.6 4.9 -2.6 4 4.4 4.5 4.8 5.6 10.2 11.6 13 10.8 11.5 12.7 13.4 13.5 15.1 15.5 16.3 17.9 18.2 19.1 17.6 18 19.8 21.9 29.6 41 45.4 68.1 88.2 96.2 98.2 101.6 111.1 120.9 135.4 150.1 156.6 162.3
116.4 119.9 126.4 127.5 131.9 137.9 142.7 146.2 149.4 149.2 147.8 142.6 129.2 118.6 117.1 109.6 99.9 96 87.8 79.9 72.4 62.1 46.2 28.6 14.1 9.1 7.2 5.2 6.7 6.9 6.4 5.9 5.8 5.7 5.5 5.4 5.3 4.6 3.7 3.8 4.1 -2.6 -2.6 4.2 4.8 4.8 4.7 7.8 10.6 10.9 10.8 11.7 13 14.6 15.5 16.4 18.7 20.1 22.1 25.2 24.8 24.2 23.7 25.6 27.6 31.6 40.3 50.7 53.9 74.1 97.6 111.5 112.7 114.6 119.6 130.4 143.4 153.3 159.5 168.6
111.2 115.2 122 125.8 128.6 134.5 140 142 144 142.9 140.2 130.1 119.2 111.7 105.5 101 91.5 90.1 83 73.6 64 52 34 15.3 9.5 7.1 6.5 5.2 6.3 6.3 6.2 5.7 5.6 5.4 5.3 5.3 5.3 3.7 2.8 3.4 4.2 -2.6 4.2 7.3 8.3 6.9 5.4 7.9 9.3 11 11.4 13 15.3 19.5 21.7 22.7 24.2 27 27.9 29.8 30.4 29.9 31.1 33.4 35.8 43.5 54.1 61.6 66 77.5 104.2 117.9 116.6 123.7 130.1 140.2 148.4 153.2 165.2 175.1
108 110.6 116.5 123 126.8 132.1 136.7 139 137.9 136.2 127.1 116.7 109.1 104.3 91.5 86.5 83 78.5 71.6 65.1 53.4 36 17.4 10.2 7.9 6.5 6.5 6.5 6.1 5.8 5.9 5.6 5.4 5.4 5.7 5.4 4.6 3.8 -2.6 3.2 -2.6 -2.6 -2.6 8 7.9 7.5 7.2 8.9 10.8 13.9 17.2 21.6 22.9 27.3 28.6 30.1 29.8 31.8 34.2 35.2 34.6 33.5 37.5 39.9 42.4 51.7 64.5 75.3 82.5 92.3 103.2 112.6 122.3 133.4 140.8 147.8 151.3 159.7 169.6 179
106.7 108.3 111 120.3 126.5 131.6 129.2 131.2 130.1 122.6 115 110.4 104.6 96.4 84.8 78.2 73.9 68.2 61.8 53.5 39.4 21.3 11.6 9.1 7.8 7.3 6.4 6.5 5.9 5.4 5.5 5.5 5.6 5.7 5.8 5.4 4.6 3.9 -2.6 -2.6 -2.6 -2.6 -2.6 8.2 8.9 8.6 10.4 14 17.7 21.8 26.2 29.1 29.9 31.3 32.2 34.4 36.6 37.7 39.3 39.4 39 39.8 41.8 44.1 52.8 64.2 78.5 93 99.6 112.2 119.2 125.9 131.8 139.8 148 151.7 158.1 164.8 171.6 178.4
105.3 107 109.7 119.4 126.5 126.9 126.1 123 116.6 113.6 110.8 109.5 101.1 88.2 76.5 68.9 66.5 60.6 53.7 42.4 28.3 14.6 10.2 9.4 9 8.6 7.1 6.7 5.9 5.5 5.4 5.5 5.8 5.8 5.7 5.4 4.7 4 3.6 -2.6 -2.6 4.4 4.5 8.3 8.9 12.1 20.7 24.2 21.2 25.1 30 33.4 33.7 34.8 36.9 39.5 41.3 42.6 44.3 45.1 44 45.3 47.6 54.9 66.6 80.8 98.5 118.3 122.6 133.4 134 137.3 144.8 150.4 157.2 160.8 164.2 170 175.2 180.4
104.1 106.6 109.8 120.2 122.9 120.6 120.6 117.6 113.6 109.8 105 98.9 89.2 82.3 68.4 60.1 57.4 54.7 45.8 33 20.4 13.7 13 13 10.8 9.3 7.3 7 5.8 5.6 5.7 6.3 6.4 5.8 5.4 4.7 4.4 4.4 4.4 4.4 -2.6 4.7 4.7 8.5 11.3 18.5 26.2 27.5 27.2 29.3 34.1 35.8 36.8 39 42.2 43.8 45.6 47.7 49.7 51 51.1 51.5 56.8 68 93.5 107.6 120.2 137.1 144.8 148.5 147.2 148.3 154.6 158.9 162.5 163.6 166.2 173.2 179.5 185.4
101.9 106.2 109.2 114.4 115.1 115.3 116.8 115.7 111.9 102.6 95.9 90.7 84.1 76.1 62 52.4 48.7 44.5 37.1 22.1 15.8 12.5 13.2 11.8 10.9 9.7 8 7.3 6 6.5 7.4 7.4 6.2 5.8 5.4 4.9 4.5 4.6 4.5 -2.6 -2.6 6.5 7.3 9.7 13.7 19.7 25.2 29.5 31.6 33.7 35.5 38 41.5 44.6 46.8 49.6 51.7 54.6 57.5 57.8 59.9 64 70.8 83.7 120.2 141.5 152.3 157.6 159.7 159.8 154.6 157.3 160.6 162.9 164.3 165.5 169.2 175.2 182.3 186.5
99.9 104.8 106.5 107.8 108.3 108.5 109.4 109.2 105.8 95.7 88.8 85.4 74.1 63.9 54.5 45.9 40 28.6 21.5 15.6 12.4 11.2 10.5 11.2 10.3 9 8.1 6.9 6.6 7.5 6.8 6.4 5.6 5.2 4.6 4.6 4.6 4 -2.6 -2.6 7.7 7.3 9.2 11.1 14.7 20.1 26.5 31.9 34.5 36.5 39.4 43.1 46.9 50.1 53.1 56.9 61.9 65 65.9 66.4 70.9 76.2 83.6 95.7 129.9 163 177.7 173.3 168.6 162.8 160.1 160.1 161.9 164.2 165.9 169.2 172.4 176.2 183.7 188.2
98.2 104.7 104.6 103.1 103.3 102.5 102.4 100.2 96.4 88.9 79.8 69.8 62 51.3 43.7 35.7 29 23.7 18.3 14.3 11.3 8.8 7.8 7.4 7.3 6.8 6.4 6.3 6.4 7.5 6.7 5.5 4.5 4.2 4.2 4.3 4.4 -2.6 -2.6 7.3 8.7 8.2 9.6 13 17.2 23.6 30.1 35.1 38 41.6 45.1 49.3 53.5 57.4 61.4 69.1 70.8 72.1 72.5 74.9 82.5 85.5 91 103.2 132.3 169.9 182.1 178.9 170.1 162.8 161.6 161.5 164.2 167.1 169.3 172 176.7 181 186.4 190.7
93.8 102.3 100.9 100.8 101.5 98.7 95.9 92.8 90.5 84.7 75.2 60.8 51 43.3 36.7 29.9 23.7 22.2 18.7 13.6 9.8 7.9 6.8 5.9 5.8 5.9 5.1 4.8 5.4 5.9 4.9 4.2 4.2 4.3 4.3 -2.6 -2.6 -2.6 8.1 10.1 10.3 10.2 13.6 18.1 23.7 30 35.7 40.4 44.4 48.8 54.3 58.7 63 65.8 69.2 74.8 77.2 77.5 78.2 84.9 94 94 99.3 108.2 133.3 166.6 193.9 181.6 168.5 163.4 162.1 163.2 167.2 172.2 175.5 178.8 183.5 187.6 189.6 193.5
87.3 92.4 94.8 97.8 97.7 94.1 90.3 87.1 86.2 79.7 67.1 57.6 49.4 40.6 32.6 26.7 20.9 19.6 17.2 13.5 9.6 7.5 5.8 5.7 5.7 5.2 4 3.5 3.4 4 4.2 4.1 -2.6 -2.6 -2.6 -2.6 -2.6 6.5 10.8 11.8 12.4 15.3 20.2 26.1 31.6 37 42.2 47.3 52.9 58.3 64.5 68.8 72.4 74.2 76.7 79.8 82.3 82 87 93.9 99.7 101.1 104.8 111.1 129.6 167 185.4 177.5 164.9 165.2 163.1 164.9 170.9 176.5 181.1 185.5 189.8 192.3 193.4 196.1
81.7 87.4 91.5 93.3 93.1 89 85.1 83.5 80.3 72.4 62 56.2 51.2 40.4 29.1 23.6 19.1 16.8 15.1 12.2 9 7 5.7 5.6 5 4 3.5 3.3 3.6 4 4.1 -2.6 -2.6 3.8 4.2 4.5 6.8 9.6 11.9 13 15.9 21.2 29.9 38.6 43.4 45 49.9 56.4 63.1 68.5 74 78.6 81.4 82.6 84.1 85.5 86.5 89.4 95.4 101.9 102.8 105.9 108 115.8 127.5 139.9 163.2 173.5 161.1 159.8 163.3 167.4 175.3 181.7 186.7 190.9 193 194.1 194.9 197.3
77.5 84.8 87.7 87.1 86.6 83.8 79.3 78.2 73.7 65.6 59.9 55.2 50.9 38.6 26.8 21.2 17 14.8 12.6 10.1 8.2 6.7 5.9 5.7 4.4 4 3.6 3.3 3.6 4 -2.6 -2.6 -2.6 -2.6 5.2 10.6 12.2 12.9 13.9 15.5 19.2 29 39.3 48.5 53.6 57.1 61 66 73 79.6 83.5 86.8 88.4 89.5 90.6 90.8 90.9 98.1 106.6 113.1 109.9 108.9 112.7 116.8 123.7 135.1 144.4 157 152.6 156.1 166.1 174.1 181 187 191.4 193.9 194.7 194.9 195 196.9
69.5 70.9 81.4 79.1 76.8 76.3 73.9 71.8 66.9 63.3 59.5 55.3 48.8 35.7 24.5 18.6 15.4 12.1 9.7 7.9 6.5 6 5.4 5.6 4.3 4 3.6 3.3 3.6 4 1.9 -2.6 -2.6 -2.6 7.8 11.4 13.2 16.6 19.3 21.5 28.3 38.2 47.7 56.1 63.8 71.9 75.3 79 83.8 89.8 93.1 94.7 96 96.8 96.1 96.5 99.8 111.4 126.2 127.2 117.1 113.7 116.2 116.7 120 127.8 130.7 140.2 145.8 159.3 171.2 180.6 186.4 191.6 194.7 195.5 195.4 195.3 195.7 200.7
64.9 64.7 63.8 67.9 69.7 68.4 68.2 65.9 63.4 60.9 57.4 50.5 43.2 30.7 21.1 16.4 13.1 9.4 7 5.7 5.2 5.1 5.1 4.9 3.8 3.3 3.7 3.2 3.6 3.6 2.3 2.8 -2.6 -2.6 7.5 11.4 17.4 25.1 29.2 28.9 37.4 46.1 56.9 73.3 79 86.9 89.1 93.3 98.5 103.2 104.1 103.6 103.5 103.5 100.9 102.8 110.2 134.6 147 136.5 122 117 116 116.4 118 119.9 123.2 133.5 149.2 166.2 176.6 184.7 188.7 191.6 194.5 195.4 195.3 196.2 197.7 204.2
75 78.3 69.1 58.6 58.1 61.7 63 62.9 61.5 59.1 50.8 40.6 33.2 24.8 17.9 13.5 10.8 6.1 5.1 4.6 4.3 4 4.5 4.5 -2.6 -2.6 -2.6 -2.6 -2.6 -2.6 -2.6 -2.6 -2.6 4.9 7.5 12.8 20.8 25.2 27.6 36.5 44.8 53.2 72.9 90.3 96.6 98.6 101.7 104.6 110.5 113.3 112.3 110.9 109.5 107.9 104.7 108.2 117.8 151 160.9 144.2 126.2 119.7 117.3 119 122.5 122 128.3 139.1 153.9 172.3 180.9 188 189.5 190.2 192.6 194.1 195.5 196.5 200.3 205.8
80.1 81.8 70.8 58.3 55 56.8 60.3 61.1 60.7 57.5 45 32.1 25.6 20.5 14.3 11.8 7.9 4.3 4 3.7 3.4 3 3.9 -2.6 -2.6 3.5 4.3 4.5 3.9 4.9 5.2 6.7 7.8 7.8 9.6 14.5 21.6 27.8 35.7 44.2 48.9 65 84 100.2 107.4 107.7 107.9 110.3 113.7 117.4 115.6 112.9 110.6 107.6 105.4 111.3 123.5 148.8 164 145.3 131 122.4 119.6 120.5 121.6 126.5 135.3 145.7 162.6 179 182.9 186.3 188 188.8 190.7 194.5 196.1 198.4 203.8 208.4
78.3 76.4 62.6 56.7 53.6 54.8 59.3 59.4 58 52.6 38.1 25.8 19.8 15.3 12.3 9.2 4.4 4.1 4 3.6 3.2 2.8 3.5 -2.6 -2.6 3.5 4.1 4.4 4.6 6.8 7 7.5 9.5 11.6 15.6 20.5 26.8 33.5 40 43.5 57.1 71.2 85.3 109.3 116 111.2 116 117.5 119 121.2 118.9 114.3 109.7 105.7 105.9 113.6 125.4 142 150.8 141.5 130.9 124.5 122.1 122.8 126 134.9 146.2 159.7 174.7 181.1 180.4 183.2 188.2 190 192.7 198.1 202.3 206.3 208.1 206.1
75.4 75 70.4 63.2 53.7 52.8 56.4 56.2 53 42.7 30.3 21.3 16 12.4 10.4 7.7 -2.6 -2.6 -2.6 3.5 3 2.8 3.7 4.5 -2.6 -2.6 3.9 4.4 5.5 8.7 9.5 9.8 13 19.8 19.8 21.4 28.3 36.4 40.8 57.6 66.4 76.2 86.2 108.5 107.7 110.9 113.7 121.4 125.3 125.3 120.9 114.1 108.2 105.2 106.9 114.2 123.9 135.3 137.2 135.4 131.2 126.1 124.5 126.8 134.7 145.4 152.8 167.9 170.3 172.1 176.6 182.1 185.6 187.8 193.2 200.3 205.4 209.7 207.7 203.2
80.2 79.1 75.3 67.9 54.7 51.4 52.5 53.4 44.8 34 23.7 18.2 13.4 11.3 9.5 -2.6 -2.6 3.5 -2.6 2.9 2.8 3.7 4 3.8 -2.6 -2.6 5.4 6.5 8.9 10.5 11.6 12.2 11.9 16 18.5 23.9 32.2 42.5 54.8 71.3 76.4 83.2 87.5 101.3 101.4 110.9 113.4 125.3 132.6 127.9 120.3 112.2 107.4 105.6 106.8 113.4 119.6 126.5 128 130.4 129 127 125.9 130.7 144.7 146.9 154.5 160.2 164.1 169.4 174 177.5 181.6 185.5 191.7 200.4 208.1 210 205.2 199.7
