GeneralExemplars/GeoExemplars/data/LakeDistrict/terrain-50-dtm_3563996/sd/SD28.asc
ncols 200
nrows 200
xllcorner 320000
yllcorner 480000
cellsize 50
[rows 38 to 75 of 200, columns 0 to 83 of 200]
6 3.8 5.4 5.8 6.2 5.5 5.3 5.7 3 4.8 4.9 5.6 7.2 10.2 12.9 15.9 23 26.6 32 37.1 37.9 37 35.7 32.3 32.5 32.9 33.9 36.7 43.2 44.7 50.4 53.2 50.5 37.6 28.9 25.3 25.3 25.5 28 27.2 20.9 19.5 23.4 24.5 17.7 10.8 7.8 8.9 9.6 10.6 13 12.7 12.2 12.5 14.9 14.7 9.4 8.6 9 9.1 9.8 6.8 6.2 3.6 4.8 5.5 4.9 5.3 5.4 5.6 6.9 16.1 32 46.2 56.3 56.1 44.2 43.9 41.4 42.6 33.8 21.9 17.7 14.9
5.3 5.3 3.4 6.6 6.1 5.3 5.5 4.8 5 5.4 5.1 5.7 7.2 11.4 13.2 22.8 30 36.1 43.3 45.3 42.6 39 31.8 31.8 31.3 34.5 42.9 48.1 45.4 44.1 41.6 42.3 36.8 30.2 25.8 26.3 27.1 30.5 32.6 26.5 20.7 23 28.4 28.4 16.9 9.2 7.2 8.9 10 12.9 15.8 15.2 14.5 14.1 13.9 12.2 9.5 11.8 10.9 11.3 9.9 9.6 9.4 3.8 4.7 5.2 4.7 5.5 5.4 5.5 6.3 12.7 26.6 42.7 49.9 41.4 39.6 44.6 41.5 33.6 23.8 15.2 11.8 10.7
4.9 5.2 4.9 5.2 5.2 4.9 5.1 4.9 4.9 3 5 5.9 8 11.2 17.1 30.2 36.7 46.2 48.4 47.4 41.7 33.2 29.4 28.5 31.9 41.5 51.1 48.2 42.4 36.8 34.4 34.4 29.8 26.6 26.3 24.5 31.1 35.3 34.5 24.3 22.1 25.6 30.5 30.8 18.1 9.5 7.9 8.8 11.2 14.3 15.6 16.2 17 17.4 14.9 14.7 12.3 11 13.9 13.8 10.7 10.9 8.1 4 4.8 5.3 4.9 5.7 5.5 5.3 6 9.6 25.2 43 43.1 36.1 41.3 40.4 34.9 21.3 14.2 12.4 9.2 7.8
4.7 4.9 5.2 4.8 4.8 4.7 4.7 4.8 4.9 5 3.4 6.6 10.7 16.4 24.9 34.7 42.4 50.8 48.6 42.4 30.4 28 28.6 36.6 40.3 46.6 47.1 47 45.2 37.2 32.4 31.6 28.3 26.3 23.6 27.2 34.4 38.3 32.9 23.7 23.7 29.1 34 31.5 18 9.6 8.4 8.8 11.1 13.5 15.7 17.2 18.9 16.4 14.7 14.5 12.8 14.6 16 14.6 14.3 11.6 8.8 4.1 4.7 5.2 5.7 5.8 5.3 5.3 5.5 6.5 26.9 35.1 34.7 34.9 37.9 35.3 25.2 10.4 7.1 7.5 8.3 7.8
4.5 4.7 5.2 4.5 4.5 4.4 4.7 4.8 4.6 -2.6 -2.6 9.6 13.8 20.3 30.5 40.7 49.5 50.2 45.1 34.9 27.4 27.5 32.1 40.2 46 51.9 47.7 46.5 42.7 32.3 30.6 30.7 27.5 24.5 26.4 30.5 35.7 36.8 29.7 26.8 29.3 30.6 37.3 27.6 17.6 8.9 8.9 8.8 10.5 15.6 18.5 17.1 19 16 15.3 14.5 15.8 16.8 15.6 17.2 14.6 11.4 8.7 4.3 4.7 5.2 5.7 6.1 6.1 5.6 5.3 6.9 17.5 28.9 32.6 30.5 31.8 24.5 12.9 6.6 6 6.2 6.3 5.8
4.7 4.5 6 4.2 4.9 5.8 5.6 5.3 5 -2.6 -2.6 15.7 18.6 24.9 34.5 45.2 49.9 46.8 39.5 31.7 26.9 28 34.5 43.4 52.6 54.5 44.9 44.8 35.6 28.7 26.4 26.9 25.9 26.2 29.6 32.4 33.7 31.8 31.4 32.3 29.6 30.2 30.3 23.6 15.3 8.7 8.7 8.7 10.1 16.2 19.1 20 19.1 17.4 16.8 19 18.3 16 18.5 17.9 15 11.8 7.9 4.4 4.7 5.2 5.6 5.8 6.4 5.7 5.5 6.2 15.2 22.8 27.3 26.1 20.9 12.7 6 5.8 5.6 5.4 5.3 5.3
4.3 4.4 4.4 4.9 5.7 5.6 5.4 5.2 5 -2.6 8.4 18.2 22.2 26.8 38.8 46.6 47.3 42.3 35 30 26.3 30 39.3 51.1 51.3 42.9 36.1 32.2 27.7 21.9 23.8 26.7 24.1 28.4 32.6 33.7 29.4 29.5 31.5 31.2 31.4 34.1 31.2 23 13.9 8.6 7.9 7.9 10.1 17.8 19.1 19.3 18.6 19.2 21.3 21.4 18 19.8 20.5 17.6 15.9 10.1 7.5 4.5 4.7 5.2 5.4 5.5 5.9 5.8 5.4 5.5 10.9 17.4 22.1 19.6 14.4 8.2 5.4 5.2 5 4.4 5.5 5
4.3 4.3 2.5 5 4.6 4.3 4.2 5 4.6 -2.6 8.7 18.6 26.6 30.7 41.7 45.3 43.4 36.8 29.8 26 26.8 32.8 46.1 48.1 37.1 33.2 28 24.1 18.8 23.7 26.1 25.1 26.4 31.9 33.1 30.7 27.8 29.1 30.6 33 38.6 42.5 35.1 25.2 15.2 8.6 7.6 7.7 9.4 14.1 15.8 18.9 21.8 23.2 24 21.3 21.7 21.8 19.4 18.7 14.8 10.1 7.4 4.6 4.8 5.3 5.5 5.7 5.6 5.8 5.5 5.6 7.5 11.8 14.4 13.1 8 5 5.4 5.3 5.1 5.2 5.3 5.9
4.3 4.2 2.5 3.4 4.7 4.9 4.4 4.7 4.7 -2.6 10.2 19.3 27.4 37.4 41.1 42.9 38.8 33.2 25.5 25.6 23.9 29.9 33.5 29.8 28.8 27.5 23.5 18.1 17.9 21.4 26.9 23 28 30.9 30.6 27.3 27.1 29.6 35.9 40.1 45.6 46.5 36.7 25.2 14.6 7.7 7.2 8.6 11.8 20.3 20.2 19.3 23.8 26 25 24.1 24.5 22.2 19 18.7 13.2 10.3 7.5 4.8 4.8 5.4 5.5 5.5 5.5 6 5.5 5.7 5.5 6.2 8 7.5 4.5 4.8 4 5.4 5.7 5.7 6.1 6.3
4.3 4.1 3 3.4 4.4 5 4.3 4.4 4.6 -2.6 9.5 20.9 34.5 39.9 42.2 40.3 34.7 29.2 23.4 21.3 23.8 27.5 27.2 23.7 23.3 21.3 17.6 16 15.7 24.5 21.6 24.2 28.8 29.3 26.5 24.4 28.9 37.8 46 52.3 53.7 48.6 36.8 23.2 11.3 7.3 7.1 7.9 14.4 20 18.9 21.8 24.1 26.2 26.7 25.8 24.8 21.3 18.5 16.1 13.7 11 8 4.8 4.8 5.4 5.4 5.8 3.2 5.9 5.3 5.3 5.3 5.5 5.3 5.2 5.4 6.1 6 6.3 6.2 6.9 6.9 7.5
4.3 4.1 -2.6 -2.6 3.5 4.9 4.6 4.8 4.8 -2.6 15.6 27.1 36.9 39.7 40.1 37.5 33.5 27.3 20.6 21.3 25.4 25.1 23.2 20.2 19.8 17.4 13.5 13.2 18.7 20 22 26.4 27.4 25.1 23.6 27.1 39.2 50.7 56.5 59.6 60.4 49.6 34.5 20.4 9.3 7.3 6.5 7.7 13.3 14.8 18.6 22.6 25 26.9 28.6 25.9 22.3 18.5 17.1 16.5 13.7 11 7.1 3.7 5.3 5.3 5.3 5.3 4.2 5.9 5.4 5.1 5.1 4.3 5.4 6 6.3 6.9 7.6 6.6 6.5 7.1 8.7 8.5
4.7 4.7 -2.6 -2.6 -2.6 3.4 -2.6 -2.6 -2.6 -2.6 20.3 29.5 36.7 38 37.2 34.7 31.2 23.3 16.5 19 20.2 18.6 17.9 15.1 14.7 12.3 10.9 12.5 14.9 21.6 27 25.9 26.4 21.5 22.9 34.8 50.7 59.8 64.5 64.8 59.1 46.6 32.1 18 11.9 7.8 6.4 8 9.4 13.7 18.1 23.1 25.2 27.9 27.1 24.1 20 19.3 19.1 14.6 12.2 9.9 6.5 4.9 5.2 5.2 5.2 5.1 5 5.3 5.2 4.4 5.5 6 6.4 6.9 7.2 8.2 8.3 7.9 7.7 8.4 8.9 8.1
5.1 5.2 5.1 -2.6 -2.6 -2.6 -2.6 -2.6 -2.6 13.9 24.8 31.7 35.3 34.8 33.8 31.7 25.9 17.3 13.2 14.9 19.5 18.2 13.8 11.1 10 9.4 11 11.3 20.7 26.8 27 24.9 24.2 21 31 43.9 56.5 62.8 66 61.3 52.6 40.4 27.2 17.5 14.2 8.7 7 6.7 7.9 14.8 19.3 23.3 26 25.6 23.7 22 17.7 17.7 14.2 10.7 9.5 3.7 5 4.8 5.2 5.2 5.2 5.3 5.3 5.6 4.6 5.7 6.1 6.4 6.7 7.3 7.2 7.2 8.2 8.6 8.8 8.9 8.8 8
5.3 5.1 4.7 4.8 -2.6 -2.6 -2.6 -2.6 7.2 16.3 26.8 30.8 33.3 32.2 30.5 25.5 17.4 11.4 10.7 12.7 17.4 14.2 9.8 8 8.7 8.7 9.3 15.6 25.6 26.5 25.3 19.8 17.6 26.6 42.3 55.1 63 61.4 59.9 53.4 43.5 33.2 21.4 17.9 13.7 8.7 7.1 6.8 7.6 13.2 20.1 22.7 21.9 20.6 21.1 18.7 19.7 15.5 7.8 6.8 4.6 4.7 5.3 5.1 5.2 5.2 5.3 5.3 5.3 3.2 5.6 5.4 6.6 6.7 7.3 7 6.8 6.7 6.8 6.9 7.4 8.7 8.1 7.8
5 4.7 4.5 4.6 4.6 4.8 -2.6 -2.6 10.3 17.8 25.6 30.3 30.4 30.6 27.5 21 12.2 8.7 10.4 11.9 12.3 7.7 6.4 7.1 8.1 8.5 12.6 23.3 26.5 25.4 21.1 15.2 17.2 32.2 52.6 61 60.8 56 52.5 42.6 32.6 24 18.2 17.2 12.3 8.2 7.2 7.2 10 12.6 20.9 23.1 21.3 18.7 14.1 14.2 19.5 12.9 6.7 5.2 5.5 5.5 5.3 5.3 5.2 5.3 5.4 5.3 5.3 3.2 5.6 5.8 6.1 7.8 7.9 7 6.6 6.6 6.6 6.6 6.8 6.7 6.6 6.6
4.6 4.5 4.4 4.5 4.6 4.6 4.7 -2.6 10.1 18.5 26.5 29.6 30.3 27.7 22.8 15.6 7.7 7.5 8.5 8.5 6.3 5.9 6.1 7.4 8.7 11.8 16.9 22.3 25.2 22.9 14.8 12.4 20 37.5 48.7 54.2 51.1 46.3 39.3 30.1 22.8 20.1 20.5 18.7 12.7 8.3 7.1 8 12.5 16.4 23.1 21.4 19.3 15.4 11.3 14.9 11.5 6.9 4.6 5.5 5.5 5.4 5.5 5.6 5.5 5.5 5.5 5.5 5.5 5.4 5.5 5.6 5.9 6.9 7.6 7 6.6 6.4 6.4 6.4 6.5 6.3 6.3 6.2
4.5 4.5 4.5 4.6 4.6 5 -2.6 -2.6 12.5 22.5 28.9 32.2 28.8 23.1 16.1 9.2 6.3 6.6 7.4 6.2 5.8 5.4 5.9 7.9 12.9 15.3 19 25.4 24.6 17.2 12.1 13.7 24.2 38.8 43.5 44.8 43.4 36.8 27.1 20.6 18.3 22.9 25.1 22.3 17.3 10.3 7 6.4 9.9 16.4 21.4 20.2 15.9 12.1 11.4 12 6.4 4.5 5.2 5.8 5.6 5.4 5.7 5.9 5.7 5.6 5.7 5.7 3.2 5.4 5.5 5.2 5.4 6.5 6.7 6.7 6.6 6.5 6.1 6.3 6 5.9 6.1 6.6
4.7 4.6 4.6 4.6 3.5 4.5 -2.6 -2.6 14.7 26.6 29.6 29.3 22.7 18 12.7 6.5 6.1 6.2 6.3 5.9 5.4 5.5 6.1 8.8 13.9 17.9 26.1 28.3 23.5 12 11.9 17.1 30.3 37.2 40.1 40 37.6 27.7 19.8 17.5 21.1 27.9 28 26.2 22.1 10.8 6.7 6.2 12.4 14 16 17.1 13.9 15.2 8.3 4.7 4.8 5.3 6.1 6.6 6.7 6.6 6.6 6.4 6.4 6.1 5.9 5.7 5.7 5.3 6.2 5.5 5.4 5.3 5.9 5.8 5.6 5.6 5.5 5.1 5.4 5.5 8.1 17.9
4.7 4.6 4.7 3.8 4.7 -2.6 -2.6 -2.6 18.6 28.3 28.4 25.3 18.5 13.3 9.4 5.8 5.8 5.7 5.8 5.7 5.4 5.8 6.1 7.3 14.6 27.2 30.3 27 17 11.8 11.7 21 26.3 33.7 37.7 35 29.9 17.9 17.8 22.1 26.8 31.7 33.7 31.3 20.2 12 7 6.1 7.3 6.8 9.7 13 14.9 9.6 3.2 5.4 6 6.5 7 7.4 7.7 7.8 7.5 7.1 7.1 6.7 6.1 5.6 5.3 5.3 3.7 5.4 5.4 5.5 5.5 5.3 5.3 5.3 5.4 5.5 5.6 6.5 13 20.9
4.9 4.9 4.3 4.7 4.7 -2.6 -2.6 13.1 24.8 27.8 26.4 21.4 14.7 8.6 6.1 5.5 5.5 5.5 5.5 5.4 5.6 5.8 6.1 8.8 23.2 33.7 31.2 23.8 14.7 12.2 12.3 18.2 24.4 33.6 31.7 29.7 20.8 14.4 20.1 25.8 32 38.3 40.5 29.2 20.1 14 8.4 6.5 5.9 5.9 7.3 13.1 10.3 6.5 5 6.3 7 7.4 7.7 8.2 8.6 8.6 8.2 7.9 7.7 6.8 6.1 5.5 5 5 4.9 4.4 5.3 5.4 5.3 5.5 5.7 5.7 5.6 5.7 6.8 13.2 14.7 24.5
5 4.9 4.5 4.7 5 -2.6 -2.6 18.4 25.1 25.4 24.4 16.4 8.3 6.8 5.6 5.6 5.6 5.5 5.5 5.4 5.5 5.7 6.2 14.3 32.6 33.7 29.6 21.5 16.9 12.4 13.6 14.9 24.2 31.3 26.4 22.3 15.1 12 22.5 31.1 39.8 46.8 38.4 28.5 20.5 14.5 7.8 6.3 5.8 6 6.3 7.9 6.1 4.4 5.9 6.7 7.6 7.9 8.4 8.8 8.7 8.5 8.6 8.4 7.9 6.8 6.2 5.5 4.9 4.5 4.7 5.4 4.5 5.3 5.5 5.7 6.2 6.4 6.1 6.4 9.5 14.7 26.6 38.7
4.9 4.1 4.6 4.3 4 -2.6 -2.6 15.6 22.7 23.3 19.2 10.2 6 5.4 5.6 5.6 5.6 5.5 5 5.2 5.4 5.8 6.9 21.1 35.3 34.2 28.2 19.9 13.8 12.2 12.9 14 20.3 25.3 18.9 13.5 9.8 11.7 26.1 38 47.8 47.3 39.6 25.2 17.2 15.7 11.4 6.1 5.9 5.8 5.4 5.1 5 4.8 5.4 6.1 7.1 8.4 8.7 8.9 8.7 8.5 8.4 8.7 7.8 6.6 6.2 5.5 5 4.5 4.9 5.5 5.2 5.5 5.7 5.9 6.3 6.7 6.8 8.8 13.2 24.1 39.8 47.1
5 4.2 4.6 4.4 3.8 -2.6 -2.6 14.7 19 18.6 11.7 5.8 5.9 5.3 5.5 5.5 5.5 5.5 5.3 5.4 5.5 6 7.3 27.4 36.4 31.9 24.9 19.9 12.6 9.9 9.6 14.4 17.4 18.7 9.8 7.9 9.6 16.7 29.8 43.4 46.8 40.5 32.2 19.2 15.9 13.5 9.3 6.2 5.6 5.5 5.2 5.4 3.2 4.9 5.4 6.1 7.6 8.7 8.8 9 8.8 8.5 8.3 8.6 8 6.2 5.4 5.2 3.9 5.8 5.6 5.6 5.6 5.8 5.9 6 6.4 6.8 9.3 13.6 21.8 30.3 45.9 50.5
4.2 4.5 4.2 4.6 4.1 -2.6 -2.6 8.3 14 11.1 6.5 5.5 5.6 5.7 5.4 5.3 5.3 5.5 5.5 5.8 5.9 6.9 20.6 35 35.9 28 21.7 19.8 13.9 10.4 8.8 12 13 11.5 7.8 8.1 13.6 23.6 36.8 45.2 41 35.6 27.9 19.3 16.9 14.7 10.4 6 5.7 5.7 5 5 5.1 5.1 5.5 6.4 8.3 9.1 9.1 9 8.8 8.6 8.3 8.4 7.1 6.6 5.7 3.2 5.8 5.7 5.5 5.8 6 6.1 6.2 6.4 6.7 8.5 13.2 20 29.4 41.6 48.9 52.9
4.4 4.2 4 3.7 -2.6 -2.6 -2.6 6.6 7.6 6.5 5.7 5.7 5.8 5.8 5.4 5.1 5.2 5.6 5.6 5.9 6.3 12.1 28 35.1 30.5 23.3 19.9 17.6 13.3 9.5 8.4 8.5 8.3 7.5 8.1 8.5 20.1 29.9 42.4 43.4 39.2 34.1 25.7 20.6 20.3 18.5 13.6 6.4 5.9 5.7 4.9 4 4.8 5.4 5.9 6.7 9 9.1 9 8.9 8.8 8.6 8.3 6.9 6.1 5.7 5.2 3.2 5.6 5.5 5.6 5.6 5.7 6.2 6.8 6.4 7.9 12.2 18 27.1 41.4 49.8 53.9 56.9
4.3 4 3.8 3.5 -2.6 -2.6 -2.6 4.5 4.9 5.6 5.6 5.6 5.5 5.6 5.5 5.2 5.3 5.6 5.7 6.7 7.6 23 34.9 36.3 23.8 20 19.9 16.7 9.4 6.6 6.5 6.5 6.5 6.8 8.6 15 25.3 36.9 42 41.1 38.6 33.5 23.3 24.4 23.4 21.6 17.5 5.5 5.4 5.5 5.1 5.4 5.5 5.6 5.5 6.3 8.2 9 8.9 8.8 8.7 8.6 7 6.2 5.6 5.2 3.2 5.8 5.6 5.8 5.8 5.8 5.7 5.5 6.1 10.1 13.4 18.4 25.1 39.9 45.9 57.5 60.2 63.3
4.4 3.9 3.6 -2.6 -2.6 -2.6 3.3 4.3 4.6 5 5.1 5.1 5.2 5 5.4 5.6 5.6 5.7 6 8.3 15.7 26.8 32.9 29.9 23.1 21.2 20.1 9.6 6.2 6.2 6.1 6.1 6.4 8.5 12.9 22.5 31.7 41.3 42.1 40.5 38.7 30.1 25.5 25.1 21.1 24.9 16.9 5.7 5.7 5.2 4.9 5.2 5.3 5.3 5.4 6.1 6.4 8.1 9.2 8.8 8.4 7.7 6.3 5.8 5.2 3.2 5.7 5.8 5.9 6 6 5.8 5.7 6.9 11.6 18.3 26.4 31 34.8 48.5 54.9 59.7 64.9 67.5
4.4 4 3.6 -2.6 -2.6 1.9 4.4 3.9 4.4 4.3 4.4 4.7 4.9 5 5.6 5.7 5.7 5.7 6.1 7.4 19.5 29.6 30 26.9 23.9 20.8 14.5 6.9 6.4 5.6 8.2 9.3 13.5 17.7 20.2 30.5 38.3 41.7 41.6 40.6 37.4 28.7 27.4 25.5 22.1 25.9 17.4 5.7 5.4 5.1 4.7 5.1 5.2 5.3 5.3 5.7 6.1 6.5 8.6 8.8 8.1 6.7 5.7 5.2 3.3 5.6 5.7 5.8 5.9 6 6.2 6.3 11.7 14.6 19.6 32.5 39.9 42.9 47.4 54.4 62.5 66.7 71.4 73.9
4.6 4.1 3.6 -2.6 -0.5 2.6 3.6 4 4.4 4.6 4.4 4.9 4.8 4.8 5.1 5.7 5.5 5.7 6.1 9.9 21.2 28.3 29.2 24.7 23.3 16 6.9 6.3 6.4 7.1 13.9 19.3 27.5 29.9 27.4 32.7 39.9 41.5 41.6 40.2 36.2 32 30 26.1 24.4 27.2 14.8 5.8 5.3 5 5 5.1 5.2 5.2 5.3 5.4 5.8 6.2 6.5 6.6 6.5 6 5.1 5.3 5.5 5.6 5.7 5.8 6 6 6.4 16.8 25.9 29.3 32.8 42.4 51.7 58.3 56 61 68.3 73.1 77.6 83.3
4.5 4 3.4 -2.6 -0.1 3.1 3.8 4.4 4.4 4.5 4.8 4.9 4.8 4.8 5.2 5.5 5.4 5.5 6 11.9 19.6 25.7 24.4 21.1 18.1 11.2 5.9 6.2 6.7 17.8 25 29.1 36.9 37.8 32.6 36.4 39.4 41.1 41.8 39.6 35.1 30.3 26.9 27.1 22.7 17 6.4 5.3 5.4 4.6 5.1 5.1 5.1 5.2 5.3 5.4 5.5 5.7 6 5.9 6 5.3 4 5.6 5.6 5.7 5.7 5.9 6.1 6.5 14.1 25.2 36.9 42.7 45.3 51.7 58.5 66.2 69.6 69.4 76.4 81.2 85.8 86.7
4.3 4.2 -2.6 -2.6 -2.6 2.5 4.6 4.4 4.3 4.3 4.6 4.5 4.8 4.9 5.1 5.4 5.3 5.5 5.9 13.6 20.3 23.6 22.9 21.7 14.8 6.5 5.7 6.2 14.9 27.8 35.6 41 43.2 36.7 34.2 40 42.2 42.4 41.3 39.4 32.9 28.5 28.5 32.3 27.6 6.3 5.6 5.9 5.2 5.1 5.4 5.1 5.1 5.2 5.3 5.4 5.3 5.3 5.5 5.6 5.7 5.3 5.4 5.4 5.5 5.6 5.7 5.9 6.2 12.5 22.2 33.2 42.5 50.6 55.8 58.7 64.5 71.6 75.4 77.7 86.8 92.6 92 88.7
4.3 4.3 -2.6 -2.6 -2.6 -2.6 4.6 4.5 4.5 4.5 4.6 4.8 4.7 4.8 4.7 4.8 5.4 5.6 6.1 13.5 20.2 21.2 22.6 21.1 10.2 5.9 5.8 8.8 21.5 32.3 42.1 44.6 43.1 34 39 44 44.5 43.7 41.4 35.8 29.2 29.7 34.3 22.2 10.3 5.7 5.2 5.2 4.7 5.4 5.6 5.3 5.4 5.4 5.5 5.4 5.4 5.4 5.4 5.4 5.4 5.3 4.3 5.3 5.4 5.6 5.8 5.9 11.4 20.4 30.1 39.6 46.7 53.8 59.1 62.9 69.2 78.6 84.5 80.8 93.5 95.1 94.4 94.2
4.9 3.4 0.9 -2.6 -2.6 -2.6 -2.6 4.7 4.7 4.6 4.5 4.3 4.8 4.8 4.8 4.9 5.2 5.4 5.8 11.8 18.8 19.3 20.6 13.5 6.2 5.5 5.9 13.4 26.8 34.8 38.9 40 36.2 38.2 47.6 49.3 46.2 43.6 37.8 32.3 31.4 31.6 34.5 13.4 5.5 5.3 5.4 4.6 4.9 5.5 5.5 5.3 5.9 6.1 5.6 5.5 5.5 5.4 5.5 5.5 5.4 5.5 4.8 5.3 5.4 5.7 6.1 9.5 18.7 28.3 38.1 46.2 49.7 52.9 58.5 69.1 80.6 89.2 92.2 89 93.6 96.7 97.6 99.8
4.7 1.9 -0.1 -2.6 -2.6 -2.6 -2.6 4.7 4.5 4.4 4.3 4.6 4.7 4.8 4.7 4.8 5.1 5.3 5.3 13.7 18.1 19.4 17.5 6.6 5.7 6 6.4 14.1 23.6 28.8 32.3 33.5 35.8 48.1 55.1 50.1 46.5 40.5 32.4 30.7 33.1 30.5 20.4 10.3 5.4 5.1 4.5 4.8 5.1 5.4 5.4 5.3 5.6 5 5.3 5.3 5.4 5.2 5.5 5.6 5.5 5.1 4.5 5.8 5.5 5.8 6.6 16.2 26.3 36.5 46.3 54 53.7 54.1 66.1 71.9 88.5 97.6 98 94.8 97.6 100.3 101.5 103.9
3.3 1.9 0.2 -1 -2.6 -2.6 -2.6 4.7 4.5 4.3 4.2 4.4 4.5 4.4 4.5 4.7 5.1 5.4 5.1 12.4 12.8 18.1 8.2 5.8 5.7 6.1 6.7 12.4 15.9 20.7 29.4 35 44.1 51.7 55.2 50.1 47.2 40.4 35.1 30.5 29.3 26.5 7.1 5.7 5.2 3.4 4.9 5.2 5.3 5.3 5.3 5.3 5.3 5.2 5.3 5.4 5.2 6 5.8 5.6 5.3 5 4.9 5.5 6 6.1 11.6 22.6 34.2 45.4 57.4 58.1 56.9 55.5 66.7 74.9 92.7 103.3 103.3 100 101.5 102.9 104.5 103.8
3.3 2.4 1.2 0.2 -0.9 -2 -2.6 -2.6 4.4 4.3 4.1 4.3 4.2 4.3 4.4 4.7 5 5.4 6.7 8.9 9.8 13.9 6.1 6 5.8 5.9 5.9 6.4 11.7 25.9 34 44.1 51 56.9 53.1 50.6 51.2 40.6 35.2 29.2 23.8 8.8 6.1 5.3 4.2 4.8 5.1 5.5 6 6.9 7.2 6.5 6.1 5.4 5.5 5.5 5.5 5.6 5.9 5.5 5.4 5.1 5 5.4 5.7 6.6 17.9 29.4 41.3 53.8 64.2 64.2 61.4 54.7 64.6 76.5 90 98.5 102.4 103.6 105.5 102.2 99.3 99.3
3.5 3.3 2.1 1 -0.1 -1.2 -2.6 -2.6 4.4 4.3 4.3 4.7 4.3 4.5 4.6 4.6 5.1 5.5 5.7 4.9 6.2 6.3 6 5.9 5.8 5.7 5.8 11.5 21.6 36.3 37.7 53.9 56.8 54.3 50.2 51.8 50.8 39.3 33.1 27 17.7 6.6 5.4 5 4.6 5 5.3 6.1 8.2 9 9.1 8.9 7.9 7.1 6.1 5.9 5.7 5.5 5.4 5.9 6.1 5.1 5.3 4 6 11.5 23.3 35.5 48.3 61.1 69 65.4 57.4 52.1 63.4 72.1 79 96.6 103 101.2 98 95 93.9 92.4
4.1 3.8 2.5 1.3 0 -1.2 -2.6 -2.6 3.6 3.9 4.3 4.7 4.4 4.4 4.4 4.6 5.1 5.6 5.9 6.4 6.7 6.7 5.7 5.8 5.8 5.5 8.6 20.5 32.4 44.7 50.7 59.9 56.5 48.7 49.9 53.8 48.5 33.3 29.1 22.1 8.2 5.6 5.2 4.7 4.8 4.9 5.4 6.4 8.4 9.4 9.4 9.4 9.4 9.2 8.3 6.2 6 5.7 5.4 5.4 5.7 5.7 5.3 5.4 7.9 17.6 28.8 40.9 53.4 63.2 61.2 53 46.7 51.7 61.3 70.6 83 93.4 94 90.5 87.7 89.4 89.8 89.6
