GeneralExemplars/GeoExemplars/data/LakeDistrict/terrain-50-dtm_3563996/sd/SD28.asc
ncols 200
nrows 200
xllcorner 320000
yllcorner 480000
cellsize 50
[rows 152 to 189 of 200, columns 0 to 83 of 200]
1.1 0.6 0.2 -0.3 -0.7 -1.2 -1.7 -2.1 -2.6 -2.6 -2.6 -2.6 -2.6 -2.6 -2.6 -2.6 -2.6 -2.6 -2.6 -2.6 -2.6 -2.6 -2.6 -2.6 -2.6 -2.6 -2.6 -2.6 -2.6 -2.1 -1.6 -1.2 -0.7 -0.2 0.3 0.8 1.3 1.8 2.4 2.9 3.3 3.4 3.5 3.6 3.6 3.5 3.3 -2.6 -2.6 -2.6 3.7 5.4 5.1 12.6 25.3 31.2 33.1 35.4 34.7 34.2 33.8 33.7 36.4 44 52.5 58.8 59.5 55.4 52.6 51.5 54.1 57.2 63.3 72.3 78.6 73.7 75.8 84.1 91.3 100.3 108.5 117 124.5 131.7
1 0.6 0.1 -0.4 -0.8 -1.3 -1.7 -2.2 -2.6 -2.6 -2.6 -2.6 -2.6 -2.6 -2.6 -2.6 -2.6 -2.6 -2.6 -2.6 -2.6 -2.6 -2.6 -2.6 -2.6 -2.6 -2.6 -2.6 -2.6 -2.3 -1.8 -1.3 -0.8 -0.3 0.2 0.8 1.3 1.8 2.4 2.9 3.4 3.3 3.3 3.4 3.4 3.3 1.4 -2.6 1 3.6 4.7 4.6 5.2 22 31.6 35.9 35.4 37.4 35.6 33.2 32.8 32.7 36.2 44.2 50.6 53.2 51.6 49.1 45.7 48.1 51.8 56.2 64.6 70 66.8 74.1 81 89.5 99.2 108.3 116.3 124.9 133 139.8
0.9 0.5 0 -0.4 -0.9 -1.4 -1.8 -2.3 -2.6 -2.6 -2.6 -2.6 -2.6 -2.6 -2.6 -2.6 -2.6 -2.6 -2.6 -2.6 -2.6 -2.6 -2.6 -2.6 -2.6 -2.6 -2.6 -2.6 -2.6 -2.6 -1.9 -1.4 -0.9 -0.3 0.2 0.8 1.3 1.9 2.4 3 4 3.8 3.5 3.3 3.3 2.5 -0.4 -2.6 4 4.7 4.7 4.8 11.7 32.7 37.4 38.1 36.7 37.3 36.9 33.5 32.7 31.8 35 40.6 44.1 45 43.1 41.6 41.2 44.1 47.4 52.5 62.4 60.8 71.2 76.8 82.9 94.6 103 112.7 121.4 130.8 138.3 145.2
0.9 0.4 -0.1 -0.5 -1 -1.4 -1.9 -2.4 -2.6 -2.6 -2.6 -2.6 -2.6 -2.6 -2.6 -2.6 -2.6 -2.6 -2.6 -2.6 -2.6 -2.6 -2.6 -2.6 -2.6 -2.6 -2.6 -2.6 -2.6 -2.6 -2 -1.4 -0.9 -0.3 0.2 0.8 1.3 1.9 2.4 3 4.4 4.3 4 3.7 2.5 0.9 -0.6 -2.6 4.2 4.8 4.9 6 27.1 36.1 39.6 39.6 38.2 36.4 36.5 34.8 33.4 31.3 32.3 36.2 36.7 37.4 38.9 38.5 39.8 43.1 51 55.4 60.5 71.2 74.4 78.5 85.7 97.2 106.2 115.7 125.9 135.5 144.4 152
0.8 0.3 -0.2 -0.6 -1.1 -1.5 -2 -2.5 -2.6 -2.6 -2.6 -2.6 -2.6 -2.6 -2.6 -2.6 -2.6 -2.6 -2.6 -2.6 -2.6 -2.6 -2.6 -2.6 -2.6 -2.6 -2.6 -2.6 -2.6 -2.6 -2 -1.5 -1 -0.4 0.2 0.7 1.3 1.8 2.4 2.9 3.9 4.2 4 3.7 2.1 0.2 -2.6 -2.6 4.2 4.2 5.7 17.3 26.8 35.2 36.6 37.2 36.6 34.2 36.1 36.6 34.8 31.8 30.9 32.2 33.1 34.3 36 37.1 38 43.8 54.7 62.9 67.8 71.3 75.5 81.5 87.9 98.2 108 119.9 130.8 139.6 148.1 156.6
0.6 0.2 -0.2 -0.7 -1.2 -1.6 -2.1 -2.5 -2.6 -2.6 -2.6 -2.6 -2.6 -2.6 -2.6 -2.6 -2.6 -2.6 -2.6 -2.6 -2.6 -2.6 -2.6 -2.6 -2.6 -2.6 -2.6 -2.6 -2.6 -2.6 -2.1 -1.6 -1 -0.5 0 0.6 1.1 1.7 2.2 2.8 3.3 3.7 3.4 3.3 1.7 -0.2 -2.6 -2.6 4.2 4.5 7.5 15.9 29.1 34 34.3 34 33.6 34.3 37.6 39.2 36.2 32.5 30.8 30.8 32 33 34.3 35.5 40.1 45.4 56.9 63.3 67.2 71.5 77.4 83.8 92.3 104.2 114.5 124.5 134.4 143.7 153.2 162.4
0.4 0.1 -0.3 -0.8 -1.2 -1.7 -2.2 -2.6 -2.6 -2.6 -2.6 -2.6 -2.6 -2.6 -2.6 -2.6 -2.6 -2.6 -2.6 -2.6 -2.6 -2.6 -2.6 -2.6 -2.6 -2.6 -2.6 -2.6 -2.6 -2.6 -2.3 -1.7 -1.2 -0.7 -0.1 0.4 1 1.4 1.8 2.1 2.6 2.7 2.1 1.8 0.5 -1.2 -2.6 -2.6 4.3 4.7 8.7 18.1 29.9 32.4 34 33 32.6 34.8 39.3 43.3 39.8 33 29.5 30 31 31.9 32.9 36.6 41.7 49.1 56.3 61.8 66.3 72.2 77.7 85 96.3 108.9 119.1 128.8 136.8 147.2 157.5 167.4
0.3 0 -0.4 -0.9 -1.3 -1.8 -2.2 -2.6 -2.6 -2.6 -2.6 -2.6 -2.6 -2.6 -2.6 -2.6 -2.6 -2.6 -2.6 -2.6 -2.6 -2.6 -2.6 -2.6 -2.6 -2.6 -2.6 -2.6 -2.6 -2.6 -2.6 -1.9 -1.4 -1 -0.6 -0.2 0.2 0.6 1 1.4 1.6 1.5 1 0 -0.9 -2.6 -2.6 4.1 4.7 5.4 15.6 24.9 32.4 33.1 32.5 31.6 31.7 35.6 42.2 47.3 43.4 33.7 28.4 29 29.8 30.8 32.6 36.8 42.7 52.6 56.3 61.4 66.8 72.6 79.6 88.7 100.4 112 123.9 131.9 139.5 149.5 160.6 170.3
0.1 -0.2 -0.5 -0.9 -1.4 -1.9 -2.3 -2.6 -2.6 -2.6 -2.6 -2.6 -2.6 -2.6 -2.6 -2.6 -2.6 -2.6 -2.6 -2.6 -2.6 -2.6 -2.6 -2.6 -2.6 -2.6 -2.6 -2.6 -2.6 -2.6 -2.6 -2.5 -2.1 -1.7 -1.3 -0.9 -0.5 -0.2 0.2 0.6 0.6 0.2 -0.3 -1 -2.6 -2.6 4 4.7 4.8 10.1 22.4 27.4 29.3 29.4 30.8 30.5 30.8 36.9 44.4 48.6 44 33.7 27.5 28 28.3 30.5 33.2 39.3 45.5 52.1 56.9 61.1 67.3 74.1 82.4 92.2 105.2 116.8 127.8 134.8 141.6 152.2 162.8 173.6
-0.1 -0.3 -0.6 -1 -1.5 -1.9 -2.4 -2.6 -2.6 -2.6 -2.6 -2.6 -2.6 -2.6 -2.6 -2.6 -2.6 -2.6 -2.6 -2.6 -2.6 -2.6 -2.6 -2.6 -2.6 -2.6 -2.6 -2.6 -2.6 -2.6 -2.6 -2.6 -2.6 -2.5 -2.1 -1.7 -1.3 -0.9 -0.5 -0.1 -0.4 -1 -1.6 -2.6 -2.6 5.7 4.7 4.7 6 15.3 23 26.5 26.8 28.5 28.4 27.7 30.5 37.5 42.1 43.6 39.8 31.3 26.1 26.5 27.4 30.1 35.1 42.4 47.5 52.8 56.2 60.4 69.7 79.5 89.2 99.6 111.1 122.1 130.8 137.8 147.1 158.6 166.3 178.6
-0.2 -0.5 -0.8 -1.1 -1.6 -2 -2.5 -2.6 -2.6 -2.6 -2.6 -2.6 -2.6 -2.6 -2.6 -2.6 -2.6 -2.6 -2.6 -2.6 -2.6 -2.6 -2.6 -2.6 -2.6 -2.6 -2.6 -2.6 -2.6 -2.6 -2.6 -2.6 -2.6 -2.6 -2.6 -2.5 -2.1 -1.7 -1.3 -0.9 -1.3 -2.6 -2.6 -2.6 3.4 4.4 4.7 5.1 10.8 17.5 21 24.2 26.3 28.1 27 24.7 29.9 33.9 35.4 35.6 33.7 27.3 24.5 25.7 28 31.1 38.8 44.4 47.8 51.3 54.7 62 72.9 84.1 94.9 105.5 116.5 125.3 133.6 143.2 153.1 162.8 172 183.3
-0.4 -0.7 -0.9 -1.2 -1.7 -2.1 -2.6 -2.6 -2.6 -2.6 -2.6 -2.6 -2.6 -2.6 -2.6 -2.6 -2.6 -2.6 -2.6 -2.6 -2.6 -2.6 -2.6 -2.6 -2.6 -2.6 -2.6 -2.6 -2.6 -2.6 -2.6 -2.6 -2.6 -2.6 -2.6 -2.6 -2.6 -2.4 -2 -1.6 -2.6 -2.6 -0.2 3 4.7 6.1 5.8 6.1 12.1 16.4 19.6 22.8 25.6 28.5 26.2 21.7 25.9 27.3 27.7 28.7 28.7 23.6 22.8 25.9 29.6 35.5 39.9 43.8 47.1 50.2 54.5 63.4 75.4 87.2 98 109 120 128.9 138.4 148.5 158.7 169.6 180.1 190.2
-0.5 -0.8 -1.1 -1.4 -1.7 -2.2 -2.6 -2.6 -2.6 -2.6 -2.6 -2.6 -2.6 -2.6 -2.6 -2.6 -2.6 -2.6 -2.6 -2.6 -2.6 -2.6 -2.6 -2.6 -2.6 -2.6 -2.6 -2.6 -2.6 -2.6 -2.6 -2.6 -2.6 -2.6 -2.6 -2.6 -2.6 -2.6 -2.6 -2.6 -2.6 -0.1 1.9 4.8 10.6 6.3 5.4 7.6 11.4 15.6 19 21.5 24.2 26.7 22.2 18.7 20.5 21.5 22.3 24 24.9 22.1 24 29.5 33.7 37.6 40.8 42.7 45.4 49 55 65.6 78.5 91.1 101.2 112.2 123.7 134.3 144 153.7 164.2 175.7 186.2 195.4
-0.5 -1 -1.3 -1.6 -1.8 -2.3 -2.6 -2.6 -2.6 -2.6 -2.6 -2.6 -2.6 -2.6 -2.6 -2.6 -2.6 -2.6 -2.6 -2.6 -2.6 -2.6 -2.6 -2.6 -2.6 -2.6 -2.6 -2.6 -2.6 -2.6 -2.6 -2.6 -2.6 -2.6 -2.6 -2.6 -2.6 -2.6 -2.6 -2.6 0 2.2 3.1 11.4 11.2 5.9 5.2 7.4 11.4 16.2 18.7 20.7 22.4 22.3 19 16.6 17.3 18.2 19.2 20.3 21.1 21.3 24.6 30.6 34.7 37.8 38.7 40.3 43.5 49.4 53.8 66.4 81.7 95.5 105.7 115.1 126.7 138.1 148.2 158.7 168.8 180.2 190.1 199.5
-0.6 -0.9 -1.5 -1.7 -2 -2.4 -2.6 -2.6 -2.6 -2.6 -2.6 -2.6 -2.6 -2.6 -2.6 -2.6 -2.6 -2.6 -2.6 -2.6 -2.6 -2.6 -2.6 -2.6 -2.6 -2.6 -2.6 -2.6 -2.6 -2.6 -2.6 -2.6 -2.6 -2.6 -2.6 -2.6 -2.6 -2.6 -2.6 -0.4 1.2 3.3 5.3 10.4 9.6 5.9 5.7 8 12.4 17.1 20 22.9 24.7 23.4 19.4 16.3 16.2 16.9 17.9 18.9 19.8 21.3 25.1 29.2 32.1 34.9 36.7 39.2 43 47.6 54.6 70.4 85.7 99.7 108.5 118.7 129.5 140.5 151.2 161.8 171.8 183.7 192.9 204.8
-1 -1.2 -1.5 -1.9 -2.2 -2.4 -2.6 -2.6 -2.6 -2.6 -2.6 -2.6 -2.6 -2.6 -2.6 -2.6 -2.6 -2.6 -2.6 -2.6 -2.6 -2.6 -2.6 -2.6 -2.6 -2.6 -2.6 -2.6 -2.6 -2.6 -2.6 -2.5 -2.4 -2.2 -1.7 -1.8 -2.6 -2.6 -1.3 0.4 2.3 3.5 5.7 8 7.4 6 6.1 9.3 13.3 18.3 23.4 27.6 30 29.5 23.2 16.8 16 16.7 17.6 18.4 19.9 22 24.5 27.5 30.4 33.3 36.1 38.7 43.2 50.4 61.2 75.8 90.8 102.4 111 122.1 132.8 142.7 153 163.1 173.8 184.7 195.7 207.6
-1.3 -1.6 -1.8 -2.1 -2.4 -2.6 -2.6 -2.6 -2.6 -2.6 -2.6 -2.6 -2.6 -2.6 -2.6 -2.6 -2.6 -2.6 -2.6 -2.6 -2.6 -2.6 -2.6 -2.6 -2.6 -2.6 -2.6 -2.6 -2.6 -2.4 -2.3 -2.1 -1.9 -1.8 -1.4 -0.7 -0.8 -1.1 -0.6 1.1 2.7 4 4.3 6.6 6.8 7 7.7 10.7 16.1 23 29 33.5 36.7 34.1 25 16 15.6 16.4 16.9 19.3 20.3 22 24.4 27.2 30.4 33.3 35.8 38.3 45.3 57.4 69.5 82.7 95.6 106.3 114 124.5 134.3 143.5 154.6 164 175.7 184.5 196.4 207.5
-1.7 -1.9 -2.2 -2.4 -2.6 -2.6 -2.6 -2.6 -2.6 -2.6 -2.6 -2.6 -2.6 -2.6 -2.6 -2.6 -2.6 -2.6 -2.6 -2.6 -2.6 -2.6 -2.6 -2.6 -2.6 -2.6 -2.6 -2.6 -2.1 -2 -1.8 -1.7 -1.5 -1.3 -1 -0.4 0.3 0.2 0.2 1.3 3.2 5.5 5 5.8 7.5 9.5 9.8 12 19.4 26.4 30.7 33.4 33.9 29.4 21.6 15 15.2 15.8 16.7 19.8 20.8 21.9 24.4 28.1 30.7 33.6 36.6 39.5 46.6 59.3 73.2 86.5 98.9 109 115.9 125.9 134.7 144.4 154.7 163.6 173.5 183.4 194.4 204.7
-2.1 -2.3 -2.6 -2.6 -2.6 -2.6 -2.6 -2.6 -2.6 -2.6 -2.6 -2.6 -2.6 -2.6 -2.6 -2.6 -2.6 -2.6 -2.6 -2.6 -2.6 -2.6 -2.6 -2.6 -2.6 -2.6 -2.6 -2.1 -1.7 -1.5 -1.4 -1.2 -1.1 -0.9 -0.6 -0.2 0.5 1.3 1.2 1.9 3.2 4.1 4.7 5.6 8.2 11 10.6 13.1 20 24.7 26.2 26.5 25.6 22 15.7 14.5 15 15.1 16.7 19.3 20.7 21.7 25.3 27.8 29.9 33 36.1 40.7 46.8 60.4 74.3 87.5 100.1 109.8 116.8 125.1 133.7 142.4 152.4 162.9 172.9 180 188.8 198.6
-2.6 -2.6 -2.6 -2.6 -2.6 -2.6 -2.6 -2.6 -2.6 -2.6 -2.6 -2.6 -2.6 -2.6 -2.6 -2.6 -2.6 -2.6 -2.6 -2.6 -2.6 -2.6 -2.6 -2.6 -2.6 -2.3 -2 -1.7 -1.4 -1.1 -1 -0.8 -0.6 -0.5 -0.2 0.2 0.7 1.5 2.3 2.6 3.4 4.1 4.9 5.9 9.1 12 11.3 13.3 18.2 20 19.3 18.8 18.1 15.4 14.1 14.5 14.5 15 16.6 17.8 19.5 22.2 24.8 27 29.4 32.4 36.6 42.8 50.4 62.8 76.6 89.7 99.9 107.6 115.2 123 133 142.8 151.7 163.5 171 177.8 184.5 191
-2.6 -2.6 -2.6 -2.6 -2.6 -2.6 -2.6 -2.6 -2.6 -2.6 -2.6 -2.6 -2.6 -2.6 -2.6 -2.6 -2.6 -2.6 -2.6 -2.6 -2.6 -2.6 -2.6 -2.6 -2.2 -1.9 -1.6 -1.3 -1 -0.7 -0.5 -0.4 -0.2 0 0.2 0.6 0.9 1.6 2.4 3.2 3.9 4.6 5.1 5.5 9.2 11.8 9.8 11.2 14 14 13.6 14.3 14.1 13.6 13.3 14.1 14.4 15 16.3 18 19.8 21.5 23.9 26.2 28.9 31.8 36.7 44.1 55 67 80 92 103.2 111.9 118.5 125.5 132.8 141.4 153 163.6 171.3 177.2 184.5 193.6
-2.6 -2.6 -2.6 -2.6 -2.6 -2.6 -2.6 -2.6 -2.6 -2.6 -2.6 -2.6 -2.6 -2.6 -2.6 -2.6 -2.6 -2.6 -2.6 -2.6 -2.6 -2.6 -2.6 -2.2 -1.9 -1.5 -1.2 -0.9 -0.6 -0.4 -0.1 0.1 0.2 0.4 0.6 1 1.3 1.7 2.5 3.3 4.8 4.9 4.8 5.1 8.1 8.6 7.3 7.9 9.4 9.5 9.7 11.6 11.9 11.6 12.7 13 14.1 14.9 15.8 17.2 18.9 21.4 24 26.3 28.9 31.6 37 44.9 58.1 70.9 83.4 95.3 106.1 114.4 120.8 126.4 133.8 142.5 154.7 165.7 173 180.4 187.2 196.1
-2.1 -2.6 -2.6 -2.6 -2.6 -2.6 -2.6 -2.6 -2.6 -2.6 -2.6 -2.6 -2.6 -2.6 -2.6 -2.6 -2.6 -2.6 -2.6 -2.6 -2.6 -2.6 -2.2 -1.9 -1.5 -1.2 -0.8 -0.5 -0.2 0.1 0.2 0.5 0.7 0.8 1.1 1.4 1.8 2.1 2.7 3.3 4.9 5.1 5 4.9 5.7 6.6 6.8 7.3 7.2 8.8 9.8 10.8 12.1 12.2 12.4 12.7 14.1 15.3 15.8 17.3 19.4 22.2 24.9 28.1 30.9 33.7 36.8 49.6 63.1 74.6 87 99.7 106.4 114.7 122.6 126.3 131.4 140.9 152.8 164.2 173.4 183.3 191.4 196.8
-2.4 -2.6 -2.6 -2.6 -2.6 -2.6 -2.6 -2.6 -2.6 -2.6 -2.6 -2.6 -2.6 -2.6 -2.6 -2.6 -2.6 -2.6 -2.6 -2.6 -2.6 -2.1 -1.7 -1.5 -1.2 -0.8 -0.5 -0.1 0.2 0.4 0.7 0.9 1.1 1.3 1.5 1.8 2.2 2.5 2.9 3.6 4.7 5 4.6 5.7 6.2 6.3 6.8 7.3 7.7 8.6 10.2 11.4 11.5 11.5 11.7 12.8 14.6 16.3 17.8 19.3 20.5 23 25.3 27.8 31.4 35.3 41.7 56.3 68.1 79.4 90.3 97.5 105.4 114.2 115.7 117.6 127.2 133.2 145.9 158.2 170.1 176.5 183.7 191.9
-2.6 -2.4 -2.6 -2.6 -2.6 -2.6 -2.6 -2.6 -2.6 -2.6 -2.6 -2.6 -2.6 -2.6 -2.6 -2.6 -2.6 -2.6 -2.6 -2.2 -1.9 -1.6 -1.3 -1 -0.8 -0.5 -0.1 0.2 0.6 0.9 1.1 1.3 1.5 1.7 1.9 2.2 2.6 2.9 3.3 4.5 4.6 4.8 5 6 6.4 6.4 6.8 7.5 8 8.7 10.2 10.3 10.1 10.3 12.1 13.7 15.7 15.8 16 18.2 20.1 22.7 24.9 27.5 31.6 37.9 43.7 57.9 66.7 77.9 87.4 96.9 101 103.2 114.8 124 134.1 144.3 156.5 164.5 169.9 179.6 188.2 195
-2.4 -2.3 -2.2 -2.3 -2.6 -2.6 -2.6 -2.6 -2.6 -2.6 -2.6 -2.6 -2.6 -2.6 -2.6 -2.6 -2.6 -2.6 -2.1 -1.7 -1.4 -1.1 -0.8 -0.5 -0.3 -0.1 0.2 0.6 0.9 1.3 1.5 1.7 1.9 2.1 2.3 2.6 3 3.3 3.6 5.2 4.6 4.8 5 5.4 6.2 6.2 6.7 7.2 7.9 8.4 8.8 8.6 8.9 9.6 12.6 15 17.1 15.2 14.8 16.7 19.4 22.2 24.4 26.8 32 40.8 52.7 59.8 64 70.4 79.9 87.3 100.8 108.9 116.6 126.5 139.6 152.1 162.4 171.4 177.9 186.6 195.5 204.6
-2.3 -2.2 -2 -1.8 -2.2 -2.4 -2.6 -2.6 -2.6 -2.6 -2.6 -2.6 -2.6 -2.6 -2.6 -2.6 -2.6 -2 -1.6 -1.3 -1 -0.7 -0.3 0 0.2 0.4 0.7 0.9 1.3 1.6 1.9 2.2 2.4 2.6 2.7 3.1 3.3 3.3 4.2 5.4 4.7 4.8 5.2 5.4 5.9 6 6.4 6.7 7.1 7.4 7.8 8.2 8.5 9.1 12.2 18 18.6 15.2 14.3 16.9 19.9 21.4 23.1 26 33 46.8 53.9 64.5 73.5 80.3 85.6 95.2 102.5 109.2 118.8 133.4 147.3 161.3 171.5 180.7 187.5 196.7 205.4 212.5
-2.2 -2 -1.9 -1.7 -1.7 -2 -2.2 -2.6 -2.6 -2.6 -2.6 -2.6 -2.6 -2.6 -2.6 -2.6 -2.1 -1.7 -1.2 -0.8 -0.5 -0.2 0.1 0.4 0.7 0.9 1.2 1.4 1.6 2 2.3 2.6 2.8 3 3.1 3.3 3.3 3.9 4.7 4.9 4.7 4.8 5 5.5 5.8 5.9 6.1 6.5 6.9 7.2 7.4 7.8 8.2 9.5 14.1 19.7 18.4 14.4 14.7 17.1 18.9 20.1 23.5 27.8 35.3 44.3 57.5 69.6 77.9 86.1 95 102.1 110.3 118.7 129 143.5 157.3 170 180.1 189.7 196.4 206.4 213.4 220.7
-2 -1.9 -1.7 -1.6 -1.4 -1.5 -1.8 -2 -2.2 -2.3 -2.6 -2.6 -2.6 -2.6 -2.2 -2 -1.7 -1.3 -0.8 -0.4 0 0.3 0.6 0.9 1.2 1.4 1.6 1.9 2.1 2.3 2.7 3 3.3 3.3 2.6 3.3 3.6 4.1 4.7 4.6 4.7 4.8 4.9 5.2 5.7 5.9 6.1 6.3 6.7 6.9 7.2 7.5 8.1 10.2 15.6 19.1 16.5 13.6 15.1 17 17.3 19.7 24.2 29.9 38 51.8 64.6 77.2 86.6 94.5 101.4 111.4 118.9 126.1 141.3 156.3 168.8 180.4 187.6 194.4 204.1 212.3 219.1 228.7
-1.9 -1.7 -1.6 -1.4 -1.3 -1.2 -1.4 -1.6 -1.8 -1.9 -2.1 -2.2 -1.9 -1.8 -1.5 -1.4 -1.2 -0.9 -0.5 0 0.4 0.8 1.1 1.4 1.7 1.9 2.1 2.4 2.6 2.8 3.1 3.3 3.3 3.3 2.2 3.5 3.8 4.2 4.6 4.5 4.8 4.8 4.8 5 5.5 5.9 6 6.2 6.5 6.7 7.1 7.5 8.2 10.6 15.1 16.6 13.9 13.1 15 15.8 17.2 20.3 27 37.1 50.7 61 70.5 79.1 88.6 97.4 106.7 117.2 126.7 138.2 155.1 168.1 178.9 187.3 193.5 199.6 207.3 217.3 226.7 236.9
-1.7 -1.6 -1.4 -1.3 -1.1 -1 -0.9 -1.2 -1.4 -1.5 -1.7 -1.9 -2.5 -1.6 -1.1 -0.9 -0.6 -0.4 -0.1 0.3 0.8 1.2 1.6 1.9 2.2 2.4 2.6 2.9 3.1 3.3 3.3 3.1 2.9 2.7 2 3.1 4.1 4.3 4.6 4.2 4.6 4.6 4.7 4.8 5.2 5.7 6 6.2 6.4 6.7 7.1 7.5 7.9 10.1 12.7 13.5 12.5 12.6 13.9 15.4 17.8 23.8 33.1 45.8 58.3 68 73.4 83.2 94.8 108.3 121.5 132.6 142.8 151.4 163.8 178.1 187.8 193.7 200.5 210.4 219.5 227.8 234.4 243.5
-1.6 -1.4 -1.3 -1.1 -1 -0.9 -0.7 -0.7 -1 -1.2 -1.3 -1.5 -1.7 -2.1 -1.3 -0.5 -0.4 0.1 0.3 0.6 1.1 1.6 2 2.4 2.7 2.9 3.1 3.3 3.3 3.3 3.2 2.9 2.5 2.2 1.9 3.7 4.7 4.7 5.5 4.5 4.5 4.5 4.6 4.7 5 5.4 5.9 6.5 6.6 6.6 6.7 6.7 6.8 8.5 10 10.8 11.7 12.5 13.7 15.5 19.6 28.7 43.1 54 62.8 68.4 81.3 93.3 111.5 125.9 140.5 152.5 161.6 169.1 174.8 185.7 193.2 199.5 207.8 216.3 224.8 233.4 242.9 254.1
-1.4 -1.3 -1.1 -1 -0.9 -0.7 -0.6 -0.4 -0.5 -0.8 -0.9 -1.1 -1.2 -2.5 -1.8 -0.9 -0.1 0.2 0.8 1.1 1.4 1.9 2.4 2.8 3.2 3.3 3.3 3.3 3.3 3.3 3.2 2.9 2.5 2.2 1.8 3.7 4.6 4.6 4.9 4.7 4.4 4.1 4.1 4.5 4.7 5.4 5.8 6.3 6.5 6.5 6.7 7.3 7.3 7.8 8.4 9.9 11 12.5 14.7 16.3 23.4 37.3 49.8 58.6 62.9 76.8 90.8 109.2 125.6 139.4 155.4 164.2 172.4 180.5 186.9 192 198 204.7 212.8 220.5 230.6 241.8 253.2 264.9
-1.3 -1.1 -1 -0.9 -0.7 -0.6 -0.4 -0.3 -0.1 -0.3 -0.6 -0.7 -0.8 -1.2 -2.3 -1.5 -0.6 0.3 0.9 1.3 1.9 2.2 2.7 3.2 3.3 3.3 2.8 2.8 2.7 2.6 3.3 2.9 2.5 2.2 2.1 3.6 4.4 4.5 4.9 4.8 4.5 4.4 4.5 4.5 5.4 5.6 5.7 6 6.3 7 7.2 7.2 7.3 8.4 9.3 10.3 11.4 12.9 15.6 19.8 30.4 41 49.2 55.2 71.5 86.4 103.6 122.8 136.6 149.2 161.4 173.3 181.9 189.3 195 197.9 202.2 210 219.9 229.4 240.4 252.5 264.3 274.9
-1.1 -1 -0.9 -0.7 -0.6 -0.4 -0.3 -0.1 0 0.1 -0.2 -0.4 -0.4 -0.6 -2 -2 -1.1 -0.3 0.6 1.4 1.8 2.5 2.9 3.3 3.3 3.3 2.4 0.2 0.1 0.5 3.1 2.9 2.5 2.1 3 3.9 4.8 4.2 4.8 4.8 4.7 4.8 4.8 5 5.5 5.7 5.7 5.6 5.7 6.6 7.2 7.2 7.3 8.7 10 11 12.1 13.3 16.8 29.6 34.5 40.2 47.6 63.2 83.7 96.9 114.6 130.8 141.6 153.4 166.5 180.3 186.9 193.7 200.6 202.6 207.1 215.8 226.3 238.4 251.3 262.7 273.2 282.1
-1 -0.9 -0.7 -0.6 -0.4 -0.3 -0.1 0 0.1 0.3 0.3 0 0 -0.2 -0.8 -2.5 -1.7 -0.8 0.1 1 1.8 2.3 3 3.3 3.3 3.3 2.7 -0.5 -2.4 -1.7 -2.6 3 2.6 2.1 3.7 4.4 4.7 4.4 4.6 4.8 4.8 4.8 4.8 5.2 5.6 5.8 5.8 5.8 5.8 6.3 7.5 7.4 7.8 9.4 10.6 11.7 12.9 15.1 22 32.4 40.5 48.3 56.1 73.6 91.9 107.8 126 139.5 145.8 157 172.2 185 189.6 197.9 203.3 206.3 213.9 223.7 235.1 249.3 260.7 270.8 280.7 288.9
-0.8 -0.7 -0.6 -0.4 -0.3 -0.1 0 0.2 0.3 0.4 0.7 0.5 0.2 0.2 0 -1.6 -2.2 -1.3 -0.5 0.4 1.3 2.2 2.9 3.3 3.3 3.3 3.1 0.3 -0.1 0.2 -2.6 -2.6 -2.6 2.5 3.5 4.5 4.5 5.5 4.8 4.8 4.7 4.7 4.9 5.3 5.7 5.8 5.9 6 6.1 6.3 7.7 7.5 8.4 10.2 11.6 13 14.9 18.6 27.7 35.5 42.2 51.2 62.8 80.5 96 114.2 133.1 140.2 148.2 161 174.8 185.5 190 199.9 204 211 223.2 233 246.1 258 267.2 277.2 286.5 294
-0.7 -0.6 -0.4 -0.3 -0.1 0 0.2 0.3 0.4 0.6 0.7 0.9 0.7 0.6 0.4 -0.3 -2.4 -1.9 -1 -0.1 0.8 1.6 2.5 3.3 3.3 3.3 3.3 3.3 3.1 2.6 3.3 3.3 3.3 -2.6 4 4 4.1 4.3 4.9 4.8 4.7 4.6 5 5.2 5.6 5.7 5.8 5.9 6 6.3 7.8 7.9 9.1 11.1 13 15 17.1 21.3 29.7 36.9 44 55.1 68.8 82.8 100.6 121.7 132.9 139.5 150.5 164.6 174.9 182.6 190.8 200 205.2 215.5 229.2 241.5 254 264.3 273.4 282.9 290.8 296.1
