GeneralExemplars/GeoExemplars/data/LakeDistrict/terrain-50-dtm_3563996/sd/SD28.asc
ncols 200
nrows 200
xllcorner 320000
yllcorner 480000
cellsize 50
[rows 0 to 37 of 200, columns 84 to 167 of 200]
14.3 13.8 13.9 14.5 14.9 14.9 15.2 15.5 16.1 17.2 17.6 18.9 18.8 17.7 18.7 17.3 18.6 26.4 29.9 30.3 31.2 37.7 43.3 50.8 56.6 61.4 62.5 65.1 70 74 71.5 68.4 66.5 66.3 69.8 75.8 73.7 76.3 79.8 83.3 89.3 91.2 89.6 94.1 101.5 117.1 146.2 165.7 180.3 197.3 199.4 195.9 188.1 180.4 174.6 176 173 176 180.2 178.5 173.8 172.2 163.2 163.2 163.2 164.6 166.7 170.6 173.5 167.1 169.6 162.8 160.9 162.3 150.7 152.9 163.3 157.4 147.9 138.9 129.3 127.3 115.2 105.1
13.1 13 13.3 13.8 14.1 14.3 14.5 15 15.5 17.5 16.9 17.1 16.4 16.6 16.3 18 23.4 30.5 35.1 34.7 36.4 44.4 51.1 57.9 63.2 65.6 68 70.9 73.8 77.8 76.3 72.2 70.6 67.1 68.4 68.9 75.7 76.1 77.3 83.4 84.7 82.4 93.5 97 107.1 120.9 138.4 164.8 180.4 190.7 198.9 194.2 188.8 185.7 186.9 186.6 191.2 197 190 185.7 183.5 180 167.5 163.2 163.2 164.9 163.6 167.2 164 162.7 162.4 155.5 153.5 153.1 151.1 161.5 164.6 154.5 141.2 136.4 135.2 122.7 119 115.2
12.9 12.9 12.6 13.3 13.7 13.6 13.8 14.2 15.6 19.1 17.5 17.4 16.5 16.6 17.2 21.9 28.2 32.6 37 38.8 43.1 49.5 56.5 62.8 65.8 66.7 68.4 71.2 73 75.8 73.4 67.6 67.6 68.9 72.5 77 77.6 76.8 77.2 77.4 82.8 86.7 98.4 99.3 107.5 118.8 136.6 162.9 185.1 193.7 201.9 201.2 202.8 205.3 198.9 202.8 209.5 202.2 197.7 192.9 192.1 183.7 174 164.2 163.2 164.7 162 159.5 160.3 156.5 155.6 150.4 145.5 143.6 155.4 161.2 166.9 157 144.6 133.6 134 128.8 127.2 119.2
11.8 12.1 12.1 13 13.5 13.6 16.2 17.6 20.4 23.8 24.7 21.8 18.2 16.5 18.7 25.8 32.7 36.6 38.8 39.8 46 52.8 60.1 66.2 66.5 64.2 65 67.2 68.2 67.5 66.8 66.4 68.3 71.2 76.2 79.8 77.2 72.9 77.8 78 84.4 89.1 94.4 101.4 110 118 144.8 168.7 197.2 197 202 204.7 208.6 212 212.5 213.5 208.2 205.8 203.5 202.5 198.4 188.6 178.2 169 163.7 163.1 163.9 157.4 151.7 150.1 146.6 142.3 138.3 148.4 154 162.6 164.9 158.7 148.1 137 131 129.4 124.2 119.5
10.3 10.9 10.5 12.9 14.4 16.1 18.2 20.6 24.5 27.9 27.3 23 17.8 17 21.5 28.7 35.7 40 42.9 45.6 48.7 54.2 61.3 67.3 66.4 62.4 62.1 64.6 64.6 62.6 62.8 65.3 67.5 71.2 74.2 74.9 72.1 81.4 81.6 80.7 87 92.9 96.5 105.7 112.5 124.2 150 161.4 175.7 179.2 195.7 202.2 205.7 208.5 207.6 205.4 206.9 208.8 209.1 207.3 202.9 190.7 186.8 173.4 167.7 168.6 168.1 162.3 156.6 148.8 142.2 136 136.3 146.1 150.1 162.9 164.1 164.9 159.5 149.9 140.1 128.7 124.7 117.7
9.3 9.6 11 14.5 17.1 18.3 21.6 26.1 27.9 27.5 27.3 23.8 17.8 17.8 23.1 30.4 37.9 41.6 44 47 48 54.7 62.1 65.2 61.3 58.9 60.8 61.9 61 58 60.6 63.4 65.7 68.1 68.1 75.5 80.5 82.7 88 87 92.9 98.3 102.1 110 119.1 128.7 142.3 148.1 160.9 165.6 179.6 191.7 197.2 199.4 198.4 200.6 203 206.9 207.7 205.4 198.6 197.9 198.2 181.2 172 176.1 170.4 162.4 155.5 147.8 137.6 135.4 136.5 145.3 155.4 166.8 171.6 170.1 162.5 152.3 140.5 128.7 122.7 114.3
7.9 9.4 11.4 16.9 16.4 20.5 26.3 30.1 27.8 26.4 26.2 22 17.7 18.6 24.4 32.2 39.1 40.6 42.9 44.9 48.7 53.3 58.7 53 51 56.9 59.3 56.8 55.2 56.2 56.3 60.3 62.5 70.2 77 84.2 89.3 94.1 105.3 102.3 102.9 109.4 117.6 128.3 134.1 136.1 144.8 146.9 148.3 159.5 177.3 181.3 185.7 186 187.9 187.8 192.7 199.6 200.4 198.8 199.8 207.1 211.1 190.6 177.1 178.1 170 163 153.6 143.9 136.8 133.4 137.5 148.1 156.3 170.8 172.4 169.5 163.2 150.1 140.2 128.3 116.3 118.3
9.5 10.8 12.3 14.3 17.6 24.2 30.6 32.7 28.6 26.1 22.9 19.1 18.2 21.2 29.7 37 37.2 38.9 40.9 42.9 47.9 52 46.2 41.5 48.8 53.6 51.3 49.5 50 55.1 58.1 63.4 72.4 80.6 87.8 95.1 99.4 101.3 110.1 120.2 121.3 124.9 133.4 140.2 144.4 146.7 143 144.2 148.7 158.2 169.3 171 176.7 179.8 181 183.2 186.5 194.9 196 197.9 206.5 217.9 213.9 189.9 178.6 178.3 169.3 161.3 151.3 137.6 136.2 132.2 146.1 156.3 159.5 160.3 166.1 174.2 160.2 152.2 136.1 129.8 128.4 130.3
11.6 13.5 13.1 17.9 23.9 30.3 34.7 33.2 29.7 26.7 22 18.8 18.7 23.6 33.8 37.2 34.4 35.6 37.6 39 40 38.4 38.2 43.5 47.1 45.2 45.3 46.7 48.9 53.4 63 73.3 84.7 87.2 96.4 103.7 108.6 112.5 119.5 129.9 138.5 145.5 148.2 155.8 155.1 151.4 149.7 154.8 153.9 155.7 160.1 165.7 170.3 173.3 176 178.6 182.3 188.5 194.4 196.2 213 214 206.2 184 175.7 170.2 162.5 155.5 145.1 135.3 129.8 130.2 137.5 147.5 153.3 153.6 159.1 169.8 160.3 146.5 132.3 130.7 133.3 132.8
14.4 15.5 18.2 24.1 30.2 35.1 35.1 33.2 30.6 26.9 22.9 19.2 19.8 26.9 30.8 32.5 33.5 33.8 34.7 35.1 35.1 36.4 37.6 39.1 39.8 39.3 43.1 45.3 52.9 65.5 80.2 85.3 93.4 95 102.4 106.9 112.5 122.6 133.5 142.1 153.7 157.1 165.7 168.6 159 157.1 162.8 162 159.6 158.1 159.7 159.2 161.1 163.3 168.4 173.1 175.8 184.2 191.5 197.1 207.7 202.1 193.5 173.3 166 159.8 156.5 149 136 140.9 127 127.4 129.3 137.6 140.6 144.2 154.2 162.7 154 137.9 130.3 125.8 130.1 137.1
16.5 24.1 28.9 32.9 36 35.7 33.9 33.1 30.2 24.7 26.1 23.9 19.9 24 26.2 28 30.3 29.5 30.6 33.5 36.1 36.4 35.7 35.8 37.2 39.2 43.1 51.4 66.1 77.9 86.7 94.1 98.7 100.9 102.2 111.9 124.6 137.1 143 154.7 165.3 166.1 170.7 169 171 175.3 172.7 168.6 163.4 160.1 159.6 157.6 155 160.5 168.9 165.1 167.8 180 189.8 199.5 195.5 190.1 174 158.3 154 152.6 147.1 139.6 137.3 136.6 124.4 118.1 119.6 126.5 128.6 137.2 148 157.3 148.6 131 122.1 117.8 122.9 138.9
28.3 34.9 37.6 39.7 36.4 33.8 32.4 33.6 31 27.8 29.5 25.4 19.8 25.6 25.8 24.4 26.2 28.9 31.4 34.9 35.6 34.9 34.7 35.4 36.6 42.9 50.1 61.1 75.9 86.7 96.3 98.2 98.8 103.8 112.1 119.5 136.1 144 152.1 158.4 163.9 165.7 170.8 182 183.1 186.6 179.8 172.6 169.5 163.8 156.7 153 154 156.3 159.5 157.9 163.5 176.3 185.4 185.4 188.7 177.7 156.7 142.2 143.9 146.1 139.9 131.7 135.2 126.8 116 110.1 112.3 118 122.7 127.5 135.4 141 138.5 123.3 115.7 111.7 117.5 134.9
34.2 39.6 43.6 40.7 32.3 27.3 27.3 30.3 32.8 36.5 30.2 27 19.7 25.1 26.2 23.2 26.1 30.7 33.2 32.6 34.3 32.8 33.7 39 41.4 50.9 60.7 70.3 78.8 91.4 96.7 96.1 99.1 110 122.1 131.1 141.9 147.6 152.8 160.1 170.1 177.6 183.9 188.1 190.6 188.2 182.6 180.3 176.6 165.4 155.7 152.5 151.3 150.7 154.6 154.5 161.9 166.5 171.6 173.4 173.6 166.2 143.1 135.9 135.2 133.5 130.9 130.7 129.1 124.6 114.2 109.1 106.6 110.2 114.2 121 123.3 119.1 127.1 119.1 111.3 101.2 109.8 134.5
35.1 39.3 36.8 31.4 32.8 29.7 28.3 28.8 33.6 37.7 33 26.1 19.7 20.7 20.9 22.4 29.8 32.9 32.3 31.3 31.7 31.8 35 42.5 48 57.7 66.5 74.8 83.5 89.1 92.1 98.4 109.5 116.9 127.6 137.7 145.8 153.8 165.6 173.6 180.3 187.4 192.7 195.4 192.9 187.3 186.2 183.9 173.4 164.5 162.4 156 150.2 150.2 151.6 153.7 160.2 164.4 162.9 160.9 163.5 155 137.8 128.9 126 122.8 123.8 123 121.9 116.7 112.1 110.8 103.1 98.7 105.3 111.5 106.2 101.9 99.4 110.8 100 85.6 104 116.8
34.1 34.4 35.6 35.4 33.2 29.7 28.9 28.3 32.2 34.6 29.4 22 19.4 19.6 21.8 24.1 29.3 29.1 31.6 29.9 30.9 35.1 39.2 48 57.8 61.5 70.7 77.2 82.3 84.5 97 106.4 111.8 122.1 132.8 144.4 160.6 172.5 175.9 183 189.1 194.1 202.3 200.4 194.7 189.1 190.9 179.8 174.5 176 171.1 165.4 150.7 150.3 150.4 152.4 162.8 159.4 155.2 155.4 154.3 145.1 132 124.7 118.7 119.6 116.6 112.6 111.6 110.8 112.9 115.2 107.2 94.9 98.8 98.3 94.1 90.9 91.4 94.3 93.5 80.3 90.3 97.9
34.7 34.7 35.5 37.4 38.3 30.8 27.7 26.7 27 29.4 25.1 21.7 18.8 19 22.1 25.6 27.3 29 31.7 29.5 31.7 38.6 46.8 57.5 63.6 68.8 71.4 80.8 81.1 90 98.6 104.4 110.9 123.8 142.4 157.9 171.5 178.4 185.3 190.8 197.1 202.1 203.8 201.7 191.9 191.5 184.7 182.3 181 180.8 178.5 162.6 152.8 150.2 150.2 152 158 154.5 154.8 151.9 144.8 135.4 124 117.7 115.7 115.6 111.2 107.8 107.7 108.4 119.7 119.7 110.7 96.4 93.2 90.9 90.3 83.8 83.8 85.1 83.8 73.3 76.1 78.6
35.8 36.4 37.8 42.3 38.5 32.4 28.3 27.3 26.9 24.6 24.3 21.3 18.6 18.9 21.8 23.4 26.9 30.9 27.1 31 36 44.1 53.9 60.1 67.7 72.7 73.8 78.6 82.7 90 98.5 108.2 118.7 135.2 151.3 170.4 177.2 183.9 193 194.3 198.1 201.4 201.8 197.5 191.9 190.9 190.6 190.2 188.4 181.5 170.2 161.9 158.2 154.9 149.4 146.8 149.4 149.2 150.9 139.6 135.9 129.5 120 115.7 114 107.8 104.6 102.9 101.8 106.2 109.6 107.8 104.5 95.5 91 89 79.9 75.4 74.3 73.5 73.7 69.4 68.4 67.4
39.4 42.1 46.5 44.3 38 33 31 27.9 25.1 20.7 23.6 20.1 19.7 24.1 21.6 23.1 24.6 25.4 32.9 34.8 40.1 45.4 54.7 62.8 70.1 72.3 73.6 77.1 81.7 95.1 106.6 112.7 127 139.4 158.9 172.7 183 186.3 194.9 201.1 197.8 200.1 198.4 191.5 195.2 193.4 198.4 196.1 190.2 180.6 174.4 169.7 165.4 158 149.8 144.8 143.9 142.3 137.8 131.3 129.4 126.1 118.3 119.9 116 116.2 112.3 105.5 96.6 101.2 99.3 97 93.9 88.7 86.3 87.5 86.7 83.2 77.4 73.4 69.2 66.1 64.3 62.4
41.8 47 49.7 43.9 37.8 33.9 32.5 30.2 23.1 18.1 18.8 21.4 21.5 22.1 21.8 22.7 23.4 27.1 35.5 36.2 42.6 50.1 57.5 61.8 67 70 74.4 81.5 89.4 98.8 110.8 119.6 129.6 142.2 153.7 170.5 182 188.1 199 201 200.6 199.4 192.3 192.8 195 199.6 202.2 196.4 190 185.9 180 175.8 172.1 161.7 154.1 148.4 142.4 138.5 136 132.1 128.5 125.4 124.3 119.2 118.6 119.1 114.5 109.4 102.4 95.6 92.7 90.6 91 95.4 97.5 96.6 98.7 90.7 87.1 83.1 76.9 69 65.5 64.9
46.6 50.4 49.3 44.4 40.9 35.7 34.8 31.6 23.7 16.9 17 18.8 18.7 19.1 21.2 23.3 26.6 28.8 32.9 39.3 46 53.8 58.2 62.2 66.6 71.3 82.5 90.1 101.3 110.5 113 123.1 131.2 145.5 156.1 175.5 187 194.6 201.4 203 203.5 196.3 192 195 197.2 197.5 197.5 193.1 188.1 182.5 179 174.1 169.3 165 157.6 151.8 151.1 147.2 144.6 138.1 133 127.4 123.7 119.7 120 116.8 114 111.2 107.3 100.7 99.2 95 96.3 104.3 105.6 99.5 105 97.4 88 84.2 80 73.5 65.9 70
50.7 50.6 45.8 42.7 42.8 36.9 31.4 32.4 25 17 16.9 17.3 18.1 19.8 23.8 28.5 35.1 34.8 34.2 39.9 46.2 50.8 57.8 61.3 69.5 78.7 91.3 95.7 108.1 112.1 119.6 126.1 134.9 150.4 161.4 180.4 194 206.2 206.8 207.1 202.4 194.1 193.6 195.9 195.7 194.1 194.1 189.5 185.3 187.5 185.7 181.8 179.5 175.4 168.6 166.6 162.4 158.6 153 143.7 137.4 129.8 125.6 130.1 119.5 115.7 113.5 110.5 107.8 106.7 104 101.3 101.8 102.7 102.3 97.9 99.8 95.3 87.9 84.7 81.6 75.9 64.2 69.8
49.1 49.9 43.6 42.4 39.7 36.6 30.3 25 23.8 18.4 15.9 16.4 17.9 21.8 27 33.2 37.5 39.3 39.5 43.7 51.3 55.7 57.6 64.9 75.4 84.6 92.9 101.6 107.2 116.1 123.5 131.7 143.1 157.4 169 185.7 201.7 209.5 211.3 205.8 199 196.2 193.9 195.9 195.1 194.9 195 188.6 192.5 194.1 199.5 197.6 193.3 184.7 178.1 175.7 169.9 161.9 153.8 152 142.7 133.2 129.6 129.5 123.4 121.7 116 113 110 106.8 107.5 107.8 105.5 104 98.2 95.2 95.7 91.2 87.1 84.8 84.2 79.9 65.9 66.2
52.3 48.4 45 42.5 37.9 33.1 27 22.7 22.1 17 14.9 14.1 18.9 23.6 28.9 35.9 37.5 38.2 41.4 47 52.6 58.1 63.1 71.1 81.8 90.3 102.5 108.7 111.9 116.7 124.5 131.4 144 160.3 171.7 188.1 210.4 215.8 212 203.4 197 195.4 195.4 196.9 206.9 207.1 197.3 194.7 198.7 202.9 205.6 209.1 203.9 190.4 181.4 175.8 171 172.6 168 158.1 151.6 136.4 134.4 133 129.7 124.9 120.5 113.8 112 106.6 105.1 107 105.2 102.8 100.1 89.4 90.2 86.7 85.2 86.5 83.5 78.1 68.3 62.9
53 49.7 50.2 46.4 36.9 31.9 28.1 21.8 19.8 17.5 14.7 13.5 17.8 24.5 29.3 33.8 40.6 40 44.2 48.8 54.7 62.2 74.6 85.1 90 102.1 109.4 113.5 117.1 120.1 126.9 134.9 146.5 165.3 177.4 195.5 211.3 215.7 208 197.9 196.4 197.3 202.1 210.1 213.3 203.7 200.5 207 209.5 208.7 209.1 207.9 200.6 190.7 183.6 179.2 178.8 178.3 172.7 170.1 151.4 139.8 137.7 137.1 134.6 129.2 122.1 111.3 112.6 109.3 102.2 100.3 100.8 98 94.1 83 83.1 82.3 84.4 85.5 81.6 80.6 73.4 59.5
55.2 52.6 52.8 46.8 37.2 31.9 28.3 19.8 19.8 18.8 15 13.4 15.7 22.1 28.8 34.9 40.8 40.9 46.9 51.1 61.1 68.1 78.5 90.8 103.8 107.2 114.8 118.9 120 123.4 127.4 135 149.9 167.8 187.3 197.8 207.6 208.3 202.8 205.1 201.6 197.4 205.9 205.3 202.1 205 209.8 212.9 215 218.6 209.2 209.5 197.6 194 188.8 186 185.6 183.2 178.4 162.1 148.8 145.3 146.2 143.9 139.7 134.3 121.4 110.7 107.1 99.3 96.2 95.6 92.1 90.3 86.9 80.1 79.2 80.4 82 82.7 81.6 76.1 74.7 59.1
57.2 55.6 51.4 45.9 38.6 31.3 25.9 19.7 18 15.7 13.3 14.1 16.8 25.4 31 38.4 39.7 43.5 49.4 58.6 65.3 76.1 82.8 94.9 108.3 112.3 119.1 124.1 124.9 127.4 130.3 142.6 155 172.3 189.2 199.4 213.1 206.8 209.5 206.8 203.9 199.2 199.5 200 204.1 210.9 216.8 221.3 222.4 219.4 210.4 204.6 197.3 191.7 196.6 198.3 190.6 183.6 174 167.1 152.8 151 157.8 154.2 142.5 132.2 119.7 106.9 100 94.9 91 89.2 85.8 83.3 79 78.4 77.8 78.3 80.5 81.2 79.3 75.4 69.9 63.3
59.9 56.9 49.8 45 39.2 30.8 25.3 20.6 15 13.2 13.1 17.5 18.7 23.2 32.5 36.9 41 45.2 54.1 65.6 74.3 78.8 90.6 100.4 111.9 120.6 123.7 122.3 124.1 123.9 134.6 150.4 169 188.3 194.5 203.8 214.7 207.6 210.2 204 200.3 199.5 200.8 203.6 211.3 216.3 219.4 218.1 215.5 213.7 214.6 204.6 198.7 199.8 209.4 210.1 200.4 189.9 183.4 168.6 160.1 159.8 162.1 153.6 139.1 124.8 113.3 100.7 95.3 90.1 87.1 83.1 80.8 80.1 77.9 77 76.5 78 78.1 77.6 77.4 73.3 69.6 61.3
58.9 56.1 49.4 43.2 33.9 29.5 22.1 18.2 13.3 13.6 17.1 17.8 19.3 28.6 37.9 42.5 46.6 51.1 62.2 69.1 76.8 87.4 99.1 105.8 116.7 123.4 121.7 116.9 120.6 123.7 139.1 156.9 178.7 192 205.1 214.1 220.7 207.1 204.3 203.6 201.9 202.3 205.1 210.2 213.7 214.9 220.5 214.7 218.1 221.9 212.4 204.5 203.3 212.5 222.7 215.5 208 197.9 187.2 172.4 170.7 162.2 158.6 151.6 138 122.7 108.3 98.6 90.5 84 80.3 80.6 78.6 78.4 77.4 77.7 80.5 76.7 76.9 75.3 74.9 72.9 70 63.1
55.1 53.1 47.2 39.9 32.9 26.5 20.2 15.2 12.6 13.9 15.4 16.5 23.3 36.2 43.7 43.7 48.3 52.1 64.7 78 85.8 93.6 107.4 115.4 117.2 114 113.5 108.8 114.1 130.3 147.8 163 183.5 207.1 217.6 222.2 216.4 213.7 209.6 205.8 205.7 205.4 209.2 211.8 211.4 211.3 209.7 212.7 212.4 216.5 213.6 210.2 211.7 222.3 228.8 225.5 215 204.2 188.6 177.4 175.3 163.9 164.6 155.6 141.3 121.6 107.8 97.4 89.6 85.4 80.3 78.5 77.9 78.9 81.5 79.9 78 75.8 76.5 74.6 73.3 70.8 67.8 63.4
51.7 48.9 45.9 41.1 36.5 26 22.3 14.8 12.3 12.7 13.5 14.9 23.5 40.5 45.8 46.8 49.5 56.1 72.5 81.4 86.9 93.8 101.5 111.9 102.7 99 101.2 102.5 114 130.5 152.1 169 192.5 209.7 217.7 222.5 216.9 223 219.5 212.6 210.9 211.5 209.1 204.9 204.2 201.7 203.5 203.6 208.5 214.8 212.3 214.5 218.9 227.4 234.3 230.6 216.5 204.8 186.7 180.8 175.6 167.4 168.6 158.1 134.2 120.2 107.3 96.3 91.6 87 84 78.4 78.8 83.8 84.8 81.4 79.3 75.9 75.3 75.1 73.7 71.1 68.3 65.7
51.6 47 40.8 36.6 32.8 25.4 20.3 12.3 11.7 12.5 13.3 17.9 25.3 40.2 46.7 48.6 51.2 57.8 67.5 80.3 89.7 89.6 95.4 95.2 90.9 89.6 89.7 95.3 113.3 129.9 147.3 166.4 185.2 204.9 210.2 215.7 230.3 233 232.4 228.7 224.4 215.3 208.6 202.7 199.3 197.1 195.3 192.8 196.1 198.3 203.8 215.6 224.8 227.4 229.3 224.1 214.7 198 183.7 173.5 169 172.3 169.1 153.7 134 118.1 105.9 95.9 90.9 85.7 83.9 78.7 80.7 84.7 81.6 82.5 78.7 78.6 75.5 75.6 75.3 73.5 71.6 69.1
49.6 37.4 33.7 31.2 27.8 21.7 14.7 11.4 12 14.1 16 19.3 28.6 38.1 45 47.7 53.1 56.2 67.6 73.9 76.8 80.8 83.3 82.4 78 79.8 82.7 97.8 108.3 130.4 144.4 168.3 184.5 200.6 211.2 224.2 238 242.6 241.1 237 231.8 220.7 210.2 202.4 195.7 190.3 185 183.9 186.3 193.6 204.7 210.7 216.7 219.6 216.9 208 202.9 181.9 173.6 169.1 176.7 171.4 162 146.5 129 112 97.4 93.6 89.7 83.3 80.4 78.8 82.3 81.5 79.5 78.3 78.1 79.8 79.3 80.3 77.8 77.1 74.3 71.2
43.4 36.1 30 24.2 22.5 17.3 11.9 9.9 14.3 16.2 16.5 19.9 26.2 36.5 42.2 46.6 49.7 55.3 63.6 64.4 64.4 72.4 73.7 72.8 70.5 78.1 82 97.5 109.5 127.8 149.2 175.1 197.2 212.1 219.4 232.7 241 246.1 244.3 242.6 232 224.8 217.7 205.7 193.8 185 181.8 176.6 178.4 182.1 191.4 196.1 204.1 205.3 198.1 191.8 187.9 177.1 167.9 174.8 176.4 169.5 156.7 140.7 124 107 98 91.7 88.8 81.7 79.3 79.1 81.2 81.9 80.9 81.3 83 85.5 86.8 86.2 86.4 81.4 78.5 75.1
40.7 33.9 27.5 21.1 17.4 12.5 10.4 9.9 14.1 16.1 16.5 18.4 22.1 30.8 39.3 43.4 47.1 50.3 53.4 55.1 57.2 62.9 64.5 64 69.9 77.8 83.4 99 112.9 141.1 161.2 189.5 206.3 214.2 226.1 236.3 238.7 237.8 234.7 230.9 231 228.8 216.9 207 193.2 179.6 176.5 172.4 168.8 170.5 175.2 180.2 190.6 188.3 179.4 174.6 173.3 167.4 167.3 175.6 175.1 159.8 144.6 131.6 120 104.4 96.2 89.4 86.4 81.9 79.6 82.1 83.6 83.3 85.7 90.6 91.5 94.1 94.5 93.8 92.9 87 76.8 72.6
35.7 27.9 23.6 18.4 13.3 9.6 8.5 10.8 14.4 15.8 17.4 17.9 20.5 25.8 37.3 45.5 41.5 46.6 47.6 49.3 49.3 56.6 61.4 66.4 72.4 81 91.5 104 122.3 149.9 171.6 190.2 203.8 210.3 223.6 230.4 228.1 224.2 222.9 223 228.3 224.8 217.3 206.7 196.3 183.6 174.6 165.1 162.9 162.6 164.2 167 170 164.6 158.4 156.6 161.5 160 166 172.8 169.8 160.2 139.2 130 115.6 102.1 94.7 90.2 85.6 85.2 82.3 83.2 83.2 85 89.8 97.5 100.2 101.5 97.1 98.2 93.9 84.5 77.7 70.5
29.1 22.9 18.7 14.3 8.4 7.7 9.1 11.6 14.7 15.5 17 17.1 17.7 24.6 32.8 43.5 38.8 37.9 38.4 41.2 48 59.7 65.4 68 72.6 79.2 97.2 110.7 130.1 150.9 171.4 185.2 193.1 200.1 200.2 203.7 209.1 208.8 212 214.2 223.2 221.1 217.3 211.4 193.3 181.8 168.8 162.7 159.1 159.5 155.5 151.8 152.8 153.7 146.6 149 151.2 152.1 157.5 163.6 163.7 157.9 143.7 125.5 112.7 102.5 94.6 91.4 89.5 85.4 91.1 91.7 87.2 90.3 97.8 103.4 105.2 105.7 100.8 96.2 87.8 83.4 76.8 69.4
23.6 19.6 13.1 9.5 7.3 7.8 9.5 11.3 14.3 16.6 14 14.7 19.4 21.3 28.3 32.7 33.6 30.9 34.1 40.7 53.4 60.6 63.2 68.1 77.6 90.7 101.7 119.2 134.1 149.4 166.5 177.5 174.9 174.5 175.9 177.9 188.6 197.7 206.5 205.9 212.8 217.5 215.5 208.5 190.9 183.1 170.3 162.2 159.1 154.2 151.5 148.2 145.1 141.3 140.3 141.7 140.3 141.7 145.4 162.3 158.1 151 135.5 122.5 111.5 103.8 95.3 92.7 91.4 89 91.7 95.2 94.1 94.3 103.1 107.8 106.5 103.5 99.7 99 92.2 81.5 72.8 68.7
19.9 14.4 8.9 6 6.3 7.3 9.1 10.9 12.8 13.9 11.5 16.8 16 17.7 22.3 20.8 23.8 28.1 41.6 44.1 50.9 56.9 68.9 76.9 86.6 98.6 106.8 124.4 136.9 151.5 159.5 154.8 151.8 150.4 156.5 164.9 178.4 186 193.3 195.7 199.4 194.3 194.6 196 185.5 173.1 166.1 159 155 149.5 146.2 142.8 139.1 135.2 133.1 130.5 129 134.8 142.3 152.5 148.1 141.9 128.9 115 107.4 100.8 94.1 91.6 89.5 89.5 91.9 93.5 96.2 100.6 104.4 104.1 102.6 103.2 102.2 100.1 94.7 87.6 76.4 67.4
