GeneralExemplars/GeoExemplars/data/LakeDistrict/terrain-50-dtm_3563996/sd/SD28.asc
ncols 200
nrows 200
xllcorner 320000
yllcorner 480000
cellsize 50
[rows 114 to 151 of 200, columns 84 to 167 of 200]
74.9 88 102.4 115.8 127.7 138 146.2 149.5 167.4 186.5 195.7 201.7 204 206.4 208.7 211 214.4 225.1 234.7 244.3 253.5 263.1 262.3 259.7 253.9 253.9 253.5 252.9 255.5 266.1 275.1 258.6 278 280.7 292 310.3 321.9 322.7 318.7 282.1 303.4 290.2 279.7 271.7 270.3 270.4 277.2 279.1 279.6 277.6 272.2 265.4 252.7 241.5 230.3 218.1 204 190.2 176.3 161.4 152.2 142.8 132.8 119.2 111.9 107.6 105.5 104.5 108.2 110.9 115.8 121.7 125.4 129 130.4 133 131.9 133.4 131.8 132.1 132.7 133.8 136.6 138
83.3 96.3 111.4 125.2 134.4 143.7 150.7 154.7 182.3 189.6 202.7 205.4 207.7 210 211.4 213.7 215.9 226.1 235.6 245.2 254.8 262.4 258.6 257.2 253.8 248.6 246.9 246.9 254.9 264.7 273.6 274.2 276.4 288.7 308.1 319.8 324.6 323.7 327.1 319.2 309.7 296 285.7 282.6 281.6 285.4 284.3 284.7 284.3 284.7 275.9 262.9 252.9 242.2 231.1 216.7 203.5 190 174.4 162 153.1 143.8 132.2 118.8 111.7 108.1 106.3 106.1 108.6 112.8 117.9 124.1 127.8 132.9 130.3 136.5 135.9 136.3 134.8 135.5 136 138.1 140.3 144.1
90.6 103.7 117 129.8 139.1 149.9 147.4 153.5 184 195.4 206.7 209 211.2 212.1 214.3 216.6 218.8 227 236.6 246.1 255.7 262.2 260.8 255 251.4 244.1 244.7 251.4 260.6 263.2 268.7 274.6 281.3 301.6 316.4 324.5 328 330.2 330.3 321.1 308.3 299.4 295.1 293.4 290.9 290.8 288.1 289.8 290 284.9 276.3 266.2 255.7 241.9 229 215.8 202.4 190.7 172 162.3 152.5 144.7 132.5 119.1 113.1 109.1 107.1 106.9 109.7 114 120.6 125.7 129.3 131.2 135.3 140.9 139.5 137.7 139.3 140.1 142.5 143.3 146.3 149.2
98.3 110.7 120.8 130.7 138 143.1 139.6 141.8 178.9 202.9 210.4 210.6 212.7 215 217.2 219.5 221.7 227.9 237.5 247 256.6 261.9 262.8 256.6 251.4 246.7 245 253.9 257.6 261.8 266.8 276.4 288.4 308.4 318.4 325.8 331.4 329.6 325.7 318.5 307.4 300 300 298.6 294.8 291 293 295.3 292.2 287.1 280.5 269.3 253 243.6 230.5 216.5 201.6 183.8 171.3 164 154.8 146.3 135.4 123.3 116.2 110.2 108.1 107 110.5 115.7 122.2 128.2 131.5 135.4 142.6 145.3 143.8 144.4 146.6 146.4 148.1 151.1 154 154.8
103.9 114.7 122.6 129.1 133.2 135.6 131.2 149.1 175.2 211.2 211.1 213.4 215.6 217.9 220.1 222.4 224.6 228.9 238.4 248 257.5 261.6 262.6 262.4 252.4 251.2 251.9 255.3 258 262 267 277.5 292.5 308 319 323.6 331.1 327.7 318.3 311.3 306.4 301.7 300.4 296.6 293.6 291.5 296.9 297.9 295.3 291.4 279.2 266.2 255.5 246.9 230.7 217.9 197.6 181.9 174.2 166.9 157.3 148.9 137.7 127.7 120.9 113.8 109.4 108.4 111 115.2 122.8 128.7 134.2 140.5 147.8 148.8 148.6 149.9 151.4 153.8 156.5 160.2 162.8 157.4
107 116.1 124.3 125 122.8 132.3 145.7 175 193.8 211.2 214 216.3 218.5 220.8 223 225.3 227.5 229.7 239.3 248.9 258.5 261.3 262.4 263.2 258.1 263.6 270.7 263.6 260.4 264.4 271.3 279.1 292.8 308 321.3 330.5 332.2 328.2 308.9 303.6 303.6 300.5 296.3 292.5 291.4 293.9 298.4 299.9 298.8 291.1 278 269.5 260.2 244.8 229.7 212 195.6 180.1 174.9 169.5 160 151.7 141.3 132 125.3 116.6 112.4 110.3 111.8 115.7 122.9 129.1 136 143 147.9 145.8 149.4 151.8 157.1 161.7 163.9 167 169.8 165.8
105.8 115.8 117.2 118.3 133.7 149.8 151.9 181.1 205.3 211.3 217.7 219.2 221.4 223.7 225.9 228.2 230.4 232.6 240.2 249.8 258.9 261 262.2 263 263.9 268.1 271.5 272.2 265.1 268.8 275.4 283.4 295.8 309.7 323.9 333.4 333.1 326.2 312 302 299.4 295.4 291.7 289.1 289.1 294.9 301 300.2 297.1 290.3 281.3 270.6 256.6 243.8 226.5 210.7 195.3 179.4 175.2 169.7 163.3 153.2 143.1 135.8 127.9 120.6 113.2 111.7 114.6 117.5 122.6 130.3 137 140 141.4 142.7 147.5 156.5 163.2 167.2 170.5 173 175.8 173.4
102.2 100.8 116 132.2 148.6 173.9 160.4 180 196 210.1 218.9 223.1 224.4 226.6 228.8 231.1 233.3 235.5 241.1 250.7 258.6 260.7 262 262.8 264.2 268.2 273.2 269.1 270.8 272 281.7 289.4 298.9 314.9 328.6 332.7 329.5 324.5 314.8 304.9 296.9 291.4 287.9 286.5 287.3 294.4 297.5 297.1 294.2 288.5 281.3 265.6 255.3 240.4 227 208.6 192.6 183 174.9 169 164.5 155.4 144.3 139.4 133.8 125.8 113.7 114.3 118.2 120.1 121.4 128.9 131.9 132 135 143.8 151 161.3 168.5 171.5 174.4 178 181.8 181.5
101.4 110.9 131.2 153.4 175.7 176.9 178.5 188.1 197 208.1 218.2 226.5 228.6 229.8 231.7 234 236.2 238.4 242.2 251.6 258.3 260.4 262.1 262.6 265.2 268.9 272.5 277.2 277.7 282.1 289.8 298.4 311.8 322 328.6 329.8 326.1 321.2 314.1 304.4 296.8 290.8 287.4 285.4 286.3 290.4 292.6 292 290.8 286.4 275.6 264.3 252.4 242 229.3 212.7 200.8 186.5 175.9 169.6 164.3 157.3 149.3 142.3 136.2 127.8 116.8 117.7 121.5 122.7 122.2 123.6 126.4 127.8 129.2 137.9 157.9 169.7 175.1 178.3 180.6 184.9 186.4 181.6
102 119.9 146.8 171.3 173.7 176 178.4 181.2 195 206.9 216.3 226.4 232.8 234 235.2 236.9 239.1 241.3 243.3 252.5 258 260.1 262.2 262.9 268.5 277.1 281.9 282.2 285.3 291.3 300.7 312 323.2 325.1 327.8 324.7 322 317.2 314.2 309.7 300.3 291.2 287 284 283.6 285.3 286.3 286.6 288.4 282.2 276.7 263.5 253 243.7 233.2 221.1 202 187.1 178.6 172.5 165.4 160.3 154.5 146.6 138.2 128.9 118.6 121.1 122.8 121.9 122.3 122.2 123.8 124.5 124.3 144.7 173.3 179 182.2 185 187.2 190.3 186.3 181.6
117.8 143.3 163.8 166.5 168.9 171.8 177.7 185.7 191.9 204.8 216.7 224.6 234.3 238.2 239.4 240.6 242 244.2 246.5 253.4 257.7 259.8 261.9 267.9 276.9 283.2 286.2 288.1 289.6 298.9 309.9 318 323.8 322.5 321.6 322.3 318.7 317.2 315.4 311.8 302.2 292.4 287 283.6 280 279.8 280.4 281.4 284.4 282.1 276.6 265.9 256.1 247.3 238.7 221.1 205.7 189.7 181.9 176.6 166.4 160.6 156.8 149.6 140.8 131.3 121.3 121.5 123.2 122 121.3 121.4 120.7 121.2 122.1 143.8 178.5 183.7 185.8 185.7 187.7 189.4 183.3 176.2
111.7 148.3 158.7 161.8 167.6 173.4 179.2 192.2 198.6 204.5 214.7 226.6 232.9 241.8 243.7 244.9 246.1 247.4 249.4 254.4 257.4 258.6 262.9 272.5 282 284.8 289.6 291.4 291.4 303.1 311 318.2 319.1 317.8 318.7 318.5 317.3 317.2 314.2 311.2 304.2 294.7 287.4 282.9 278.8 274.6 275 276.5 279.1 280.9 277.2 269.5 264.1 252.6 240.1 219.6 206.2 193.7 184.5 180 169.3 160.4 157.5 152.9 144.3 131.3 123.2 124.6 123.5 122.4 120.7 119.3 117.3 116.8 119.6 139.8 170.8 178.7 179.1 180 182 183.2 176.6 168.9
116 148.4 156.2 163.3 169.2 175 180.8 198.6 205.6 211.2 217.1 224.6 234 241.2 247.9 249.1 250.3 251.5 252.8 255.5 253.2 255.2 266.4 276.4 283.1 286.3 291.6 290.5 290.2 299.8 307.3 311.8 312.8 313.8 312.3 312.3 315.1 315.5 313.8 310.9 304.2 295.7 289.7 283.6 277.2 271.9 268.8 271.5 276.1 279.9 277.4 274.2 266.3 252.1 236.9 218.4 205 194.2 188.4 182.4 172.4 161.9 156.5 152.7 144.7 132 126.5 126.5 124.5 121.8 119.9 117.4 115.5 114.6 116.9 137.4 158.3 167.2 169.8 171.6 169.6 167.9 162.9 151.2
132.5 151.3 150.8 161 170.7 176.5 182.6 205.1 212.1 218.1 223.7 229.7 235.7 242 249.4 254.2 256.3 256.2 252.3 250.9 251.5 255.2 265.7 272.6 279.2 283.7 287.8 286.2 287.4 294.2 300.3 304.3 305.7 305 306.4 308.7 310.7 312.3 312.9 309.9 303.9 297.3 291.2 285.2 275.2 268.3 265.5 265.6 273.5 277.6 273.1 271.3 258.3 245.3 231.9 218.9 207.2 198.3 192 184.9 173 163.3 156.7 151.5 142.1 132.9 129.6 127.6 124.4 121.1 119.3 116.8 115.3 114.2 115.7 130.2 147 154.5 157 157 157 152.7 143.5 136.3
129.6 138.5 146.8 158.4 167.4 177.3 189.7 211.6 218.6 225.1 230.7 236.2 243.7 252.8 261.1 262.3 260.7 257.1 253.1 250.4 249.9 252.4 259.7 265.5 272 277.2 279.4 281.4 284.4 289.4 293.1 297.8 301.1 302.7 302.2 304.8 308.8 312 312.8 310.7 306.8 300.2 292.4 285.6 274.3 267.2 264.1 263 266.1 263.6 261.2 259.8 247.3 236.8 229.1 220.2 209.7 199.5 190.6 184.3 173.7 164.6 156.3 150.6 141.2 132.5 129.5 127.3 125 121.1 118.7 116.6 115.1 114.2 114.7 123.1 135.3 140.8 142.9 143.8 144.9 140.8 133.4 132.8
115.9 142.9 152.1 153.7 171.4 181.7 189.1 215.1 224.4 233.9 238.8 246.4 256.2 264.7 266.7 264.8 261.4 257.9 254.1 250.2 248.1 248.1 252.3 257.9 263.9 269.2 272.5 277.8 281 285 289.5 296 300.1 298.9 300.4 304.3 309.7 313.5 314.7 313 309.5 302.3 293.6 285.7 275.7 270.5 266.6 261.7 254.1 254.5 251.9 248.7 239.9 235.2 227.9 218.7 209.6 197.2 191 184.1 173.8 164.6 156.6 149.9 140.2 133.3 129.9 128 125.5 121.9 119 117 115.2 114 113.5 116.4 126.2 130.4 134.6 139.8 139.8 136.8 130.5 131
122.4 149.5 152.9 160.5 185.1 193.8 204.6 216.2 229.6 243.7 250.7 259.4 263.3 267.6 267.9 265.6 262.3 258.9 254.5 249.9 247.1 244.8 246.3 251.9 258.9 264.3 269.6 274.1 277.8 281 292.6 297.2 295.4 296.2 300.3 305.6 313.2 317 318.2 316.8 313.1 303.8 293.9 287.5 281.2 275.1 267.2 261.8 255.5 245.6 241.9 238.6 235.5 231.4 226.7 219.4 206.1 196.4 192.4 184.5 174 164.6 155.6 149 140.9 134.7 130.6 127.8 125.7 122.8 119.7 117.7 116.3 114.8 112.7 113.2 119.8 132 140.3 142 136.9 130.6 127.1 128.7
143.1 143.5 147.3 176 180.5 198.4 186.2 224.8 239.2 250.2 258.5 263.4 267.1 268.3 266 264.3 262.2 259.2 254.2 249.8 246.1 243.2 244.1 251.3 259.1 263.5 266.8 270.6 272.8 280.7 296 294 292.7 294.9 300 310.7 319.9 324 321.5 318.8 314.8 304 295.5 288.9 282.9 276.3 268.4 261.7 253.9 242.4 233.4 232.5 230.6 228.4 224.4 214.9 205.6 195.7 193.7 187.2 175.9 165.5 155.7 147.8 142.5 136.3 132 128.8 125.4 122.9 120.6 119.6 122.1 120.9 112.3 111.1 121.6 138.5 144.1 142.8 134.1 125.9 127 128
127 137 157.8 176.5 188.7 157.6 176.1 231.9 245.3 256.2 262.8 265.9 265.5 264.9 262.2 262.5 261.4 257.9 253.8 249.9 246 241.4 243.5 253.9 259 260.4 262.9 265.1 271.3 285.7 294.9 290 291.2 293.7 303.3 318.7 326 327.8 322.5 318.3 313.1 304.8 297.5 290.1 281.9 275.7 269.8 263.5 252.8 239 231.2 228.6 227.6 223.8 220 211.2 202.3 197.9 194.7 187.8 178.2 166.3 156.7 149.5 144.2 138.8 133 129.4 126.5 123.8 121.3 121.4 122.8 119.9 110.7 111.2 125.4 141.1 147.8 141.4 129.8 124.3 123.3 127.1
132.1 144.9 173.3 177.6 184 175.8 214.5 237.7 249.9 258.2 264.5 265.3 262.9 258.4 259.9 260.9 258.8 256.1 252.5 248.8 245.1 239.9 244.7 252.9 254.8 255.6 256.6 262.5 274.5 288.4 290.6 286.7 289.2 293.7 308.2 319.7 327.2 325.3 322 318 314.3 309.2 303.1 292.2 280.8 274.5 269 262.7 250.6 238 227.2 224.3 221.6 217.7 216.4 209.2 200.2 198.5 194.4 186 179 167 158.8 151.6 146.1 141 135.8 130.9 128.4 124.9 121.6 119.9 121.1 115.1 108.8 111.3 126.7 142.6 147 137.2 126.9 121.1 121.2 125.4
136.7 152.2 169.7 184.4 205.9 215 228.5 241.8 250.4 258.8 261.6 260.8 258.2 257.1 258.9 257.9 256.3 253.7 250.4 246.8 243.4 237.2 243.7 248.3 249 250.2 253.2 263.1 276.5 284.7 284.8 281.9 286.3 295.2 308.9 321.3 323.7 323 321.9 318.8 312.9 310.1 300.5 289.7 279 272.4 267.6 260.9 248.6 237.9 226.9 217.9 216.5 214.2 213.1 205.8 199.3 196.9 192.1 185.4 178.3 167.5 157.7 154.8 147.5 143 139.8 133.9 129 126.1 124.1 118.7 117.1 112.1 107.8 111.3 130.1 140.3 141.7 131.7 125.6 117 121.6 127
142.3 158.7 175.5 187.6 203.2 220.5 234 242.8 248.8 253.6 254.4 253.7 255.7 255.6 255.8 254.9 253.7 250.8 247.8 244.6 241.6 234.4 238.6 242.4 243.8 245.7 254.3 264.7 275.2 278.9 277.8 275.4 284.5 295.4 311 318.4 319.7 320.4 318.9 313.5 309.7 306 297.3 287.4 276.4 272 266.1 257.9 247.7 236.4 223.3 215.5 211.4 211.3 210.6 202.4 197.4 193.8 189.4 183.4 176.6 166.5 159.1 152.8 147.9 145.2 138.3 133.6 130.8 127 123.6 119.3 114.4 110 107.5 109.4 126.5 135.7 133 127.1 122.6 114.1 123.1 129.5
147.3 163.6 177.1 190.4 208.9 224.8 235.3 240.5 245.2 247.9 248.9 248.4 249.3 251.1 250.3 250.4 249.2 246.4 243.4 241.9 239.1 233.1 231.3 236 238.1 244 253.5 265.8 270.9 271.7 269 273 283.3 298 310.3 316.1 318.1 318.1 314.3 309.8 304.9 301.2 296.7 285.1 277.1 272.1 264.3 256.9 242.9 233.8 221 212.8 206.3 207.4 202.9 200.3 196.3 192.3 186.9 179.7 172.7 164.5 157.2 153.3 150.3 143.2 137.5 134.2 131.2 127.6 125 121.3 119.2 110.7 107.3 109.1 121.5 129.4 123.9 121.6 118.5 115 125.9 132
152.4 167 177.5 193.9 212.7 222.2 230.8 236.5 239.4 243.1 239.2 241.3 242.5 245 247.1 245.9 243.9 241.4 240.2 238.8 236.3 232.7 226.1 230.5 234.3 243.8 255.7 262.6 263.3 261.4 262.1 273.1 283.1 295.7 306.4 316.8 315.4 314.1 309.3 306 302.1 299.3 294.5 283.1 277.6 271.3 263.3 252.7 238.7 227.5 218.7 211.5 203.5 200.3 199.4 199.6 197 190.7 182.9 176.6 168 160.5 154.6 151.9 148.1 142.1 136.7 133.6 131 128.9 126.4 124.3 120.6 114.3 106.6 109.4 119 121.9 115.2 114.8 113.3 116.7 127.5 133.4
155.3 166.2 178.7 195.3 203.2 210.4 222.6 228.2 230.8 232.2 229.5 233 236.5 241.7 242.1 242.1 238.4 236.4 235.9 235.8 234.4 230.7 223.9 227.8 235.2 245.4 254.1 256.6 255.5 250.2 263.5 271.1 277.8 289.7 301.9 308.6 308.4 305.2 304.1 305.2 302 298.2 288.7 281.2 275.8 267.1 260.5 247.9 235.2 219.8 213.4 207.2 200.9 195.3 196.6 194.9 190.5 186 179.6 172.4 164.4 159.1 154.6 151.1 146.4 141.1 136.7 134 132.3 131.4 130.1 127.5 123 112.8 106 106.9 116.8 115.1 111.5 112.6 112.1 116.7 130.1 133.7
155.8 166.4 177.7 187.1 193.4 202.5 210 216.5 221.5 218.9 218.7 223.7 235.2 238.4 236.1 233.3 231.7 232.4 233.4 233.3 232.2 228 222.7 228.6 238.1 246.5 248.6 247.3 240.6 250.3 256.1 263.6 273.1 282.6 290.3 296.3 296.8 296.4 298.9 305.7 301 293.9 286.4 278.9 271.4 264 257.2 243.6 230.5 219.4 211.6 206.8 200 192.1 188.2 186.5 182.8 179.3 174 168.6 162 157.1 152.9 150.2 146.8 140.6 136.3 133.6 132.8 133.5 132.2 128.7 117.7 110 106.7 106.1 113.1 111.1 108.4 111.2 109.5 118.9 129.5 132
155.7 165.7 175.8 183 193.9 200.4 203 205.8 208.4 208.2 211.9 221.2 232.6 229.5 226.8 225 228 229.3 230.5 230.9 229.2 224.7 223.4 229.9 234.4 238.3 238.7 236.1 241.4 245.5 251.4 263.6 270 280.1 284.2 285.8 286.9 290.3 296.7 303.6 298.7 290.7 285.1 276 268.5 261.3 252.3 242.3 228.9 221.6 216.5 208.4 200.6 189.3 182.9 179.1 176.5 172.9 168.4 162.6 160.3 156.4 152.6 149.1 145.6 139.3 136.1 134.2 132.5 131.9 125.4 120.6 114.9 109.8 107.4 105.7 105.9 106.2 104.8 107.6 104.4 117.3 126.2 128.8
156.3 166.3 177.4 186.8 195.7 198.7 198.7 198.9 199.9 203.1 209 218 221.2 219.3 219.4 220.7 223.8 225.6 227 226.6 224 219.6 219.1 221.2 226.1 229.4 231.2 233 237 250.2 264.2 276.2 280.6 279.7 281.9 282 281.9 285.3 292.9 296.8 293.4 287.9 283 275 265.8 257.4 247.6 238.6 230.3 225.2 217.5 207.7 196.2 185.4 180.6 176.5 171.1 165 162.1 159.3 157.2 154.4 151.6 146.1 142.7 137.7 135.7 135.2 132.6 124.4 119.8 119.7 117.3 110.3 107.1 105.6 103.5 102.1 101 100.3 100.5 113 120.3 123.2
158.7 168.3 180.8 190.4 194.3 196.1 195.9 196.2 197.1 199.6 206.5 212 213.7 212.5 214.7 216.4 218 219.3 220.7 218.8 213.6 214 223.7 230.1 235 238.8 240.3 235.5 243.8 264.6 281.9 288.5 289.8 286.8 282.9 281.9 281.1 281.3 285.4 289.9 287.2 284.9 280.6 273.6 265.7 253.4 244.2 238.4 230.6 224.6 214.2 205.5 193.7 183.5 182.4 182.6 175.4 165.3 160.9 159.7 157.4 152.5 146.2 143.1 139.5 136.1 134.4 131.5 126.3 127.4 128.1 125 119.3 116.3 109.8 108.9 103.6 102.2 100.8 99.8 98.7 105.6 110.6 109.8
160.4 170.5 181 187.6 191.9 194.8 195.4 194.9 195.4 197.7 203.5 205.8 206.5 208 210.6 211.3 211.9 213.1 214.2 210.9 214.8 218.6 222.9 229 235.1 239.6 241.1 243.4 255.9 279.1 289 295.2 297.2 293.9 287.4 282.2 281.3 280.7 282.5 283.4 282.9 281 277.3 272.6 264.2 249.3 243.7 236.1 229.6 221.9 211.3 203.6 191 183.8 188.8 189.6 181.4 168.8 164.6 163 160.1 153.7 147.2 141.3 137.5 134.9 132.4 130.5 130.5 133 132.5 128.1 121.4 115.7 115.8 112.9 106.2 103.4 102.7 99.1 98.9 100 101.8 100.9
159.6 169.9 179 185.7 190.5 193.5 194.1 193 193.3 195 198.3 200.5 202.1 204.1 206.3 207.1 208.3 209.8 209.5 204.9 214.7 217.7 220.5 225 229.9 234.6 236.8 249.3 273.2 286.8 296.1 300.4 301 296.3 289.2 283.3 281.9 280.9 280.1 279.9 279.1 277.4 275.4 272.3 263.1 254.4 245.8 236.8 226.9 217.4 209.5 200.4 188.7 185.7 190 190.2 181.7 170.8 168.3 165.6 161.8 154.4 147.2 141.4 136.9 134.5 132.5 131.1 133.3 135.7 131.9 125.8 122.2 121.1 121.7 118.3 112.5 109.8 107.7 99.4 97.2 96.8 97.1 97.1
158.7 169.2 177.7 184.2 187.7 189.8 189.7 189.1 190.7 192.2 194.7 197.7 200.1 203.2 204.8 206.1 206.7 207.5 204.5 208.5 213.7 216.7 216.9 218 220.1 223.4 239.9 260.6 280.1 295 302 304.5 302.8 297.3 290.5 284.1 282.3 281.2 279.4 277.5 277 276.3 274.8 272.9 263.6 254.5 244.7 233.2 223.3 216.5 207.9 197.8 185.2 185.9 187.6 187 180.5 171.5 169.5 167.6 162.2 153.8 146.4 140.5 136.1 135 133.5 132.2 133.3 133.9 128.2 125.9 124.8 124.9 125.3 122.3 118 114.1 111.5 102.7 97.3 94.9 95.3 94.5
157.2 166.9 174.7 179.3 182.1 184.3 185.3 184.8 187.3 190.6 193.6 197.8 201.9 204.5 205.4 205.3 204.5 204.5 200.2 207.2 211.5 214 214.1 215.5 215.6 227.8 246.4 268.7 286.7 299 303.7 305.7 302.4 296.9 290.1 284.9 282.9 281.4 279 276.7 275.1 274.5 273.6 271.7 261.7 251.8 241 230.8 222.4 215.4 205.7 192.2 186.5 183.1 179.7 179.9 176.1 168 165.3 164.7 161 152.6 145.5 139.8 136.9 135.2 134.6 131.8 131.3 129.8 127.8 125.9 125.6 126.6 125.3 123.5 120.5 119.1 112.5 104.1 101.3 94.9 93.2 91.3
152.4 161 167.6 171.9 175.7 178.9 179.8 182 187.1 190.4 193.4 197.7 201.3 203.7 204.7 203.7 200.3 197.5 205.2 209.8 208.9 212.2 215.1 216.9 219.8 233.5 252.8 277.1 291.7 297.9 302.6 304.7 300.1 295.6 289.9 285.2 282.9 280.4 278.6 276.2 274.3 272.2 271.3 264.8 258.4 248.5 237.8 228.4 220.7 213.4 200.5 189.2 184.9 177.3 172.3 170.7 169.1 161.2 159 160.2 158.5 150.9 144.8 139.8 138.1 136 134.7 133.9 132.8 130.6 128.7 126 125.9 124.4 122.3 123.3 121.6 119.3 113.6 104.4 101.5 99.5 92.6 90
149.9 156.2 161 163.4 168.2 173 175.4 180.9 185.1 189 191.5 195.1 198.1 200.2 200.8 198.7 192.6 200.1 206.4 211 213 214.7 218.3 220.8 228.5 242.9 262.6 282.2 290.5 297.2 302.4 300.1 296.6 293.4 289.8 285.9 281.2 278.1 276.6 274.9 273.2 271.2 268.6 262.9 254.7 242.7 235.1 225.7 218 207.5 194.1 187.1 178.9 180.5 176.6 172.9 165.4 157.9 155.2 155.6 154.7 148 143 140 139.1 136.7 137.6 135.9 134.5 130 126.7 124.4 123.5 121.7 120.7 122.1 120 116.9 110.6 103.9 98.6 95.8 92.6 89.6
147.4 150.1 151.6 156.4 162.4 162.7 170.3 175.9 179.9 184.2 186.9 189.4 191.4 193.6 192.6 188.8 197 203.1 207.2 212.2 216.7 219.8 224.1 230.6 240.4 252.3 272.2 283 289.9 298 301 300 295.6 292.5 289.3 286.1 282.8 278.6 276 273.9 271.9 269.9 267.8 259.9 250.9 239.7 232.5 224.9 214.1 202.4 191.3 187.1 189.1 189.5 184.9 177.2 167.2 160.6 155.8 151.7 147.8 146.8 144.1 140 139.2 137.6 137.1 135.7 133.9 129 126.5 124.5 122.9 120.3 119.1 121.3 117.8 112.4 106.9 104.7 102.9 99 93.9 89.5
137.5 134.1 144.1 150.5 152.6 159.1 158.9 168.6 172 173.9 176.6 178.9 181.5 184.2 194.8 198.2 200.8 204.2 208.8 214.1 219.7 226.1 231.6 239.7 250.4 262.8 275.2 283.4 292.3 299.6 301.6 302.1 296 293.3 290.1 286.8 283.7 279 275.8 273.9 270.9 267.8 265.2 255.7 248.5 238.7 231.4 224.3 212.9 202.6 191.4 196.7 197.9 193.9 186.8 176.7 169.8 165.9 161.2 157.5 154.2 150.6 146 141.1 138.6 137 136.4 134.8 131.7 129.8 126.5 123.8 122.1 119.7 118.2 118.3 112.9 112.9 112.9 110.7 106.1 100.2 94.7 89.3
132.6 142.7 150.5 158.2 164.1 168.2 172.3 171.4 175.6 180.3 187.2 190.2 193.5 197.2 199.9 202.6 205.2 208 212.6 218.6 225.6 232.8 241 248.5 256.9 268.2 278.3 285.7 295.1 302.3 306.2 303.3 297.4 294.9 291.5 288.3 285 281 277.6 275.7 272.1 265.7 260.4 254.4 247.9 237 227.9 220.5 208 199.6 202.3 203.8 202.8 197.5 188.9 177.5 173.4 173.4 169.2 164.5 158.4 154.2 149 142.8 138.9 137 136.2 132.6 130.8 129 127 123.1 119.3 117.5 117 115.5 118.2 116.6 114.4 110.9 106.6 100.5 96.7 90.3
