GeneralExemplars/GeoExemplars/data/LakeDistrict/terrain-50-dtm_3563996/sd/SD29.asc
ncols 200
nrows 200
xllcorner 320000
yllcorner 490000
cellsize 50
[rows 140 to 174 of 200, columns 79 to 157 of 200]
194.2 211.1 231.3 257.4 287.2 302.1 307.3 295.9 282.6 268.5 256.4 245.3 235.6 228 224.2 217.2 212.1 198.3 194.4 200.5 208.7 217.4 225.1 230.7 231 228.6 226.3 226.7 234.1 245.2 256.4 263.4 266.2 276.2 273 278.9 275.2 267.9 259.3 246.9 236.4 229.2 220.3 207.7 200.2 184.1 172.8 163.9 153.5 140.9 142.1 138.1 127.9 115.5 124 123.6 110.8 104 97 100.1 102.6 108.4 108 113.5 118.4 119.3 123.9 132.4 137.9 142.9 144.6 135.9 134 135.9 140.1 134.6 130.6 128.5 121.5
188 203.5 223.1 253.1 282.7 294.7 297 287.1 277.2 263.5 252 240.5 230.1 217.2 211.7 207.1 197.5 188 196.8 204 212.5 219.6 226.3 226.7 226.7 224.7 226.7 232.8 241.7 252.2 262.5 264 274.1 276.6 275.7 274 270.9 267.3 254.1 242.3 236.7 227.1 212.3 203.1 189.9 176.7 158.9 150.2 140.6 127.8 131.7 126.8 111.9 110.8 119.4 113.9 102.3 95.4 91.7 93.1 102.9 109.6 119.6 121.6 119.8 121.6 133.6 135.1 139.3 137.1 133.4 133 139.7 142.8 151.9 139.1 130.4 122.8 118.1
182.3 194.4 212.5 235.5 260.5 268.2 269.9 265 265.8 252.7 240.1 229.8 221.8 213 207.7 199.1 187.6 192.6 199.5 208.8 215.6 222.3 225 225.1 224.6 227.8 233.4 239.9 248 256.8 258.2 264.3 273.5 273.7 274.6 269.9 268 257.6 245.9 240.2 230.9 217.7 206.9 194.4 182.8 161.9 147.1 137.2 122.6 118.3 117.2 113.9 100.1 106.7 108.9 100.3 93.4 89.1 92.6 103.1 114.6 124.7 123.6 121.5 129.3 129.9 132.6 133 131.5 133.3 139.4 141.3 141.2 152.4 153.2 139.5 128.8 122 120.6
178.3 188.1 202.6 220.7 233.7 236.7 240 242.7 244.1 236.3 227 220 214.3 207.6 202.8 192.9 188 194.7 204 214.9 219.1 224 224.6 228.2 234.7 243.6 243.9 247.9 253.5 255.4 252.6 261 267.2 272.2 276.9 269.3 259.1 253.5 242.9 234.1 224.6 212.2 201.6 184.2 168.6 151.7 137.2 126.2 110.5 110.2 105.2 100 93.4 98.5 94.1 88.8 88.6 87 95.4 103.3 116.5 117.7 121.9 128.1 130.2 129.8 129.8 131.3 137.3 138.9 143 145 149.2 153.5 151 143.7 135.7 127.3 133.9
178.6 187.9 196.8 207.5 214.3 217.9 222.5 226.2 224.6 221.2 215.6 211.2 206.1 200 192.1 182.2 196.5 203.3 207.1 216.5 219.3 222.6 229 237.8 246.3 251.9 254.6 256.7 254.6 250.8 251.9 257 265.5 272.4 273.1 266.1 260.6 252.8 238.4 226.1 214 202.6 189.1 170.4 153.1 140.5 128.9 118.4 104.8 104.1 101.2 94.1 88.4 89.1 86.7 86.1 84.3 88.1 98.5 107.4 116.1 130 134.2 135.4 131.8 135.8 138.3 139.8 141 142.4 141 143.5 149.5 150.7 147.5 144.2 139.8 134.6 143
180.5 187.6 194.2 201 205 208.9 212.3 217.1 214.7 211.2 208.4 203.9 198.9 190.5 181.2 192.3 203.4 209.9 215.8 219.9 223.3 229.5 237.1 247.4 255 256.2 258 257.5 251.3 245.3 247.4 256 262.5 267 268.9 264.1 256.7 242.3 230.8 216.9 202.4 191.9 179.3 157.8 144.4 123.2 116.7 104.6 92.9 97.3 92.3 87.8 84.5 87 84.1 82.4 86.1 95.8 106.8 118.2 128.5 137.9 141.2 138.2 147.5 146.8 143.9 146.6 142.6 144.6 142.5 144.7 148.4 147.6 147.8 146.1 139.4 140.3 144.8
180.6 185.7 189.5 193.6 196.9 200.3 203.9 207.9 206.9 204.1 201.5 195.3 185.1 178.8 188.2 201.1 208.3 213.8 218 223.1 230.2 237 243.6 252.6 257.4 258 256.6 252.8 245.7 239.5 241.7 251 255.9 265 268.6 258.2 250.9 235.4 220 204.9 190.9 179.8 165.1 145.1 127 108.8 99.7 95.2 90.7 92.6 88.6 84.4 81.7 80.9 82.4 89.6 97.7 110.1 118.1 126 134.6 139.8 144.3 150.7 154.5 153.3 149.8 149.6 144.8 147 145.6 145.6 146 146.2 144.6 147.7 151.6 145.4 142.6
179.7 183 185.9 188 190.9 193.5 195.5 197.7 197.8 194 188.5 182.3 178.1 188 200.4 205.5 210.6 215.5 221.4 231.3 237.8 244.5 250.9 256.9 257.7 254.3 252.6 246.3 236.6 235.7 233.1 241.9 252.5 261.1 258.9 253.8 244.8 228.3 213.2 194.9 177.7 163.2 149.9 132.7 113.1 95.9 89.5 86.1 91 88.3 82.2 79.3 79.4 83.6 97.1 108.2 115.5 126.4 130.5 135.9 146.3 153.7 153.8 159.3 159.6 157.4 156.8 154.5 151.7 151.4 146.7 146.4 144 147.3 146 148.5 145.7 140.3 129.6
177.3 180.7 183.3 185.7 188.7 190.1 190.2 188 186.4 181.1 173.5 177.7 185.4 193.9 202.4 207.8 213 219.8 230.7 241.3 245.3 251.8 258.2 256.6 252.1 248.9 245.1 240.5 234 227.7 226.3 237.7 247.5 255 252.4 247.3 237.2 223.7 203.2 180.2 161.2 144.5 130.8 113.8 95.3 86 85.9 83.2 87.4 81.4 78.1 80.5 88.3 95.3 107.8 116.2 130.3 144.4 145.2 147 157.1 155.5 164 165.5 159.9 158.7 160.7 154.6 152.1 148.6 147.1 146.7 150 146.3 143 143.2 133.2 124 124.4
173.9 178 182.2 185.3 186.5 187.7 187 181.8 174.9 171.7 176.3 183.8 190.5 198.6 204.7 209.5 217.9 230.7 242.7 246.7 250.1 255.5 256.4 250.2 244.8 242.4 239.9 233.8 223.7 218.7 224.1 234.2 245 249.1 244 241.6 230.3 215.9 197 166.4 146.3 127.6 114.7 100.5 89 83.4 81.9 79.8 77.3 76.9 81.2 86.2 93.4 103.6 113.6 127.6 142.2 152.2 153.5 148.8 156.4 163.3 169.9 165.8 167.1 161.9 158.7 159.4 156.8 150.5 151.7 150.4 145.6 139.8 137.6 126.2 124.5 123.8 119.7
176.3 182.2 186.8 188.8 185.4 185 181.4 175.1 169.2 175.1 183 187.9 192.1 202.3 208.6 214.8 221.7 231.5 243.6 248 249.2 251.7 247.4 243.5 240.2 236.1 230.8 224.4 216.7 218.9 224.3 233.7 238.5 237.8 238 232.9 224.5 205.9 174 151.7 131.4 115.6 105.3 95.9 86.3 80.1 77.4 77.6 77.2 79 87.2 95.5 102.1 113.2 123.8 135.3 142.8 152.6 155.1 155 157 165.3 169.1 167.5 169.9 164.1 164.5 162.5 163.9 154.3 146.6 142.8 137 131.4 123 122 124.3 119 114.1
183.5 191.8 197.4 197.4 190.5 183.8 174.7 167.6 177.5 184 185.2 188.6 200.8 208.7 214 219.8 226.5 234.4 242.4 243.9 247.9 245.4 241.9 239.8 234.4 229.1 223.8 215.3 217.2 217.2 220.3 228.7 230.5 232.7 233.3 227 205 184.2 158.1 144 122.1 108.1 95 88.4 81.9 77.2 75.8 76.2 75.2 89.4 99.9 102.9 110.1 120.3 134.2 149.1 150.7 155.1 156 154.2 156.5 163.9 167.1 173.5 172.9 171.5 171.2 166.1 162.2 149.1 141.2 134.3 128.3 123.9 126.3 120 117.9 113.1 111.7
191.2 199.3 207.8 206 196 179.3 167 181 182.2 182.3 185 193.3 207.5 212.5 218 224.5 230.6 237.7 240.2 244.7 244.5 242.8 239.4 236.6 232.2 224.8 214.8 210.1 216 214.3 216.7 220.9 223.6 228.8 227.4 208.6 183.7 164.5 144.7 129.9 111.8 98.2 86.6 82.8 77.5 74.1 73.7 74.4 83.6 93 97.4 108.1 117.3 127.9 136.1 143.7 154.5 157.9 158.5 158 153.1 154.9 168.1 175.7 180.3 177.6 166.4 158 150.8 143.9 134.2 127.4 124.7 127.5 121.7 117.7 115.4 114.1 112.4
194.7 202.8 211.3 208.9 190.3 169.6 174.5 176.4 177.5 181.5 189.9 204.1 212.3 216.9 221.1 227.8 234.6 236.8 237.6 240.8 241 241 240.5 237.6 230.3 218.4 206.3 209.3 210.2 209 211.1 215 224.7 229.6 212 188.3 168.8 149.9 132.5 116.5 102 90.1 81.7 76.6 73.8 72.7 73.2 78.5 85.6 92.4 102.5 109.8 123.2 125.7 131.4 139.7 145.1 150.7 164.2 162.6 155.5 165.2 164.8 170.8 179.6 166.8 157.9 149.4 147.5 145.6 134.4 126 124.7 124.3 120.6 119.2 120.1 120.4 114.1
191.8 197.7 205.1 203.4 189 172.4 165 171 177.5 185.1 196.3 208 218.4 222.5 225.1 229.9 232.7 233.6 235.6 237.1 238.3 241.2 239.6 231.3 221.9 212 201.6 202.2 203.7 205.5 212.1 219.5 227 212.1 197.1 178.1 155.2 138.5 122.5 108.8 95.3 84.3 74.9 72.7 71.3 72.9 73.9 79.4 84.6 96.3 104.1 110.6 115.4 119.5 123.3 128.5 140.2 153.9 165.4 165.2 161.1 166 167.4 168.4 163.2 154.8 149.1 153.9 150 139.5 128.3 123.4 122.6 121.6 121.9 120.9 120.1 121.2 113.8
190 195.2 195.3 192.9 181.1 165.8 161.7 175 184.7 196.4 204.4 212.3 222.1 226.7 227.8 228.6 230.5 231 233.8 233.6 235.7 236.5 231.7 222.9 216.2 206.5 199.7 196.7 202 206.1 216.9 221.5 215.9 198.1 177.8 154.3 143.2 132.1 114.9 101.1 90.2 79.2 72.8 69.3 79.4 74.7 75.2 79.1 86 94.4 98.8 102.6 106 109.3 125.2 140.3 143.2 150.7 159.2 165.7 159.4 158.2 160.9 162.6 157.8 155.6 145 152.4 143 129.3 122.1 120.7 123.5 124.3 121.7 115.8 115 114.3 111.5
183.6 191.9 188.7 175.9 163.1 161.2 174.9 185.4 195.3 206.9 211.1 215.6 221.6 226.5 225.2 226.4 228.4 228.1 229.8 229.9 230.5 228.8 224.5 218.7 209.5 198.4 192.5 195.5 202.4 208 213.9 211.4 197.8 176.5 159.6 150.3 137.4 122.6 108.8 96.6 86.8 76.7 69 74.9 73.9 73.9 74.5 80.3 82.4 86.7 90.3 96.7 103.2 116.9 134.1 137.9 145.9 151.4 153.1 151.7 157.6 164.4 160.7 162.4 154.6 147 143 140 127.2 119.1 118.6 121 121.2 116 113.5 113.2 111.9 111.1 113
181.8 190.8 174 163.7 159.1 173.8 186.3 192.5 205 213.3 220.3 222.7 223.9 222.9 222.1 223.3 223.9 224.4 224.2 224.1 222.7 222 220.3 213 200.4 184.4 184.9 195.5 200.9 201.7 199.7 193.1 173.8 160.8 152.5 140.5 127.7 116.3 103.6 93.1 84.5 75.8 68.7 72.3 72.7 77.6 74.4 74.7 75.2 80.4 87.4 98 108.5 114.9 129.1 133.2 139.7 142.7 148.9 173.8 173.5 162.8 154.8 153.8 149.5 147.6 135.2 121.7 117.1 117.5 124.2 121.2 115 112.2 112.4 111.4 111.2 111.8 115.1
177.3 170.6 157.8 153.5 172.1 187.1 191.2 205.1 214.7 219.6 226.1 222 220.1 219.1 219.4 220.1 220.4 220 219 216.8 216.8 216.3 209.8 202.7 188.2 176.8 183.2 187.9 192.4 185.9 187.3 177.8 164 149.8 138.8 132 120.3 109.5 98.5 88.4 81.2 73 68.4 80.3 80.1 76.1 77.7 77.1 75.2 78.7 88.8 101.1 109 112.8 115.6 120.2 129.3 143.5 165 174.9 175.6 163.3 154.8 145.3 143.1 141.7 125.3 119.4 120.7 127.7 126.8 118.8 112.8 114.5 114.1 112 114.3 116.6 117.4
159 153.8 151.3 170.8 183.5 190.4 201.5 214.2 220.1 225.1 223.2 218.4 217.5 217.9 217.9 217.5 217.3 215.2 213.1 211.2 210.7 203.1 199.9 189.4 175.9 172.2 175.6 177.3 179.4 179.4 174.8 161.5 148.6 136.3 130 123 113.8 103.4 92.6 85.8 79.4 66.7 75.4 78.1 76.2 75.5 77.9 78.6 77.2 81.1 87.2 96.4 105.3 113.3 116.5 128.4 140.8 150.6 162.7 169.5 170.8 164.8 148.5 138.8 136.5 123.3 115.6 116.7 122.8 122.1 117.4 112.7 112.9 114.1 114.5 115.6 120.6 121.2 118.8
145.7 155.8 169.2 182.8 193.6 202.8 211.7 219.8 223.7 224.3 218.6 215.7 216.5 216.7 216.5 215.9 214.4 211.7 207.8 204.4 198.7 194.7 185.5 175.8 167.4 166.6 168.5 170.1 170.4 165.3 154.8 143.5 133.4 126.5 122.5 114.4 107 98.1 89.5 82.2 75.1 66.6 73.1 74.7 73.7 74.4 76.5 78.7 92 92.1 84 93 104.6 116.1 127.6 144.4 143.7 152.2 158.7 163.2 163.2 155.4 143.8 135.6 119.4 114.9 114.6 117.7 114 114 115.6 114.6 118.6 119.2 120 119.8 121.1 121.2 116.7
160.6 170.8 182.2 194.6 206 217.6 220.8 222.9 223.3 220.1 214.6 212.9 213.7 214.8 216.1 214.7 208.9 204.2 199.2 192.6 188.4 178 171.1 166 160.2 159.3 162.6 162 158.4 149.8 141.5 135.5 123.2 119.5 114.6 105.7 98.6 92.7 87.6 79.4 70.7 64.2 72 70 72.8 78 84.3 86.5 88.7 88 81.9 98.8 110.4 119.9 126.9 149.3 148.4 157 158.7 157.4 151.3 141.6 127.7 118.6 114.7 114 114.3 114 114.2 117 122.7 123.6 122.9 120.8 120 120 120.2 123 113.3
175.7 185.7 196.8 211.5 221.1 222.5 221.7 221.5 219.6 215.2 211.6 210.5 212 215.2 212.4 205.6 199.2 194.8 187.9 182.9 172.5 164.8 161.2 157.2 154.7 152.8 156.4 151.3 142.6 134.9 133.1 130.7 121.2 116.2 108 99.6 90.5 86 80.6 75.4 66.4 63 66.9 77.7 80.8 80.4 80.1 79 81.1 81.3 94.5 113.2 124.6 122 123.1 143 151.5 156.6 157.3 154.2 142 125.9 116.3 114.7 114.4 114.2 116.1 114.7 114.9 118.2 125.8 126.2 123.7 120.6 120 119.1 117.2 114.4 113.2
190.2 202 215.5 221.3 224.9 223.1 219.7 217.6 215 211.2 208.9 209.3 212.5 212.1 203.6 195.8 191.1 185.3 178.9 169.5 160.3 156.7 153.6 152.7 148.2 150.8 145.5 137.3 130.3 125.5 124.9 123.6 118.1 104 99.9 93.3 85.8 81 76.3 69.2 61.5 66.7 70.6 79.4 77.3 73.7 69.3 75.1 95.3 116.1 127.5 130.6 133.7 127.8 123.3 130.8 147.3 155.2 157 144.6 127 117.8 114.7 114.4 121 127.5 121.3 118.5 118.2 124.1 125.1 123.9 122.6 122.5 119.1 117.5 113.8 112.5 113.2
203.4 213.5 221.5 225.6 224.5 219.8 215.7 212.9 210 206.6 205.3 207.6 209.8 203.6 194.1 187.1 181.7 175.6 166.1 155.7 151.1 148.5 147.3 146.9 146.6 140.6 135.4 129.5 124 121.2 117.4 114.7 105.3 94.5 87.4 86.4 82 77.8 70.2 61.1 60.5 67.7 68.1 72.1 68.3 68.2 89.8 103.3 132.4 142.6 142.3 150.2 141.4 133.2 124.1 132 152.7 150.6 142.8 129.1 117 114.9 114.6 128 134.7 128.8 127.3 122.9 122.2 122.9 123.9 125.3 127.5 119.6 115.1 112.7 112.3 112.4 113.1
211.9 219.6 223.5 224.5 220.7 215.1 210.3 207.9 204.8 202.6 201.2 205.3 202.3 193.5 187 180.4 173.5 165.7 158.3 152.6 148.1 146.4 144.5 143.7 138.1 128.5 126.6 122.7 122 119.8 111.2 105.5 96.5 84.1 80.2 80.8 80.5 72.6 60.9 58.8 60.4 64.1 65.6 64.6 67 89 107.5 128 143.2 143.7 154 156.5 143.9 141.8 129.3 134.9 144.5 138.7 130.5 119.4 115.4 117.4 138.1 141.3 133.9 128.8 127.5 122.7 122.7 123 126.6 133.7 123.2 117.4 114.1 113.1 112.5 112.3 112.5
217.2 220.7 222.8 219.1 215.2 209.6 204.7 202.7 199.7 198.1 199.7 201.5 193.3 186 180.5 173.2 165.3 158.2 152.7 148.3 143.7 141.7 136.9 138.2 127.6 119.9 119.6 119.2 119.6 113.3 104.7 94 82.5 78 78.1 73.4 68.9 61.1 62.6 63.5 59.9 61.3 62.6 72.2 79.5 96.4 114.4 131.4 147.2 148.5 155.6 160.4 153.2 146.1 135.4 134.4 132 127.7 119.9 117.3 119 138.5 139.5 134.8 128.9 126.9 124.7 123.4 123.2 126.7 128.4 127.3 118.4 113.9 117.3 114.4 111.9 111.8 111.5
217 218.1 216.9 214.6 210.4 203.8 198.9 196.7 194.2 194.1 200.1 195.6 188 179 171.5 165.9 159.6 151.6 146.8 143 137.4 133.4 130.9 123.9 115.5 114.2 113.7 114.4 112.5 106.5 92.1 79.5 78.4 76.7 70.5 63 57.4 64.6 68.6 62 59.2 63.8 78.5 83.8 92 101.6 115.3 130.8 145 143.4 146.1 151.8 157.6 148.2 133 126.1 122.1 120.8 122.9 129.9 138.2 138.1 135.2 130 130.3 133.3 128.5 133.1 125.4 126.3 124 118.9 115.3 112.9 112.5 112.4 112.1 116.3 113
215 214.8 212.4 209.6 205.2 197.3 193.6 190.9 189.7 195.2 195.7 190.1 183.4 171.9 163.3 159.2 153.3 143.4 139.4 136.2 131.7 125.2 117.5 112.5 108.4 110.9 104.3 105.2 99.7 89.9 84 75.2 72.8 67.6 61.4 54.2 63.1 67.6 66.1 60.1 60.8 76.9 82.6 91.1 105.5 120.6 129.2 134.9 138.8 148.1 159.1 157.3 151.5 142.4 125.1 120.3 120.1 124.1 135.6 145 138.2 134.3 132.3 131.1 134.8 132.4 131.5 129.6 122.1 119.4 118.2 117 114.6 113.1 112.3 112.2 112.7 115 112.1
211.5 210.3 207.8 204 198.4 191.3 188.9 184.9 188.7 192.5 188 183.7 176.2 161.9 155 152 143 133.8 131.1 127.2 121.1 116.2 109.9 104.9 105.7 101.5 98.5 91.1 84.6 82.9 80 68.4 63.3 57.8 53.7 65.5 71.4 69.2 65.5 60 70 79 90.2 104 122.6 137.9 143.5 140.7 154.5 159.6 160.3 153.5 143.4 129.4 122.7 120.7 120.7 130.4 147.1 142.1 135 134.4 139 142.2 139.1 134.1 129.5 125.2 122.4 118.6 117.4 115.5 114.2 113 113.1 112.7 113.1 113 112.1
207.1 206 203.3 197.8 191.4 186 183.1 180.8 185.3 184 180.5 175.4 164.9 151.3 143.7 138.3 128.3 124.6 123.7 120.3 114.7 108.6 102.8 99.2 97.1 95 85.4 79 74.1 70.7 66.3 59 54.4 57.8 70.1 69.5 70.4 74.2 63.6 60.5 67.5 83 98.1 118.6 128.7 135.8 153.9 170.4 169.1 162.3 154.5 146.5 134 130.8 127.1 132.8 137.7 138.7 144.9 143.6 148.7 150.7 150 146 142.1 135.4 135.1 127.6 125.9 119.4 120.3 116.6 117.8 123.1 115.9 114.8 115.7 113.1 112.7
203.6 201.7 197 191.3 185.6 180 176.2 175.6 178.4 176.5 172.6 166.5 157.8 142.3 131.7 126.2 121.9 117.9 116.8 113.8 107.6 101.8 97.3 92.5 91 85.2 79.7 73.3 66.3 61.6 56.6 52.2 65 70.6 71.7 69.4 69.9 65.6 62.1 67.1 70.5 82.7 102.2 112.5 122.9 154.2 163.6 173.2 165.5 155.8 150.3 144 139.6 140.8 148.4 150.2 151.8 151.1 152.1 155.6 162.9 159.9 152.6 146.6 144.6 144 138 133.4 131.7 122.5 120.5 126 128.6 129.6 125.7 117.5 115.1 121.3 117.9
200 196 190.6 184.9 179.2 173.6 172 171.1 171.6 169 164.6 158.5 147.7 131.1 121.5 116.2 110.4 107.4 109.2 108.9 105.7 101 94.9 85.5 81.8 80.1 77.9 66.3 56.7 53.6 54.4 72.1 71.7 74.1 72.5 68.7 64.9 63.7 65.3 65.8 72.7 83.6 99.3 110.4 127.6 153.6 164.8 171.9 162.1 154.4 149.4 146.6 157.9 161.7 163.8 164.1 170.2 163.9 156.2 162.7 163.4 157 150.4 149.1 149.8 143.2 141.2 135.8 134.9 125.2 130.2 135.2 135.2 136.2 128.9 121.7 120.3 119.9 121
193.6 188.4 183.6 178.8 171.6 169.7 166.2 166.1 164.2 161.3 155.5 145.7 130.7 113.6 108 109 103.8 103.1 103.1 105.2 102.6 96.7 86.2 74.7 73 69.3 63.3 54.2 50.8 60.6 72.2 76.1 73.1 74 72.9 67.1 67.3 77.3 68 67.6 79.7 90.3 110.2 115.2 127.2 151.4 173.4 167 158.8 156.7 158.9 166 172.8 170.1 171.6 177.3 179 174 164.4 160.3 157 157.2 156.1 152.2 148.9 148 144 140.9 131.2 133.7 138.3 142.8 144.3 145 130.9 123.3 125.4 125.1 132.7
186 182 177.9 170.9 167.6 165.5 162.4 159.7 157 150.9 141.1 129.2 115.8 99.8 98.6 102.6 99.9 99.8 99.4 98.3 92.9 86 73.9 67.1 62.1 56.4 50.1 47.8 60.1 68.7 69.2 74.1 73.4 72.6 67.4 71.2 79.7 77 67.3 66.9 82.9 95.5 110 121 144 174.4 173.3 163.8 164.5 173.3 183 182.1 177.2 175.7 180.2 182.5 186.3 176.1 164.8 161.2 159.4 156.7 156.3 153.4 154.3 154 149 140.1 141.5 148.2 149.4 158 158 156.5 138.2 142.5 144.6 148.9 156.1
