GeneralExemplars/GeoExemplars/data/LakeDistrict/terrain-50-dtm_3563996/sd/SD29.asc
ncols 200
nrows 200
xllcorner 320000
yllcorner 490000
cellsize 50
[rows 35 to 69 of 200, columns 0 to 78 of 200]
463.5 469.3 473.8 458.2 445.7 441.1 432.7 423.6 419 410.8 406.7 399.4 390.5 384.1 378.5 371.6 365.4 360.1 356.3 353 347.6 339.7 334.1 328.3 320.5 313.3 308.9 303.3 296.2 290.7 286.5 281.1 278 276.6 273.7 267 261.1 257.1 255 252.9 251.9 252.2 253.2 254.3 251.6 243.5 240.3 238.9 235.3 232 227.1 223.9 222.7 221.9 228.3 242.3 255.9 276.4 272.4 247.2 209.7 182.3 167.3 159.3 155.3 154.8 162.4 172.8 186.8 201.9 200.2 201.1 198.7 194.5 179.9 178.4 184.8 190.4 216.8
463.8 466.6 469.1 459.4 452.3 446.9 441.5 434.5 421.9 417.1 411.5 401.9 395 386.5 381.1 375.7 370.4 366 361.8 356.5 350.2 343.3 335.4 328.2 319.6 312.2 305.8 299.6 292.4 288.2 284.3 280.2 276.7 273.7 270.9 265.2 260.2 256 253.7 251.8 250.3 249.6 248.9 247.4 243.8 239.8 237.8 233.7 230.3 226.9 224.9 221.9 219.8 218.6 229.8 247.2 261.2 273.4 263.8 232.5 199.5 175.3 157.9 151 155.5 164 170.8 183.7 196.1 207.9 198.6 196.9 196.9 189.1 174.6 175.5 182.4 189.4 200.5
441.5 447.2 449.3 444.9 443.8 441.6 439.1 432.7 423.1 423.8 413.3 403.3 397.9 391.5 384.1 379.3 374.8 370.4 365.3 359.2 352.4 343.9 335.9 326.5 316.5 309.3 303.4 295.6 289.6 285.9 282.1 278.8 275.8 272.8 268.7 265.1 261.4 259.6 255.4 251.6 249.3 247.9 248.4 247.1 242.7 241.3 238.6 236.3 232.9 225.2 222.2 219.7 217.8 216.8 221.3 235.5 260.1 251.1 230.7 211.5 185.5 163.8 145.9 155.2 162.8 171.2 177.8 184.5 194.9 198.3 195.4 194.9 193.3 176.5 168.8 171.8 175.8 185.8 196.1
413 423.3 429 433.4 439.3 439.4 438.3 434.5 423.1 417.4 413.6 404.1 398.1 392.6 388.5 384.1 379 373.8 368.7 361.2 352.2 343.9 332.7 322.7 312.7 306.9 300.5 292.4 288.4 284.6 280.7 277.8 275.6 274.3 271.9 267.9 264.5 262.6 258.9 255.9 255.4 253.8 251.8 248.9 246.4 244.2 243.5 239.4 234.5 228.6 217 216.7 215.5 213.8 213 223.8 254 238.4 220.8 194.1 170.9 151.3 151.8 160.1 167.4 179.8 184.9 189.6 191.1 190.7 190.8 188.9 182.7 170.5 168.2 170.2 172.4 182.6 197.1
399.5 409 417.2 428.8 438.8 438.6 435 429.5 423.3 417.3 413.2 407.3 401.2 397.6 394.3 389.5 384.2 378.9 371.2 362 350.4 339.4 328.2 317.2 308.5 302.1 296 290.9 287.3 283.7 280.7 278.1 277.2 276.8 274.5 270.7 267.4 265.7 263.9 261.9 260.3 257.9 255.4 253.2 250.3 247.4 244.2 240.3 234.5 229.8 216.7 214.2 213.5 212.7 212 213.5 223.8 227.1 209.1 178.1 155 147.1 157.6 165.4 178.7 185.3 189.6 194.2 197 191.1 190.6 190.3 187.1 168.4 167.5 169.3 172.8 185.6 201
387.7 395.9 407.3 420 433.8 431.2 429.3 429.4 425.9 421 416 409.7 405.9 405.7 402.5 395.4 392.7 385.1 374.5 360.9 346.9 332.6 322.3 312.4 304.6 297.7 293 288.5 285.5 282.9 280.8 279.7 280.4 279.2 277.6 274.1 270 269.3 269.9 269.5 267 264 261.3 258.2 254.1 249.7 244.1 239.6 235.3 227.9 216.4 211.2 212.2 211.5 210.3 210.1 212.7 208 190.5 165.8 143.5 154.6 164.2 172 176.2 187.4 197.1 207.4 199.8 193 189.1 184.1 181.7 164.2 164.7 167.7 174.8 192.5 201.5
380.6 388.4 398 406.5 414.6 420.9 426.2 430.6 430.4 428.3 419 413.1 410.8 407.3 403.1 396.5 388.8 378 363.8 349.4 339.8 326.3 316.6 308.5 301.3 295.2 290.7 287 285 283.2 282 283.4 285.1 282.7 281.9 280.4 274.8 274.4 275.1 275.4 275.6 271.8 267.5 262.6 257.5 252.3 246.5 239.3 233.3 226.3 215.8 208.4 208.2 209.4 207.8 204.5 199.5 188.7 178.6 143.8 149.8 158.6 167.4 176.1 184.6 195.4 202 203.3 198.3 197.5 189.5 174.2 168.6 162.6 162.9 165.9 175.9 183.5 194.2
378.3 384 392.1 403 410.1 416.5 424 429.4 433.1 425.8 418.3 416.9 417.3 414.7 407.1 395.9 382.1 367.7 352.7 341 331.4 321.4 313.2 306.4 299.1 293.5 288.9 287 286.5 284.6 286 287.3 287.3 285.8 285.9 286.7 283.7 284.2 284.4 283.5 282.4 278.7 273.9 268.5 261.4 256.1 249 241.5 233.1 222.4 212.8 204.6 203.8 206.3 213.4 204.4 193.5 171.7 155.4 145.6 152 159.6 167.2 180.9 193.4 204 212.4 210.5 208.3 205.2 195.1 182.4 168.3 160.1 162.6 165.2 171.9 176 182.6
379.2 382.3 392.1 402.4 408.6 421.1 428 428.5 428.3 425.4 414.7 409.6 407.7 399.3 392.2 382 369 357.6 347.9 338.2 328.6 318.1 310 304.6 297.3 292.1 290.8 290.2 288.4 287.9 288.8 289.8 290.6 290.1 290.5 290.6 290.7 293.5 294.5 294.1 291 286.7 279.4 273.3 266.5 260.4 252.2 243.4 235.1 222 210.4 203.1 199.5 195.9 201.1 199.9 187.2 163.7 143.5 143.7 154 160.1 168.1 182.7 203.4 212.3 214.6 213.1 209.5 201.3 191.1 185.3 164.2 158.2 161.8 166 169.9 173.5 179.6
381.3 385.1 388.5 393.4 396.6 402.6 412.3 421.7 424 418.6 411.9 406.8 401.4 393.4 386.4 379.1 367.7 355.8 348 339.7 327.8 316.6 309.9 304.3 298.6 295.9 293.8 290.6 290.4 291.6 294.3 298.7 300.1 298.2 298.5 300.5 301.8 305 305 301.9 297.5 291.4 286.4 280.9 272.4 264.5 253.7 243.4 234 222.8 210.5 196.4 198 192.5 190.9 188.7 176.3 155.1 139.2 149 156.5 163.4 174.6 195 213.1 214.2 219.4 216.1 206.5 196 188.7 180.6 160 157 162.4 169.5 170.3 171.3 174.1
384.3 386.4 388.9 391.6 393.4 395.9 403.7 412.4 418.1 415.8 411.7 407 401.9 394.3 387.7 378.3 369.7 360 348.7 338.2 325.7 315.4 309.5 304.3 302.1 300.3 295.9 293 293.7 295.5 300.6 308 309.5 306.6 306.1 308.4 310.6 314.9 312.9 304.2 299.2 297.2 294.5 289.6 279 268.1 257.2 246.4 236.3 225.9 211.4 190.6 190.5 187.1 191.2 195.7 179.3 140.3 145.8 155.1 160.4 170.1 184.2 205.9 217.9 220.9 222.3 214.7 200.1 187.9 183.1 169.1 154.9 157.6 162.6 171.5 172.1 171.5 171.4
387.4 389.1 389.3 390.3 392 395 399.7 407.6 412.4 413.3 412.8 410.6 405.3 396.8 388.3 379.1 372.5 364.2 351.8 342.7 326.5 315.3 309.7 306.8 307 304.4 299.2 297.3 297.7 301.1 307.6 311.4 315.5 312.2 310.7 312.2 318.5 320.2 314.6 303.5 301.2 303 304 297.9 282.9 271.6 262.5 251.3 237.1 222.6 206.6 167.2 172.3 183.5 187.7 187.1 159.5 139 151.8 159.4 165 178.9 197.4 215.3 226.2 226.3 218.5 207.8 194.4 183.1 175.9 161.5 153.1 156.3 162.2 173.9 174.9 168.9 167.8
388 390.5 390.9 390.2 391 394.1 400.4 406 410.5 414.6 417.1 416.3 410.2 401 387.6 376.5 370 363.2 350.3 336 324.3 316.1 311.8 312 312.1 310.4 304.7 301.2 302.2 306.2 311.7 315.3 317.4 317.6 316.4 319.9 328.9 321.1 308.8 304.2 302.4 304.6 309.8 304.4 283.9 275.3 268.5 256.6 239.1 221.5 205.5 184.6 167.2 151.5 170.6 166.9 142.4 144.2 151.7 158.8 170.5 184.1 202.8 214.7 227.1 229.3 222.8 207.1 193.6 179.8 168.1 155.3 150.1 155.6 158.4 164.8 170 167 166.2
387.6 390.2 391.2 388.9 388.7 393.9 401.1 409.3 417.3 420.6 421.2 420.6 414.8 404.8 391.6 378.4 366.4 357.5 345.5 334.4 325.1 317.8 316.9 317.1 317.3 314.9 309.3 307 307.8 311.2 320.8 325.3 323.1 319.6 323.3 326.4 332 317.5 307.9 303.3 304 311.2 314.7 303.5 285.1 284.1 274.5 258.3 235.9 219.1 204.9 189.6 173.3 162.2 141.1 139.2 134.5 144.3 152 162.7 170.7 185 199.7 212.7 213.3 218.2 216.9 199.3 187.8 173.9 157.7 153 148 151.3 153.6 158.5 162.4 160.2 164.5
386.7 387.9 388.7 388 388 392.1 397.2 409.5 424.2 431.9 429.2 425.6 419.1 409.6 397.9 382.8 367.1 355.7 345.2 335.1 327.3 324 327.7 328 326.3 322.4 317.2 314.5 313.9 316.4 325.7 331.9 324.3 320.9 323.4 325.7 323 314 307.6 304.3 305 311.8 313.4 301.7 281.3 276.4 259.8 249.9 232 219.1 205.5 186.5 174.1 160.2 151.6 144.7 134.1 141.4 153 160.5 168.3 180 191.1 203.2 202.4 205 198 190.7 179.9 160.5 153.5 151 147.6 149.8 149.9 155 153.8 157.2 163.6
386.6 386.7 387.3 387.4 388.3 390.3 399.1 416.8 432.8 438.8 434.6 425.6 421.7 413 404.1 389.6 373.8 360.3 347.9 339.7 334.3 336.2 343.4 348.6 341 332.3 326.1 321.5 319.8 321.7 325.2 330.7 327.9 327 329.5 329.5 325.8 318.2 307.8 309.4 308.2 314.8 314.5 288.7 274.3 263.6 247.4 241.2 234.1 216.5 200.7 184.8 170.6 155.8 149.3 147.5 137.4 134.2 145.5 157.1 172.6 174.2 170.4 170.6 175.3 183.9 182.2 177.1 166.9 152.1 148.4 147.2 145.8 147.5 147.4 147.5 148.6 155.4 161.8
386.8 386.9 387.3 387.4 388.2 389.3 401 425.2 430.3 432.5 429.3 422.2 420 417 405 395.1 383.7 370.8 358.1 348 343.2 346.7 351.2 352.2 350.4 341.9 337.6 334.2 332.2 330.5 329.2 331.6 339.1 343.3 346.5 337.3 329.1 314.7 308.3 306 310.4 309.6 301.9 281 267.9 253.6 242.8 232.1 220.3 205.6 195.1 185.5 170.9 153.8 149.4 145.8 138.7 130.6 146.9 168.7 181.9 173 168.9 163.4 163 170.5 161 157.1 149.2 152.2 146.2 144.6 144.8 145.3 145.1 145.2 147.1 155.2 160.1
388.1 389.2 388.7 387.9 388.1 391.3 401.7 417.1 426.9 424.9 421.5 418.3 418.1 416.3 406.6 397.8 389.3 379.3 368.9 362.1 354.3 355.8 359 360.7 358.8 353.8 353 349.2 351.1 344.5 345.5 341.6 338.2 338.9 336.6 332 321.1 314.3 306.9 299.8 300.9 299.3 285.9 273.7 263.6 251.4 238.1 225.3 215.4 205.4 198.6 190.3 177.2 159.9 157.6 151.9 140 135 150.8 164 173.1 172.7 175.7 161.1 153.1 151.8 152.3 142.6 142 143.9 143.9 143.7 143.8 144.3 144.2 144.5 148.1 153.1 157.5
392 391.9 390 388.5 388.4 393.6 401.5 414.5 419.1 418.9 416.5 414.8 414.2 409.2 402.8 398.1 390.8 383.9 377.4 373.3 374.1 376.3 377 376.6 372.3 367.1 366.3 358.5 355.1 352.9 357.3 349 339.8 330.6 323.3 319.6 317.1 313.1 307.1 301.4 293.3 287.6 276.7 271.5 263.5 251.6 238.5 229.2 221.8 212.9 206.2 194.9 180.8 166.2 166.6 161.3 145.7 136.7 156 169.7 177.6 175.6 168.5 167.6 154.7 140.6 140.5 140.8 141.2 141.6 142.1 142.9 143 143.4 144.4 145.6 147.9 153.4 157.3
399.7 395.8 393.1 389.1 389.2 392.8 400.7 407.3 410.3 413.3 413.7 410.5 408.5 404.4 398.7 394.2 390.1 386.1 382.6 385.7 391.2 397.4 394 386.4 382.1 376.5 372.5 367.3 366.2 367.8 362.6 355.8 341 329.7 321.6 321.5 318.5 317.5 310.8 297.4 296.8 284.4 269.3 268.2 262.2 248.9 238.8 230.4 221.9 215.2 207.9 198.1 177.1 167.4 163.4 167.9 129.3 144.4 164.3 181.2 186.5 182.2 170.2 161.1 148.3 140.3 140.6 140.6 140.9 141.2 141.4 142.2 143.3 144.5 145.1 146.1 149 153.8 156.8
402.9 399.9 397 391.9 391 394.2 403.1 404.6 406.5 409.5 407.3 404.7 400.2 397.6 393.1 389.4 388.5 387.1 386.2 390.6 398.5 404.1 403.4 395.7 391.6 388.9 383.3 368.7 363.9 365.3 359.6 353.1 340.4 328.2 328.9 329.9 318.6 311.7 307.3 294.2 282.6 272.6 261.8 267.7 259.5 245 237.8 229.7 223.2 218.8 210.8 198 173.6 163.4 154.1 160.5 130.2 151.2 163.6 183.1 184.5 176.5 157.7 149.3 139.9 139.5 140.4 140.5 140.5 141 141.5 142.5 144.1 145.5 146.3 147 149.4 151.3 153.8
403.6 401.8 399.3 394.9 392.6 395.6 400.8 401.9 402.9 401.8 398.1 396.2 392.5 390.1 387.5 385.2 385.5 385.3 388.3 404 397.1 402.8 406.3 399 396.5 389.5 383.6 367.4 359.5 355.5 351 346 336 332.7 334.7 328 317.8 310.6 301.6 291.2 280.5 266.2 253.5 265 259 249.2 235.4 231.2 227 220.8 213.9 195.2 168.4 153.4 139.2 131.3 136.5 157 152.1 154.7 152.9 151.5 145.6 139.5 139.6 139.3 139.5 139.9 140.3 140.8 142.1 143.8 144.7 146.4 147.8 149.4 150.1 151 153.8
403.4 401.8 400 396.4 393 393.6 394.1 394 393.2 391 389.2 387.8 384.9 382.3 380.2 380.2 380.3 377.5 380.3 387.9 395.7 396.4 398.8 394.9 393.1 392.2 381.7 370.2 356.7 355.9 347.3 339.8 336.6 334.5 332.4 324.7 318.2 308 302.7 291.8 274.5 257.3 246.9 256.5 257.2 247.6 238.1 234.9 231.2 223.2 213.8 186.2 159.2 137.5 130.5 144.8 157 163.7 157.8 150.2 143.2 140 139.2 141 139.1 139.2 139.3 140.1 141.1 141.9 143.4 144.8 145.7 148.4 150.4 151.7 152.3 153 154.5
403.2 401.4 399.4 395.8 392.2 391.1 391 388.9 387.1 383.5 380.6 378.8 374.5 371.4 370.2 371.8 370.1 367.1 373.4 380.1 384.8 386.9 383.3 380 381 377.1 365.6 360.3 348.1 340.1 336.2 336.8 337.9 337.7 336.3 332.6 323.6 308.9 295.4 288.9 263.9 245.2 242.9 247.5 249.6 254.5 249.3 245.9 234.2 221.9 201.8 168.6 143.2 122.6 147.5 164.5 171.7 174.6 172.4 164.2 151 140.5 139.6 138 138.7 139.2 141.7 144.8 145.9 145.2 146.9 148.6 150.2 150.6 152.9 153.6 154.3 155.2 156.7
403 400.4 398 394.5 390.6 388.7 386.7 382.6 378.5 375.3 372.2 368.4 362.7 358.8 358.9 360.7 357.9 358.9 365.8 376 383.4 386.4 381.3 372.2 364.8 359.2 349.8 346 342.2 331.5 331.6 337.4 342.5 339.1 341 338.4 327.3 313.4 293.7 274.8 249.3 237.5 234.7 241.6 255.9 253.3 253.4 247.5 232.6 216.9 188.4 150.7 128.6 134.6 156.4 174.7 184.2 185.4 183.2 169.7 155 144.7 144.8 137.2 138.4 139 143.7 147.6 146.4 148.9 151.4 153.1 154.3 153 154.7 155.8 157.2 158.6 160.4
401.1 398.6 395.9 392.9 388.6 385.2 380.3 375.3 370.2 366.7 361.7 354.5 347.7 345.3 348.3 349.6 346.5 352.4 357.3 365.6 374.3 385.5 382.7 374.2 357.6 348.3 343.3 338.1 334.6 328 315.7 313.5 320 320.4 318.7 314.6 308.1 294.5 282.2 264.1 240.2 230.7 232.1 241.9 250.3 254 251.6 244 231.8 213.4 182.5 145.4 120.9 149.8 173.3 196.3 197.7 188.6 178.7 166.2 156.8 148.5 144.2 137.2 138.2 138.8 140.7 143.9 147.4 151.3 154.8 158.5 160 159.4 157.3 159 160.5 162.1 165.7
398.5 395.1 392.4 388.8 385.4 380.7 374.9 369.3 362.2 355 348.8 340.9 334 330.1 333.5 340 338.4 346.2 349.4 352.7 364.2 372.4 374.9 371.7 355.2 346.8 333.7 333.1 328.5 321.2 315.1 304.4 301 299.4 293.1 291.5 281 274.2 259.9 253.3 232 230.5 242.7 257.9 267.2 270 263.5 257.2 243.1 218.5 177.9 136.2 132.1 168.6 188.6 200.9 198 189.2 183.2 176.8 167.6 157.3 146.6 138.4 137.8 139.5 144.1 150.3 155.1 158.8 163 166.6 166.6 165.2 162 162.2 161.4 166.6 170.1
394.1 390.5 386.9 383.8 379.6 375 368.2 361.7 354.5 346.7 338.6 331.9 324.9 318.1 319.3 321.8 325.8 331.8 333.5 340.8 350.9 354.4 363.1 357.4 347.6 336.1 328.7 331.5 325.6 322.3 314.6 301.5 289.8 285.9 277.3 273.3 261.6 245.7 230.9 227.8 229.1 226.4 247.1 267.5 279.4 283.9 272.8 264.2 247.5 209.9 168 126.7 140.9 166.5 195.5 203.1 199.2 196.3 192.5 186.7 175.6 160.4 146.3 138.8 137.6 145.3 153.6 162.2 167.1 168.4 173.8 178.5 173.6 171.2 166.7 165.8 166 166.4 170.6
389 384.5 380.7 376.3 372.2 367.6 360.6 355.7 347.3 338.7 330.2 323 315.9 311.1 309.5 311.3 316.6 321.1 326.2 334.2 344.9 347.5 348.1 338.5 333.4 329 324 326.5 331.5 324.5 310.9 298.3 290.5 284.3 277.3 268.7 253.7 232.3 222 228.6 236.4 214.2 235.1 267.9 284.8 284.3 276.1 272.2 254.2 201.1 152.3 120.1 139.6 170.7 198.7 202.1 207.1 198 191.3 182.1 172.4 160.4 145.8 137.4 140.1 156.3 170.8 176.7 178.2 179.4 180.6 175.1 169.5 170.5 167.2 166.8 169.3 172.4 175.2
383.9 377.5 372.7 368.9 364.2 358.4 353.1 348.1 338.2 331 324.9 318.1 311.2 304.7 300.3 304 307.9 317.1 315.1 319.9 324.5 331.2 325.3 324.6 326.4 320.8 323.7 324.8 326.5 324.6 310.1 296.1 291.5 291 279 262.5 239.5 222.3 216.5 228.2 214.3 201 228.2 272.9 287.8 287.8 281.4 268.6 246.5 180.1 137 116.9 145.2 173.2 193.9 203.8 205 202.3 193.9 179.1 169.4 158.1 145.8 137.6 145.2 173.6 177.7 189.5 186.1 178.8 181.6 166.4 161.6 162 162.7 165.3 171.1 178.2 182.2
376.9 370.4 365.1 361.1 356.1 351.3 345.2 337.6 331.2 324.7 318.8 314.1 306.9 299.4 294.6 296.2 297.4 300.1 301.8 303.7 306.4 309.2 310.5 313.3 317.3 320.1 331 336.4 327.4 320.2 306.5 293.9 281.8 279.4 271.7 246.5 225.4 215 201.6 203.2 199.3 187.1 187.9 213.7 239.5 268.9 268.6 255.6 217.5 163.9 128.3 120.2 153.3 187.8 207 211.5 214.7 201 188.2 182.2 175.8 163.2 148.7 138.5 142.8 170.8 175.9 189.7 173.7 168.5 165 155.6 154.5 154.7 157.2 161 168.8 180 187.8
370 363.6 357.7 353.8 350.9 341.8 335.6 329.2 323.2 317.4 311.9 307.2 304.1 296.6 291 288.4 287.6 288.5 290.9 294.3 298 300.2 302.1 306.5 309.6 317.9 323.4 317.9 309.9 303.3 297.1 287.3 272.9 262.8 256 231.1 213.7 198.2 189.8 189.9 178 168.2 171.3 186.4 206.7 223.2 236.8 235.4 195 148.3 120.5 127.3 157 190.1 212.2 220.4 217.7 199.9 192.7 192 183 167.6 148.6 136.5 143.8 150.8 153.6 158 155.6 153.8 150.6 150 149.5 151.1 153.7 156.5 165.5 179 190.2
362.9 355.6 350 345.7 340 333.6 326.7 321.2 314.9 310.2 305.1 301.2 297.9 291.3 288.6 283.1 281.3 280.7 281.6 287.5 291.2 295.1 296.8 306.2 307.3 307.5 309.1 310.6 312.4 308.3 307.7 287.4 268.2 252.5 228.4 209.7 187.3 175 173.2 164.2 153.9 149.9 155 170.2 188.7 222 234.7 225.9 170.6 128.7 111.6 136.5 161 183.2 202.2 212.7 206.1 195.7 198.8 194.6 188.3 168.2 148.7 132 149.8 152.4 150.3 149.2 146 145.4 145.4 146.8 147.6 149.9 152 154.6 161.7 173.5 185.3
355.6 348.3 342.3 336.8 332.5 324.6 319 313.5 308 304.7 301.6 296.9 291.7 287.4 285.3 282.3 277.8 278 278.4 280.8 286.1 289.2 295.1 301.4 304.2 305.9 312.1 318.2 315.4 304.4 290.9 279.1 260.9 239.8 212.8 195.4 176.8 158.7 153.9 145.2 141.9 134.4 140.4 154.5 182.1 192.8 215.7 204.9 157.5 112.9 123.7 147.6 168 177.9 187.6 189.7 186 190.2 199.5 196.5 193.5 174 142 133.4 154.9 152 149.5 148.8 144.8 144.7 145.1 145.9 148.1 150.1 151 153.6 160.2 172.1 185.4
348.6 341.2 335.5 329.8 323.8 317.2 312.2 306.9 305.3 301.6 298.3 293.3 287.3 283.7 281.3 279.1 277.5 277.1 277.6 279 281.5 287.5 294.2 300.3 307.2 304.1 300.9 305.4 300.9 291.7 273.5 263.9 246 217.1 201 180.5 160.3 139.1 139.5 135.8 126.9 120.3 124.3 135.7 150.5 156.6 165.5 171.4 135.1 106.8 135.5 149 162.6 167.5 164 167 170.2 171.2 178.2 191.1 184.5 157.3 134 133.2 143.3 143.9 143.8 144.5 144.6 145.2 145.8 146.2 147.5 149 149.8 153.8 161.8 175 189.2
