GeneralExemplars/GeoExemplars/data/LakeDistrict/terrain-50-dtm_3563996/sd/SD29.asc
ncols 200
nrows 200
xllcorner 320000
yllcorner 490000
cellsize 50
[rows 105 to 139 of 200, columns 79 to 157 of 200]
411.2 403 396.4 388 368.6 355.8 345 347.8 354.8 357.7 362.1 366.8 370.6 366.7 371.3 372 372.2 379 383.8 379.8 381.5 380.2 379.9 380.2 381.2 381.7 381.3 382.4 374.7 364.1 356.6 353.2 352.3 351.3 351.1 341.9 315.8 306.9 305.7 305.8 308.7 309.1 308.1 305.8 305.4 314.1 311.9 305.6 306.8 318.4 324.3 325.7 325.4 320 309.8 296.5 285.4 278.1 270.3 254.6 247.9 242.6 236.8 232.3 229.7 227.7 225 223.1 221.7 223.1 224.4 224.9 221.4 222 221.1 220 222.6 217 207
399.2 393.9 385 369.3 355.6 347.6 334.4 336.4 343.8 347.2 356.6 357.7 362.2 358.2 363.7 366.5 367.5 371.4 376.4 378.8 381.2 380.9 381.1 381.7 382.9 383.4 383.9 380 372.5 364.8 355.8 348.7 341.3 339.9 344 339.7 307.8 299.4 301.2 304.3 304.1 300.8 302.7 296.1 300.5 305.2 299.7 302.6 313.8 320.8 324.1 322.2 320 316.3 301.3 286.5 277.4 273 260.8 251.6 245.6 236.9 231.3 231.3 228.9 226.3 222.4 222.4 223.7 227.1 227.3 228.1 224.9 214.6 219.2 215.9 211.6 204.3 196.3
388 382.5 369.7 355.1 345.3 335.3 323.2 327.2 335.1 337.5 346.8 349.1 354.4 358.3 360.6 363 365.1 369.2 374 377.8 380.7 381.8 382.9 384.2 385.2 385.5 384.1 379.2 371.6 363.5 354.8 345 336.3 328.4 327 325.5 298.5 295.5 295.3 299.3 298.4 300.9 294.3 294.2 296.4 292.2 299 307.7 317.8 319.5 318.5 314.5 311.5 303.4 285 277.3 271.5 262.6 253.8 249 242.3 233.5 231.2 230.7 224.9 222.3 224.1 228.3 231.9 231.7 231.2 230.2 226.5 219 207.4 208.8 201.7 192.9 189
374.6 364.1 358.9 344.2 331.1 322.9 308.8 321.1 328.7 331.2 340.2 346.6 354.6 356.4 357.1 360.5 363.5 370 375.5 380.4 382.7 383.2 385.5 386.8 387.6 388 383.6 378.3 370.6 360.1 350.1 341.4 332.6 323.8 315.6 314.1 295.7 294.2 293.9 291.9 292.4 291 299.2 297.9 286.8 296.3 300.1 312 313.9 313.6 311.8 310.5 299.4 284.5 274.2 272.9 262.8 252.9 247.3 243.9 236.8 232.7 229.9 224.4 222.9 226.2 233.1 237.8 236 235.3 236.1 232.6 228.1 222.2 215.6 202.2 196.4 187.6 174.6
361.2 353.9 338.5 329.5 324.4 311.8 308.5 323.5 335.3 337.9 337.8 347.8 353.9 357.6 357.3 360.6 365.1 372.2 377.6 385.7 384.6 389.5 389.5 390.2 393.1 392 384.3 377.1 369 357.7 346.5 337.7 328.9 320.2 311.4 302.7 287.1 292.3 288.8 285.6 284.7 289.1 294 283.7 292.1 296.3 304 306.5 308.4 307.1 303.3 296.1 284.2 275.4 265.1 264.7 252.5 248.5 241.8 237.4 236.3 232.1 230.6 223.9 228.2 234 238 240.9 239.7 239.9 237.8 234 230.6 225.4 217.5 208.9 194.8 184.1 174.3
345.4 340.2 320.3 319.6 319.8 304.6 305.4 320.2 335.2 342.2 342.5 349.3 355.1 364.1 361.6 364.1 368.7 373.4 378.4 384.3 391.1 398.7 396 394.1 396.3 394.7 387.9 376 364.9 352.6 342.8 334 325.3 316.5 306.5 295.2 280.1 282.2 284.1 283.4 280.5 285.3 279.1 286.9 289.8 297.6 299.3 302 302.2 295.2 297.9 284.5 275.2 267.2 260.1 253.5 247.1 241 238.5 238.1 235.4 234.4 227.7 227.9 233 239.7 244.7 246 244 241.4 238.3 233.9 229.9 227.3 213.8 204.2 197.1 188.2 175.2
328.5 317.9 306.2 306.6 304.6 296.3 304.3 316.7 327.6 340.4 348 351.3 357.2 363.5 365.9 369.7 375.4 379.8 382.1 388.7 395.2 401.4 399.7 396.7 396.1 392 380.4 371.6 361.5 347.9 339.1 329.8 318.5 307.1 295.7 284.7 274.2 273.6 276.7 283.3 277.9 275.7 283 284.7 289.7 293.4 295.2 297.3 294.6 292 285.4 277.5 269.5 259 252.6 247.2 241.9 240.5 239.4 238.6 235.2 234.7 231.3 241.1 244.7 246.3 249.3 249.8 245.8 241.8 238.9 233.6 229.2 220.7 208.9 200.9 195.4 185 169.7
319 298.2 290.1 288.6 291.2 281.5 303.9 318.4 332.7 348.1 355.3 359.6 365.4 368.3 372.3 371.3 373.6 381.8 386.3 389.5 396.5 399.5 402.2 398.8 393.7 383.3 369.6 358 337.8 342.4 331 319.6 308.1 296.7 285.3 275.9 267.7 268 270.8 278.9 272.7 278.7 279.8 282.9 289 290.1 291.2 291.3 289.2 280.7 275.6 272.2 261.7 252.9 245.7 243.2 240 240.2 240.5 238.8 237.3 235.1 244.7 251.3 252.2 253.7 254.7 253.7 250.4 244.7 239 234.5 227.8 217.4 206.6 200.7 188.8 173.7 158
316.4 294.3 278.5 278.8 279.8 281.2 304 320.1 335.9 353.6 359.7 362.4 371.5 377.4 380 376.4 375.3 377.5 382.1 388.6 398 402.1 407.1 398.3 386.9 375.2 355.4 334.2 319.8 325 323.3 312.3 305.3 298.3 287.2 267.3 265.1 266.9 269.4 267.6 275.1 275.8 278.6 283 285.2 288 286.6 286.6 278.3 276 270.6 262.7 252.9 243.9 242.8 241.1 240.9 240.9 243.2 243.5 243.4 252.7 258 260.4 264 262.2 259.4 257.1 252.1 248.6 241.5 235.7 228 214.4 205.5 193.4 178.6 161.5 146.3
314.2 294.6 277.2 271 269.3 285.7 304 319.9 333.2 356.9 360.2 364 370.5 378.2 379.6 377.6 378.7 380.2 384.3 385.5 403.3 400.8 394.5 384.9 372.7 358 345 317.2 300.4 296.5 310.6 315.5 309.6 302.9 284.5 267.2 264.7 265.6 264.4 270.7 272.8 276.7 280 279.7 282.1 282 281.2 278.4 274 269.7 262.3 253.6 245.4 246.1 242.2 242.5 241.3 250.1 248.5 251.3 260 266.6 270.1 270.7 278 277.5 269.6 266.4 257.9 252.3 246.8 237 226.2 213 201.3 183.8 164.9 147.9 134.6
315.5 295.1 275.2 264.1 271.1 288.8 303 316 327.2 349.7 353.3 362.2 368.6 374.7 378.4 378 382 385.8 384.9 385 391.9 393.3 380.2 361 343.1 331 320.2 303.9 287.6 283.8 288.2 311.5 315.9 315.3 284.5 268.8 261 261.7 267 271.6 277 278.3 276.4 276.8 275.8 274.4 274.4 270.8 267.1 260.8 257.1 245.2 245.3 246.2 246.4 248.3 253.8 256.6 259 268.7 274.7 279.6 280.4 283 286.9 285.7 279 269.7 265.1 259 248.8 237.4 222.2 203.4 189.1 170.3 151.7 135.1 123.8
322.9 294.3 271.8 260.6 272.9 289.5 302 313.3 321.2 332.1 340.6 352.8 360.7 371.1 373.5 379.2 384.1 389.1 385.6 380 377.4 373.6 365.9 345 323.9 309.4 299.6 286.1 278.3 272.8 268 280.1 283.4 286.6 266.3 256.5 260.7 264.1 274.1 278.5 276.8 274.8 273.3 273.2 272.4 269.2 266.8 262.1 260.3 251 245.3 245 247.5 251.6 253.7 258.4 264.3 266.2 275.4 282.5 287.4 294.5 292.4 294.2 289.3 287.6 277.2 269.7 266.7 260.7 247.6 228.8 207.3 198 178.6 157.1 137.6 122.7 117.1
321.2 295.1 266.4 253.2 272.2 286.6 301.6 311.6 318.6 323.6 331 338.3 355.1 371 372.6 374.7 380.4 385 382.5 372.3 366.3 356.5 340.7 323.9 310.3 297.2 287.1 274.6 269.1 264.5 259.3 255 254.2 255.3 255 255.1 262.1 271.9 278.3 279.3 274.6 274.2 270.6 269.4 266 262.2 257 253.2 245.5 243.2 243.1 247.8 251.4 256 262.4 265.3 272.8 281.5 290 295.5 297.4 298.2 294.5 291.5 286.3 285.5 278.2 272.6 265.7 253.4 231.7 212.9 194.8 179.2 163.1 145.8 125.2 116.7 113.8
316.3 288.2 260.3 253.4 271.3 283.7 298.6 312.1 318 322.1 325.6 335.9 345.7 364 375.6 372.6 370 381.7 366.8 358.8 349.7 339.1 325.3 310.3 299.1 287.4 279.1 268.8 260.9 255.8 254 253.5 253.1 252.5 252.6 258.6 270.1 277.1 279.2 278.1 276.8 273.7 267.2 263.7 260.5 255 250.6 241.8 243.6 241.6 243.4 254.3 256.1 260.8 265.4 277.1 289.2 296.8 302.2 302.3 295.9 292 291.2 282.7 282.7 285.9 275.3 266.9 252.3 238.3 219.7 203.1 178.7 160.6 145.9 131.6 116.8 114.3 110.2
300.4 272.6 251.3 254 268.4 280.8 295.8 307.9 318.5 321.4 323 324.9 332.3 351.7 364.8 366.1 363.7 364.7 356.8 346.2 335.4 324.2 311.7 301.4 290.7 279.3 271.9 262.9 257.1 255.3 254.2 254.4 255.6 252.7 254.5 266.3 274.9 279 278.8 276.7 273.5 267.9 264.2 259.2 253.1 248.7 240.6 241.6 240.6 243 247 256.5 261.1 265.7 282.7 295.9 305.1 305.3 301.4 297.6 288.1 287.4 281.3 276.7 280.4 275.7 263.3 248.3 237.2 219 195.9 177.1 161.6 145.6 130.7 116.9 113.1 112.3 107.7
292.1 264.9 243.8 254.8 267.8 280.1 292.9 304.5 316.3 323.9 326 325.9 326.3 337.4 347.9 349.3 348.6 347.7 343.5 334.9 323.5 312.1 301 293.7 283.8 274.9 266.5 259.2 257.1 257.9 260.8 261.2 250.3 250 265.3 271.3 277.5 277.8 278.2 272.8 267.3 264.9 257.2 251.6 248.4 238.9 237.1 238.6 241.8 245.1 252.3 256.4 267.6 282 297.1 306.4 304.6 300.4 294.3 286.4 278.6 277.3 272.4 273.3 272.8 258.7 251.3 234.2 218.9 194.8 179.9 166.6 150.6 133.3 116.5 113 111.3 108.8 106.7
294.2 257.1 240.7 254.3 267 279.5 292.7 305.3 316.6 326.3 326.1 328.5 325.1 324.1 333.5 336.3 334.9 333 331.1 322.8 311.9 301.7 292.3 285 278.8 272.3 263.5 258.3 258.4 258.9 261.3 254.4 246.9 258.3 268.6 275.7 277.1 276.6 274.2 267.7 262.9 257.9 250 245.5 238.9 235.2 235.7 238.2 241 244.9 253.6 266.7 279.8 294.2 300.8 304.7 298.2 289.3 281.7 273.5 269 267.8 266 263.2 258.1 248.6 233.6 210.2 194.8 182 169.7 157.3 139.9 122.6 109.6 109 107.9 106.2 105.8
288.5 251.3 238.2 254.3 266.7 279 293.6 306.5 317.3 324.5 325.5 328.5 329.4 322.7 321.9 321.6 321.8 319.1 319.1 309.4 301.1 293.4 286.1 279.6 274.1 267.6 259.6 258.2 260.4 263.3 256.2 246.8 252.7 264.3 271.7 275.6 275.4 275 269 264.5 258.6 249.8 247.8 246 236.3 234.7 236.6 236.3 239.1 247.5 260.5 273.2 286.2 300.2 300.6 298.9 285.6 274.2 267 263.1 263.3 257 253 251.1 246.2 230.6 213.4 192.1 181.5 170.3 157.4 146.6 129.4 111.9 107.9 108.6 106.2 105.1 104.5
277.7 243.3 240.9 257.2 269.8 283 297.5 309.7 319.2 322.8 326.3 327.2 323.6 321.6 317.4 314.8 309.5 305.6 302.3 297.5 293.4 287.5 281.6 276 269.5 262.5 256.4 257.5 259.2 256.2 245.5 250.4 257.1 267.6 271.8 277.3 273.2 269.2 265.7 259.2 250.9 249 249.7 242.4 233.6 232.6 233.3 232.8 239.6 255.9 268.6 277.2 292.9 297.3 294.8 286.2 269.8 263.3 259.1 260.4 255.2 247.5 242.9 238.3 226.9 209.7 192.9 179 166.3 155.3 142.8 131.7 118 107.4 106.1 105.4 104.9 104.3 103.2
259.6 234.2 246.6 261.9 274.8 288.4 300.5 310.2 319.7 323.1 326 327.3 321.6 316.6 309.2 304.5 299.2 297 295 292.6 287.3 282.4 278.6 273.8 266.8 259.8 254.3 251.9 249.1 244 245.2 255 264.4 269.2 274.3 272.7 270.2 265.8 263.2 257.2 256.3 253.6 246 236 231.7 231 228.5 231.6 245.9 256.3 269.3 277.1 290.6 291 285.5 270.9 258.7 257.2 259 252 246 241.4 234.3 221.5 205.8 193.4 179.6 165.7 152.6 141.8 131 120.5 112.4 105.5 104.6 104 103.8 104 105
253.4 225.4 247.3 263.8 277.2 289.1 299.6 309.3 318.9 323.7 324 319.5 311.7 306.7 302.4 298.1 293.7 291.4 292.5 291.7 287.9 281.7 275.4 269.6 263.2 254.8 251.1 248.3 242.3 236.2 249.1 258.3 265.1 270.3 270.2 269 267.4 266.3 263.1 259.6 255.9 250.3 239.1 233.7 233.2 229.1 228.3 235.2 245.8 255.1 266.4 275.5 282.5 279.8 270 256.4 252.5 250.7 249.3 248.1 241.9 233.7 222.9 213.2 192.9 180 167.1 151.5 137.8 129.1 120.7 112.6 104.6 103.6 103 103.3 104.5 106.6 108.5
246.8 224 242.9 262.3 277.4 288.3 298.7 308.4 317.9 324 320.7 313.9 308.1 302.9 298.6 294 289.6 287.5 287.6 289.7 287.1 280.8 270.9 263.6 254.1 250.9 248.4 241 236.4 243.4 253.4 261.1 266.8 269.9 267.7 267.6 266.3 264.2 260.5 256.9 251.6 240.1 235.5 233.7 232.4 226.4 229.8 235.8 244.3 254.5 260.7 268.3 271.8 266.4 253.8 250.1 246.5 242.6 249.2 242.7 237.4 220.8 214.6 198.7 179.8 165.1 151.9 137.2 123.1 114.6 111.4 105.9 102.1 101.7 102 107.1 108.2 109.2 109.5
237.7 226.2 241.8 258.9 277.8 287.8 297.8 307.6 316.9 318.2 316.3 311.5 305.3 300.1 295.4 290 288.5 285.8 283.5 284.5 281.9 278.6 271.2 257 243.1 244.2 244.7 232.4 237.7 246.4 255.7 263.5 267.8 268 267.3 265.5 262 258.5 256.3 251.3 241.3 239 238.7 228.8 228.8 224.7 230.7 234.6 245.7 253.2 254.4 258.3 257.3 250.7 243.3 240.7 237.5 240.5 246.9 237.4 220.2 211.5 195.8 186 165.2 150.5 138.7 126.5 112.7 109.9 106.6 102.4 101.1 101.3 102.3 108.1 108.9 110 111.1
228 226.6 242.3 258.5 279.1 290.2 299.3 308 314.4 313.6 312.4 307.5 302.5 298.1 292.3 287.9 284.4 281.4 277.4 278.7 281.3 273.6 266 252.7 240.7 241 230.3 234.5 241.3 249.8 258.2 265.1 268.4 267.7 264.8 261 255.3 253.6 250.1 244.8 241.3 239.6 234.1 234.4 234.2 225.2 228.5 232.3 242.3 244.9 244.8 244.4 241.2 237.2 234 235 232.9 237.8 236.7 223.1 204.2 197.7 183.7 167.6 149.9 138.1 127.9 118.9 108.8 106.2 102.2 101.4 101.6 101.6 102.2 107.9 112.2 112.4 109.6
215.7 223.2 239.9 258.6 275.2 289.9 301.2 307.8 308.9 306.7 305.4 302.5 300.3 296.1 291.8 287.9 286.1 282.2 273.7 264.3 274.5 270.6 259.6 256.9 241.2 230.8 230.2 236.9 244 252.4 260 264.7 267.6 266.2 258.7 253.8 252.4 247.7 241.9 241.5 241.6 235.4 238.4 237.6 235.5 227.7 224.9 229.8 234.7 236.6 233.7 233.6 230 224.5 225.2 227.5 230.3 231.4 218.9 205 190.7 182.1 172.1 154.6 137.5 125 117.6 115.8 107 106.4 104.4 99.9 101.4 101.1 102.3 111.4 111.3 110.8 112.1
205.3 222.1 239 264 275.7 292 307.1 308.2 303.2 299.6 298.9 301.2 300.2 294.4 290.7 289.7 286.6 280.6 275 259.7 262 252.3 245.9 247.1 237.6 228.9 233.3 239.1 247.4 255.4 261.8 263.3 266.5 260.7 253.8 250.4 246.7 242.5 240 241.2 235.4 243.5 242.2 240.1 234.7 228.7 218.8 224.2 229.6 227.3 223.7 222.7 219.1 216.4 217.8 223.7 220.3 213 200.3 191 184.6 173.2 156.6 140.6 125.6 113.5 108.5 107 108.6 111.8 102.6 99.7 101.5 104.1 107.6 112 112.2 119.8 119.1
205.5 222.2 242.6 271.6 279.8 289.3 303.9 311.9 307.1 296.7 294 301.1 300 295.1 290.9 288.6 287.3 279.7 272.4 256.3 242.2 233.7 231.2 231.4 223.6 231.3 233.9 242.7 250.9 258.8 263.2 261.3 258.4 254.2 247.8 243.9 242.6 237.1 235.7 236.9 247 248.1 245 240.5 235.4 228.5 210.4 218.4 221.3 217.3 215.5 212.7 210.9 213.6 214.4 212.4 207.7 193.4 184.9 181.7 171.6 158.8 145.6 125.6 110.1 104.7 104.5 111.1 113 104.2 99.1 102.1 108.9 113.4 116.9 116.2 118.5 119.3 118.6
204.4 222 245 268.8 282.6 289.4 298.6 308.3 310.7 297.9 291.2 294.4 297.1 296.5 290.9 287.7 285.3 281.8 271 247.4 236.7 232.1 228.4 219.6 229.3 229.4 235.8 246.2 255 262 262.7 258.9 253 246.9 240 239 234.1 233.6 242.2 249.2 251.6 249 244.9 238.2 233.3 224.3 214.9 211.5 209.9 209.1 206 202.7 208.9 206.3 205.7 204.4 190 181.2 178.2 172.2 162.6 146.5 126.2 110 104 102.7 109.2 112 103.8 98.6 104.3 115.6 123.7 121.9 116.5 117.1 118.4 121.6 126.5
203.6 225.1 249.4 271.7 286.7 294.7 301.1 308.8 305.1 296.9 288.7 288.3 294 298.8 295.1 285.3 283.9 279.2 265.6 243.3 232.5 226.2 216.7 226.8 224.8 228.6 238.9 249.8 259.3 263.8 259.7 253.3 246.9 240.6 233.9 232.1 232.5 243.4 251.7 253.5 252.7 248.3 239.1 234 228.9 219.6 216.2 207.7 192.7 193.7 191.9 197.2 201.3 198.8 194.5 188 180.6 173.7 169.6 162.8 146.6 126.8 109.8 104.2 102.1 102.1 107.3 103.2 98.8 109.7 121 134.3 128.2 120.9 116.1 116.5 119.2 125.6 124.4
202.3 228.1 255.9 277.1 292.3 299.3 305.3 313.4 302.6 293.7 285.7 282.9 286.3 293.9 290.3 283.9 273.7 267.5 252.2 236.3 227.5 216.1 220.5 220.4 224 232.3 242.8 253.5 262 259.6 253.8 247.4 240.9 234.8 231.8 233 246.7 251.2 254.6 253.6 252.6 246.6 237 230.7 225.3 220.7 213.1 204.2 195.7 182.5 187.7 193.9 194.2 192.9 185.5 175 168.6 163 153 144.1 129.4 114.3 103.7 105.4 102.5 102.5 102.2 104.1 118.2 130.8 131.5 127.7 123.1 122.4 116 117.5 124.8 123.4 121
201 220.7 243.9 267.4 296.6 307.4 316.2 325.4 312.4 293.2 285.8 279 276.3 283.7 280.5 275.8 263.6 247.4 237.6 231.4 218.1 210.9 213.9 217.4 226.3 236.8 247.1 257.3 255.5 251.5 247 241 234.8 231.7 233.6 243.2 250.7 254.3 256.8 254.8 251.1 242.3 235.2 228.3 223.8 215.2 209.3 198.6 193.8 188.2 182.4 187.3 184.6 185.2 173 162.9 158.1 149.9 141.7 131 117.6 102.9 102.7 99.3 98.9 98.8 107.3 124 130.9 133.7 128.9 126.7 121.2 119.2 122 121.8 121.4 119.7 117.9
199.8 219.5 243.5 260.3 280 306.8 313.1 318.1 320.5 302.8 285.1 275.9 268.3 269.3 269.5 266 254.5 240 225.2 218.2 206 211.2 212.9 219.8 231.7 242.7 251.2 251.2 248 244.5 239.9 234.6 231.9 233.4 241.8 248.6 254.2 257.9 260 255.4 248.1 239.6 231.7 226.7 217.9 211 203.4 200 193.1 180.6 171.8 174.8 175.3 167.4 157.1 150.6 141.3 134.2 129.2 116.1 104 103.9 98.2 97.5 100.6 111.7 119.7 127.8 128.4 125.8 123.4 119.9 126 127.9 125.6 123.9 118.5 118.6 121.2
199.5 215.7 243.9 261.7 278.2 298.1 310.2 309.2 303.1 301.2 294.9 273.6 260.4 259.8 258.3 254.3 244 229.7 218.5 208.1 210.2 211.9 215.5 225.1 236.3 246.8 248 243.6 239.7 237.2 233.6 232 237.2 241.7 250.9 254.8 260.2 264.3 263.8 255.9 245.1 237.4 229.8 220 213.5 207.5 198.9 189.8 179.7 168.1 165.1 170.5 164.5 154 144.7 137.9 130.6 127.3 115.9 106.8 100.6 97.8 98.4 106.1 121.9 123.7 125.1 127.7 124.9 120.7 121.8 134.5 131.9 128.6 125.3 123.3 118.9 121.3 122.6
198.9 216.3 241 268.8 290 300.3 309.6 305.1 293.7 278.8 268 257.9 250.5 249.9 246.4 239.4 231.4 219 210.3 200.4 206.5 212.4 220.5 228.1 238.2 241.2 240.1 236.3 231.8 229.9 233.2 239.7 246.6 250.7 257.8 265.2 270.5 270.8 267.8 254.8 243.4 233.6 221.9 216.3 212.2 203.1 187.9 182.3 178.3 162.5 157.5 160.5 154.7 143.2 135.1 128.7 128.8 117.8 108.1 99.8 96.9 102.4 113.7 119.5 123 122.7 123.3 123.4 121.5 125.6 137.2 137.4 139.8 137.1 124.9 126.4 120.7 122 124.4
197.3 214.2 237.9 265.1 290.9 308 315.8 301.4 285.8 272.4 261.1 250.6 240.9 239.2 234.3 226.2 218.3 210.6 195.8 201.2 205 214 222.3 230 235.4 233.5 232.3 229.7 227.7 234.8 245.4 254 258.5 260.7 266.1 277.1 275.2 272.5 264 251.4 241 225.6 218.5 215.6 208.1 195.5 180.5 178.8 168.3 151.8 150.1 148.9 140.7 131 123.4 129 119.4 108.6 101.6 95.8 108.7 113.9 120.4 114.9 119.5 121.2 122.8 122.1 133 139.1 140.6 137.5 136 129.7 130.3 134.6 127.6 126.4 124.2
