GeneralExemplars/GeoExemplars/data/LakeDistrict/terrain-50-dtm_3563996/sd/SD29.asc
ncols 200
nrows 200
xllcorner 320000
yllcorner 490000
cellsize 50
[rows 0 to 34 of 200, columns 0 to 78 of 200]
280.8 269.1 252.1 256 260.4 262.4 266.3 272.3 274.9 278.4 287.2 295 294.2 289.8 295.3 298.2 303.8 318.5 333.3 345.8 360.2 377.3 399.9 419.3 462.6 496.7 514 523.3 534.2 537.3 540.8 544.5 547.7 553.3 555.1 554.4 555.4 553.8 547.6 549.6 549.6 547.1 543.6 535.9 528.5 522.3 514.2 505.7 499.5 493.6 482.3 466.6 449.7 431.2 413.4 399.7 372.3 353.7 335.4 321 308.2 294.7 280.2 268.5 259.8 247.8 237.4 228.1 218.6 206.4 200.2 193.9 190.5 194.8 191.8 189.3 188.9 189.2 189.1
283.4 269 265.2 271.1 270.6 278.3 280.1 282.7 287.7 302.2 300.9 304.4 304.3 299.4 302.5 306 309.4 320.8 337 348.5 362.1 378.9 403.6 425.8 471.8 505.6 520.4 536.7 551.2 553.4 554.3 559 563.6 566.4 569.3 570 569.7 567.1 565.5 561.5 559 556.9 554.3 547.5 538.4 530.1 522.1 514.2 509.1 502.4 488.8 478.3 461.7 439.1 413.2 392 372.8 353.7 334 319.8 308 293.5 273.6 266.9 263.9 242.1 240 223.1 207 200.8 196 191.4 189.7 191.4 188.4 188.4 188.7 187.2 188.5
285.5 274.2 273.3 281.1 280.5 287.8 289 291.5 302.3 323.8 331.1 323.7 312.4 305.5 309.8 314.1 319.2 325.4 337.5 350.1 364.7 383.6 405.3 437.1 468.4 490.9 512.4 551.2 563.6 576.1 571.2 573.3 578 582.8 585.7 589.6 589.7 586.2 582.4 577.8 572.5 568.4 563.9 558.3 550.5 541.5 530.7 521.2 513.6 506.2 493.1 480.4 467 451.1 423.4 397.1 370.1 346.5 328.5 316.6 305.9 291.2 270.3 249.5 242 235 235.5 216.6 199.3 194.5 193.9 189.8 188.8 188.6 187.9 187.7 186.5 187.9 188.9
284.5 278.4 285.2 285 286 290.9 295.2 304.6 310.2 332.3 333.8 329.5 319.7 312.1 316.6 328.5 335.2 339.4 346.2 354.8 371 383 405 426.8 457.7 475.8 496.5 522.3 548.4 565.4 573.6 579.6 588.5 594.2 600.8 604.6 609.6 609.4 606.2 603 590.1 582.4 578.6 571.8 560.1 547.6 535.7 523.6 513.2 502.9 493.4 481 460.3 438.3 416.8 395.9 366.6 345 321.7 310 299.7 283.2 262.3 237 228.1 237.6 214.9 205.2 195.9 191.7 190.1 188.7 187.8 187.2 186.4 186.3 186.4 189.7 191.7
282.9 284.9 294.7 297.6 292.4 294.8 301 309.8 317.1 329.1 332.4 328.2 319.5 316.2 318.8 336.8 346.4 352.9 355.7 363.1 372.1 384.1 399.3 418.3 441.7 465.4 486.5 508.1 531.2 552.1 567.8 577.8 590.5 599.6 608 618.5 622.8 624.4 618.5 612.9 602.8 590.1 584.8 577.1 564.5 548.7 537.5 523.4 509.6 499.1 487.1 469 445.9 424.7 407 381.5 357.1 337.9 318 296.7 284.2 281.4 254.6 227.1 211.7 206.2 201.8 196.1 194.8 189.4 189 187.9 187.2 186.2 185.3 186.6 189.7 194.2 200.5
283.3 288.2 303.7 310 308.7 307.5 306.2 310.7 317.1 324.1 332.5 328.5 319.4 317.8 318.3 325 336.8 351.1 364.4 369.9 376.4 385.7 397.1 413.6 434.7 459.5 481.8 503.6 521.2 544.2 559.9 573.4 585.2 599.4 611.1 624.8 636.1 637.1 636.4 618.5 606.1 594.6 590.6 576.4 562.1 546.4 533.8 520.5 505.3 492.1 481.9 459.1 435.8 416.4 396.8 373 351.5 333.3 309 284.9 268.2 254.1 238.8 217.5 203.3 198.5 193.4 190.9 189.6 187.8 187.4 187.5 186.7 184.7 186.7 190.2 198.8 204.7 212.1
286.8 293.8 312.1 328.3 325.6 323.6 323.4 323.9 323.6 325 326.6 328.3 322.9 319.7 320.4 326.8 337.6 347.9 357.3 365.8 373.8 382.2 392.9 405.5 427.6 454 476.7 495.3 511.1 527.9 549.6 565.5 580 595.8 607.9 618.5 630.4 637.2 636.7 621.9 605.1 597.6 587.3 575 558.5 541.2 527.1 514.9 499.1 484.3 472.4 449.7 430.1 414.7 397.5 368.1 348.3 327.6 302.1 276.5 260.1 246.6 227.7 211 200.8 194.6 189.3 187.7 186.3 186.5 186 185.1 184.6 186.1 189.8 199.5 212.6 218 222.3
289.9 295 313 336.2 330.8 329.1 333.3 338.2 343.4 339.6 337 336.2 332.5 328.1 324.9 323.8 336.2 353.5 356 360.7 367.1 377.8 388.6 400.7 415.3 440.4 465.2 484.5 500.3 515.9 537.8 554.9 574.3 586.9 601 612.6 618 622.8 621 611.2 596 592.8 585.1 569.6 553.3 535.9 519 507.2 491.1 477.8 463.3 438 417.4 408.8 387.1 360.2 342.5 325.1 299.5 271.1 257.5 246.7 224.1 207.6 198.3 193.4 189.2 186 185.9 186.1 185.9 184.5 184.5 191.1 198 212.1 226.5 228 230.7
291.5 295.8 306.5 321.9 329.6 332.5 341 356.1 354.9 356.2 350.8 345.5 341.6 338.3 333.8 329 332 341 347.2 353.8 361.7 373 385.1 399.6 413.8 432.1 452.8 474.4 488.6 503.3 524.6 542.6 558 575.7 589.6 595.2 601.3 604.1 600.6 594.4 585.8 583.3 581.1 562.2 546.1 530.6 514.5 502.7 486.9 472 457.8 422.6 404.6 386.2 379.4 348.8 335.9 316.5 291.1 261.8 247.5 236.3 216.2 202 193.9 189.7 186.9 184.5 185.3 183 183 184.4 187.8 199.8 210 222.5 232.6 231.1 231.9
298.7 299.9 309.9 320.6 334 341.3 351.3 383.9 370 368.4 360.7 352.8 346.9 342.7 339 337.6 339.7 337.8 342 349.5 357.5 367 380.2 394.9 414.7 429.6 446.3 462.3 478.4 491.3 513.9 529.5 542.1 563.4 572.5 580.7 585.3 591.8 587.7 582.9 576.4 575 575 556.2 539.1 524.2 510 500.9 480 466.5 434.5 406.7 389.6 369.6 352.3 337.9 328.3 313 282 256.3 238.1 224.3 208.3 196.1 189.7 186.9 184.7 183.2 181.8 185 189.4 192.4 191.9 207.6 225 229.5 236.9 234 231.6
312.2 314.3 316.1 334.4 339.5 353.1 369.3 400.8 383 372.9 365.1 358.1 352.3 347.2 343.9 344.4 342.1 340.3 341.1 346.2 353 363.6 378.3 395.5 417.1 432.2 442 453.4 468.8 482.2 494.8 512.6 523.2 540.6 548.8 555.6 562.6 563.7 567.1 564 563.3 577.9 566.1 552.9 534.2 515.4 501.2 487.9 473.4 456.1 429.2 393.4 375.8 356.2 342.1 332.5 323 311 280.5 253.2 234.6 220.5 202.8 192.6 187.6 185.2 183.2 181.3 183.7 188.5 201.8 199.6 191.6 211.7 231.8 242.4 241.1 237.8 231.6
323.8 329.5 330.5 339.2 361.7 372.3 379 395.2 389.5 377.2 367.9 361.1 355.5 350 346.4 344.6 342.2 341.5 341.5 343.1 348.4 359 373.1 389.2 409.4 431.3 442.7 451 460.9 471.3 482.1 493.5 502 513.3 525.1 530.6 534.5 537.3 540.6 541.9 543.6 555.8 556.8 547.7 528.6 508.4 492.2 475.2 456.5 439.1 419.6 381.7 361.7 345.7 333.5 327.2 321.1 313.9 279.2 250.3 229.9 213.9 198.5 190.8 186.6 184.8 184.5 181.3 184 188.2 198.1 196.6 192.9 209.2 228.5 244.4 250 238.7 230.5
333.7 341.6 345.2 343.6 364.7 381.3 384.1 383.1 384.7 376.5 368.1 362.6 357.1 352.2 348.3 345.9 343.7 343 342.3 342.7 344 349.7 370.5 384.6 407.8 428.7 441.5 447.1 459.8 465.6 472.7 480.4 487.7 496 504.9 509.5 515.8 517.2 521 523.6 522.3 534.9 541.5 533 517.8 498.2 480.7 464.9 445.3 426.8 400.2 372.9 353.5 333 322.3 320.9 322 296.9 273.4 237.8 221.8 210.4 197.5 192.1 189.5 188.4 187.6 183.9 181.6 199.8 193.6 187 195.9 205.7 223.9 245 262.2 235.8 227.5
342.7 351.5 359.3 358.5 360.8 376.2 387 382.3 380.7 374.3 368.2 362.9 358.2 354.4 349.6 347.1 345.5 345.3 345 344.5 344.2 345.3 361.2 381 393.2 411.2 431.1 437 450.8 454.3 459.4 470.9 476 479.1 485.7 493.9 495.5 496.2 501.8 502.7 498.7 509.7 521.4 513.3 503.1 487.9 471.5 456.3 436.5 418.4 395.4 366.2 339.6 316.9 308 300.8 292.6 272 252 227.9 210.9 205.4 198 195.7 191.3 188.9 188.5 184.8 174.8 199 188.6 187.4 188.4 200.9 218.2 239.4 258.2 226.7 224.3
361.6 371.9 379 376.6 376.8 376.8 377.9 380.3 379 373.5 368.1 363.3 359.7 355.5 351.7 348.3 347.7 348.5 348.1 346.8 345.6 345 353.6 371.3 384.1 394 408 419.1 433.9 439.8 443.2 462.2 461.8 462.8 464.4 467.7 471.9 475.3 477 480.9 482.5 487.9 495.2 496.5 490.8 487.4 463.2 444.5 425.4 409.9 391.5 358.9 327.5 305.9 288.9 286.8 278.5 264.1 239.3 221.8 208.4 203.3 203.3 199.4 193.3 189.8 188.9 184.9 178.4 177.9 180.9 185.6 187.5 197.7 212.5 234.4 248.5 217 226.2
379.2 398.6 393.5 398.3 399.2 388 388.9 382.9 377.9 372.9 368.7 366.1 363.2 357.8 354.2 351.3 348.9 348.8 347.9 346.5 345.6 346.6 350.4 361.2 372 381.9 391.9 402.2 414.2 424.4 428.3 437 444 447.5 450.7 453.3 456.9 459.1 462.8 465.5 470 477.8 489.5 486.3 478.7 470 459.9 438.8 420.6 406.3 386.5 353.7 321 295.2 275.1 264.2 254 242.2 232.3 220.5 211.1 208.1 209.7 202 196.7 190.9 189.2 184.9 179 174.3 175.8 181.8 189.9 204.9 211.9 222.6 233.9 212.1 230
392.2 396.3 398.2 400 401.7 398.7 392.7 385.2 378.3 373.2 369.5 365.3 359.6 356.7 353.8 351.1 348.6 346.9 346 346.4 345.7 347.5 349.8 354.8 362.8 371.2 380.7 389.5 399.4 409.7 417.4 424.9 431 436.7 440.2 444.2 447.5 450.3 453 454.5 458.8 466.6 477 463.7 466.5 465.1 449 432.9 419 411.1 383.1 344.7 315.2 287.8 269.5 255.6 250.2 246.1 235.7 227 218.6 215.4 212.5 203.8 197.8 193.1 188.5 184 178.2 174.2 174.4 182.7 191.4 214.8 220.7 218.5 216 210.2 232.5
394.6 396.7 398.2 400.1 402.2 405.1 393.4 384.7 377.7 373 371.2 366.1 362.2 357.2 353.1 349.4 347.4 346.1 346.5 346.8 346.9 347.8 349.6 350.5 355.3 362.5 370.4 379.7 388.1 395.2 404.5 412.8 418.7 425.3 429.2 434.9 438.6 441.8 444.4 446.2 449.3 451.3 452.6 451 454.8 452 440.5 420.4 407.8 399.1 372.9 344.3 314.9 289.2 271.4 260.8 254.8 249.8 241.2 230.9 222.3 219.3 213 206.5 199.8 195 189.2 183.2 176 174.6 179.1 184.2 194.5 213.8 220.1 221.5 206.7 210.6 227.3
401.1 407.6 406.5 408 401.4 395.9 389.8 383.2 378.6 374.5 374.8 369 363.9 359.2 354.7 350.2 348.4 346.8 346.5 346.5 347.1 347.5 347.6 347.9 349.7 354.6 362.3 370.4 376.3 383.8 393.9 400.6 406.4 414.6 420.2 426 429.4 432.8 435.9 438.1 440.8 445.9 443.5 443.3 445.7 446 441.3 413.2 400.2 390.4 372.8 348.8 320.2 296.3 273.9 268.9 262.8 256.3 247.7 236.1 227.7 222 217.2 215.6 208.9 202.1 196.4 186.6 176.1 178.5 181.7 185.4 201.1 209.8 212.7 213.2 203.5 214.5 224.7
414.7 415.1 411 405.6 411.4 403.9 392.2 389.5 383.6 378.1 376.9 373.9 365 359.7 355.3 351.3 348.7 347.1 346.3 344.9 345 345 345 344.3 344.8 348.2 354.8 362.5 366.4 371.9 381.4 388 392.2 399.2 410.3 417.6 419.3 425.1 429.4 430.3 430.8 435.7 431.9 433.6 430 424.6 421.4 397.7 396.2 389.7 378.4 350.3 325.2 303.9 286 276.2 269.4 261.9 254.2 243.2 231.7 222.8 218.4 218.1 215.6 211.3 206.9 193 172.1 180.1 182.8 192.4 204.7 210.8 207.6 198.7 205.4 218.6 230.1
430.2 425.4 427.1 416.4 414.4 410.8 402.2 399.4 397.3 387.4 382.9 378.9 370.1 361.7 356.3 351.3 347.8 346 344.8 343.1 342.1 341.6 341.5 339.4 339.5 344.6 348.1 354 358.4 362.7 368.7 373.4 378.1 384.2 397 405 406.4 422.9 425.8 422.4 420.9 419.3 419.9 420.1 412.8 396.2 387.8 381.4 374.5 382.7 371 337.2 320.2 304.2 292.8 282.6 274.7 267.1 259.6 250.5 236.8 223.1 216.7 215.4 220.2 217 211.1 202.1 168.1 178.4 182.7 195.8 198.4 200.7 195 192.9 208.5 221.5 228.5
440.1 435.5 430.4 425.1 422.7 412 402.5 404.3 402.9 395.5 386.7 383.3 376.4 363.6 358.1 352.8 347.4 343.5 342 340.8 339.3 338.3 337.5 336.2 335.3 338.6 339.9 343.3 349.7 354.4 357.7 360.6 364.8 369.6 377.8 384 387.7 413.7 419.8 414.9 407.8 400.5 397.9 389.8 385.4 375.5 372.5 358.3 342.3 341.3 332.5 320.3 313.4 303.4 297.3 288.9 280 271.4 263.7 256.4 242.8 230.3 219.9 213.6 212.4 208 205 200.2 166.9 178.2 180.5 195.3 188.2 194.4 185.2 191.3 205.2 220 230.9
441.7 437.7 432.2 424.9 418.4 411.1 399.6 396.9 405.2 398.6 387.8 383.5 377.6 365.2 359.4 353.6 348 342.4 339.3 338.1 337 336.1 335.1 334.2 333.2 332.1 333 335.4 339.5 344.3 347.5 349.6 354.1 357.5 363.3 367.7 369.9 398.3 411.6 403 395.6 380.2 373.9 368.7 364.1 360.8 356.8 344.2 328.3 324 318.4 315.3 312.3 302.9 296.8 293.7 287.6 274.4 265.5 261.4 248.4 236.5 225.4 216.3 205.7 198.2 191.9 187.6 167.8 177.5 179.9 179 178.8 179.8 182.2 192.6 201.8 221.7 236.5
449.7 442.1 435.6 426.6 420 411 400.1 395.3 400.3 401.8 388.5 382.9 377.4 365.7 359.5 353.7 348.2 342.5 338.4 336.2 335 334 333.2 332.2 330.7 329.3 329 329.6 331.1 332.7 333.8 336.3 340.7 343.6 344 348.8 350.5 372.1 400.4 387.5 375 365.9 356.2 351.9 352.8 347.4 336.2 327.9 320.1 316.8 311.8 307.5 307.7 296.5 295.4 295.2 289.1 278.7 269.5 262.8 250.9 239.7 230.5 222.6 209.7 194.1 184.4 171.3 164.1 174.1 175.7 173.8 175.3 177.2 183.8 193.9 207.6 239.9 240.8
451.7 448 438 426.3 419.2 412.4 401.8 393 388 396.8 388.6 381.3 374.4 365.4 359.2 353.5 348.1 342.5 338.9 335.4 334.3 333 331.8 329.8 328.2 326.3 324.3 324.3 324.8 324.5 321.5 321.3 324.5 324.9 325.2 330.6 335.8 345.8 370.3 369.1 359.8 351.3 343.2 342.5 341.4 337.4 330.6 327.7 319.5 310.9 303.9 296.7 297.6 289.3 292.1 293.1 288.3 279.7 273.5 262.2 251.4 241.5 232 226.5 215 198.9 177.7 168.4 163.2 171.9 172.2 172.1 173.2 176 185.3 197.6 214 235.9 240.6
455 446.1 437 425 415.6 405.8 398.2 388.8 382.3 378 380.6 378.1 370.8 364 358.3 352.8 346.7 342.1 338.7 335.4 333.6 332.4 331.2 329 326.2 323.5 321 319.1 319.1 315.4 311.6 309.2 310.2 310.8 311.7 317.5 322.3 329.4 342.3 346 340.9 338.9 335.1 332.9 329.2 327.4 325.5 321.6 312.7 302.8 292.3 283.2 281.6 283.4 290.9 290.4 285.9 280.2 270.7 257.3 252.3 239.7 234.6 228.6 218 199.9 178.1 163.9 162.5 170.3 170.2 170.2 172 179.2 191.1 205.1 223.2 239 239.2
446.3 441 430.4 423.6 408.6 396.5 388.4 383.1 379.4 373.4 369.6 367.9 363.5 359.6 355.1 350.2 345.9 341.7 338.3 335.7 333.6 332.6 331.3 328.4 324.4 320.7 317.1 315 313.1 307.7 301.9 298.3 298.5 300.6 303.4 308.6 311.9 316.4 320.5 326.3 328.9 332 331.6 326.5 322.9 321.5 319.9 315.1 305 296.5 285.7 274.6 269 274.3 289.1 292.5 283.2 274.8 265.9 257.2 248.6 237.2 233.3 227.6 216.3 203.3 172.9 160.3 163.7 167 167.6 169.1 173.6 183 197.6 214.4 241 236.8 233.6
447.1 428 420.3 413.6 402.8 391.5 383.4 376.8 372.8 368.6 363.3 359.9 357.2 353.6 350.8 348.1 345.1 341.8 338.9 336.5 334.1 333.2 331.3 328.2 323.7 318.6 315.2 312.5 308.7 301.3 293.4 290.4 290.8 292.1 294.1 298.1 302.8 308.6 312.5 318.2 321.4 324.5 329.7 324.7 318.5 312.2 309.3 306.7 294.4 285.2 274.9 263.2 257.4 266.6 275.2 282.4 283.8 277.4 266.2 248.1 239 234 231.3 225.6 210.5 199.7 176.8 159.2 162.8 164.9 166.2 169.5 179.1 191.1 210.1 228.4 245 222 228.5
425.8 420.7 413.1 406.1 397.1 387.9 380.4 375.4 368.9 363.9 360 356 352.2 348.8 347.7 346.6 343.9 341.5 340.1 337.6 335.4 333.7 332.1 328.2 322.8 317.5 312.1 309.7 305.2 297.5 292.1 290 287.2 287.9 288.3 292.2 296.5 303.7 306.8 309.3 313 317.5 323.2 321 313.4 303.7 299.2 297.8 283.2 273.1 267.1 256.4 253.9 260.6 267 275.2 283.7 275.4 254 239.7 230.8 227.4 227.6 221.4 204.2 191.7 172.6 158.3 160.7 164.3 166 176 189.8 204.5 217.3 230.8 243.3 215.8 223.1
416.5 415 408.4 401.5 393.9 386.8 382.3 377.6 372.2 366.3 360.7 357 354.2 350.6 348.4 344.7 342.3 341.1 338.9 337.8 336.7 335.9 333.2 329.7 323.8 317.6 313.6 309.7 305.6 298.9 293.9 289.8 286.3 283.8 282.3 285.8 290 295.8 299.8 300.9 303.6 312.5 325.8 319.4 306.8 294.9 291.2 289.5 274.2 264.1 256.6 248.4 249.7 256.9 257.7 270 270.1 271.3 255.2 240.8 232.2 219 214.3 204.3 194.4 182.4 168.3 157.5 161.8 164.7 170.6 185.8 204.3 211.4 217.7 232.6 218.9 210.7 218.8
413.9 415.2 408.8 403 396.7 390.2 384.6 379.6 374.7 369.6 365 361.3 357.5 353.9 351.6 349 345.9 343.5 341.9 339.9 338 335.8 332 327.6 322 316.5 312.1 307.9 303.5 299.4 295.2 290.5 286.5 283.6 281.6 283.2 284.5 287.5 292.9 292.1 292 299.5 307 310.3 299.5 284.9 277.9 273.1 267.5 256.2 248.6 240.9 242.3 244.1 252.2 254.4 262.5 265.1 253.9 247.6 235.8 220.3 209.3 202.6 202.3 186.4 164.7 157 160.7 166.9 178.4 191.7 206.7 213.8 229.4 226.2 197.4 204.7 210
423.2 419.2 412.3 408.8 405.3 396.2 390.7 384.4 378.9 373.8 369.7 365.5 361.7 358 355.1 352.8 349.8 347.1 344.7 342.1 338.5 334.6 329.7 324.9 319.8 314.8 310.3 306.4 301.9 298.3 295 290.2 286.4 283.1 279.8 279.3 279 278.4 279.3 279 279.9 284.6 293 297.7 292.7 279.7 268 266.1 259.9 249.4 241 235.5 237.8 244.2 241.7 241.8 247.2 256.3 255.9 254.7 238.9 230.8 218.1 207.9 202.7 182.1 161.7 155.8 162.7 170.7 183.5 192.2 204.5 227.7 234.1 205.7 193.4 204.3 219.2
439.5 438.9 433.2 423.6 414.6 406 399.2 393.4 385.8 379.9 375.2 370.5 366.2 362.7 359.5 356.4 353.7 350.9 347.9 344.1 339.5 335 330.8 324.6 320.9 316.4 312 307.8 302.4 298.3 293.7 289.6 285.9 282.6 278.9 273.5 271.6 273.7 271.6 268.6 270.3 274.4 278.6 286.3 287 275.3 262.6 255.8 248.9 241.8 233.7 232.3 235.9 242.3 232.1 238.2 239 248.8 258.1 253.7 237.5 228.1 218.8 201.7 182.4 167.5 158.4 157.6 166 174.7 183.8 195.8 208.3 220.3 204.7 189.6 194.1 203.2 217.9
471.3 454.4 447.7 441.2 425.5 416.6 407.9 399.8 394.8 388.1 382.8 377.7 371.7 367.8 364.1 359.8 356.2 353.8 350.1 345.5 340.6 335.9 331.7 326.5 322.1 316.8 312.3 306.8 301.5 296.4 291.8 287.5 283.6 282 280.6 272 265.3 264.6 263.8 261.5 261.9 266.5 271.1 283.7 282.4 268.4 257.2 248.6 242.4 237.6 230 230.1 233.4 231.9 227.3 227.8 238.5 255.9 267.1 258.2 233.6 219.2 195.6 173 165.6 160.9 156.3 161.7 169.8 179 190.1 198.7 206.3 198.4 189.3 181.8 189.6 200.9 216.2
486.1 469.1 457.6 451.1 435.6 428.2 417.5 413.3 411.8 400 394.1 388.5 381.8 377.4 372.2 365.8 360 355.4 352.5 349.3 343.8 337.2 332.9 327.9 322.6 316.1 311.3 305.6 299.2 293.8 289 284.3 280.7 279 277.4 269.8 262.9 257.9 257.9 256.1 254.7 256.7 259.2 269.5 276.4 254.8 244.9 241.4 239 234.1 228 228.2 227.8 224.8 224.3 233 247.2 268.3 273.6 266.8 225.9 194.1 172.1 164.1 161.6 155.6 155.1 165.6 176.8 190.9 197 202.2 203.6 191 181.8 180.6 187 195.2 214.5
