GeneralExemplars/GeoExemplars/data/LakeDistrict/terrain-50-dtm_3563996/sd/SD38.asc
ncols 200
nrows 200
xllcorner 330000
yllcorner 480000
cellsize 50
[rows 0 to 36 of 200, columns 85 to 169 of 200]
12.9 13.7 13.9 13.5 13.4 15.6 21.4 26.8 26.5 35.2 41.8 40.5 46.9 52 56.7 57.4 61.7 70.5 83.2 95.6 105.7 112.8 117.2 122.9 128.9 134.4 138.1 142.9 153.6 164.9 172 175.5 178.6 180.8 185.3 186.1 185.5 186.5 189.1 203.5 209.4 207 201.9 204 204.9 200.4 198.6 190.1 184.3 172.9 162 155 152.7 146.6 147.9 145.6 142 135.8 129.4 117.4 98.4 66.6 50.8 53.5 49.1 43.3 38.1 38.1 38.1 38.1 38.1 38.1 38.1 38.1 38.1 38.1 38.1 38.1 38.1 38.1 38.1 38.4 45.9 59.9 67.4
11.8 11.9 11.7 13.7 16.9 17.5 22 24.3 25.8 34.7 36.1 40.8 54.7 56.3 56.9 58.2 69.3 82.6 91 101.3 111.4 119.6 124.2 127.3 133.9 138.6 140 148 155.2 166.8 171 176.4 181.2 186 186.6 188.4 185.5 186.6 193.2 203 204.3 202.4 198.4 196.1 199.3 193.3 187.9 180.6 171.1 161.2 154.8 155.4 154.4 154.9 152.9 147.4 142.3 137.1 128.9 118.9 97.1 69.6 52 50.6 47.1 38.2 38.1 38.1 38.1 38.1 38.1 38.1 38.1 38.1 38.1 38.1 38.1 38.1 38.1 38.1 38.1 38.1 44.6 57.3 64.5
11.5 14 19 16 16.9 18.2 20.1 22.3 29.3 35.4 34.5 46.7 54.9 56.7 54.4 62.8 78.7 87.4 96.2 106.7 115.5 122.1 129.6 133.1 136.8 138.7 147.5 152.9 158.9 168.6 174.3 177.5 182.7 188.6 191.2 187.7 185.5 186.2 190.2 195.5 195 194.3 188.9 189.9 187.1 183.2 177.1 170.3 160 155.7 154.6 158 155.3 158.5 156.3 149.6 144.5 139.2 126.6 116 92.7 67.3 49.9 47.1 41.6 38.1 38.1 38.1 38.1 38.1 38.1 38.1 38.1 38.1 38.1 38.1 38.1 38.1 38.1 38.1 38.1 40.7 44.7 56.8 62.5
12.8 13.6 14.7 17.4 18.6 18.9 18.6 19.9 29.6 31.6 34 48.7 54.7 53.4 59.7 71.5 81.6 87.1 96.7 111.6 119.6 127.7 132.9 137.6 138.5 146.9 154.6 156.7 162.3 169.7 174.9 180.7 185.5 189.9 189.4 185.5 185.5 186.6 187 187.6 182.4 183.6 181.6 181.6 181.3 178.2 168.4 160.6 155.4 154.2 155.2 156.4 161.7 164.2 160.8 156.2 146.2 137 125.6 114.1 87.5 64.1 47 44 41.8 38.1 38.1 38.1 38.1 38.1 38.1 38.1 38.1 38.1 38.1 38.1 38.1 38.1 38.1 38.1 38.1 38.1 46.9 61.4 63.4
13.3 13.4 13.7 15.8 16.9 18 19 20.6 26.3 31 38.1 49.9 48.2 51.2 64.3 75.1 81.5 89.6 100.1 113.7 124.7 133 139.3 139.2 145.6 153.8 161 164.4 168.2 173.2 178.9 184.2 186.3 188.9 187.6 185.5 185.5 186.1 186.2 180.6 179.2 179.4 178.5 178 177.3 171.9 162.2 156.6 156.2 154.4 156.7 163.5 167.1 167.1 166.2 161.2 148.5 137.6 128.8 121.7 87.3 61 46.7 45.5 43.7 42.5 40.9 38.1 38.1 38.1 38.1 38.1 38.1 38.1 38.1 38.1 38.1 38.1 38.1 38.1 38.1 39 49.9 56.9 64.6
13.9 13.9 14.5 16.3 17.4 20.4 20 21.7 24.2 28.1 35 45.1 43.8 57.8 64.9 74.4 83 91.4 99.1 115.6 127 135.7 136.1 141.6 155.7 160.2 163.1 166.5 172.8 175.9 183 185.1 189.4 187 185.7 185.5 185.5 185.6 181.8 179 178.1 178.6 174.4 170.9 170.3 164.7 157.4 155.6 155.5 154.8 156 166.2 167 170.1 175.8 164.9 150.6 139.9 139 125.2 89 61.3 49.1 49.8 48.9 47.4 43.9 38.1 38.1 38.1 38.1 38.1 38.1 38.1 38.1 38.1 38.1 38.1 38.1 38.1 38.1 38.1 50.5 58.9 69.2
14.8 15.4 15.7 17.1 20.9 22.4 21.8 23.1 25.9 26.9 30.8 40 46.3 55.5 63.4 72.1 78.8 88 104.2 121.5 128 132.2 137 150.9 158.9 161.9 165.6 167.8 176.8 184.8 189.2 191.7 189.8 186.6 185.8 185.5 187.7 183.7 180.5 178.5 177.6 178 170.3 166.4 163.5 160.5 155.3 154.9 154.9 155 157.1 164.8 167.8 178.5 178.3 165.6 150.9 148.2 143.3 122.2 91.7 64.4 52 53.6 53.9 51.5 48.8 46.5 43.3 38.1 38.1 38.1 38.1 38.1 38.1 38.1 38.1 38.1 38.1 38.1 38.1 38.1 58.2 64.2 72.7
14.3 16.4 17.8 19.4 22.3 22.9 24.4 25.5 27.6 29.4 40.9 40.8 47.1 57 58.3 64.4 76.7 93.8 108.1 119.7 126.3 127.5 144.6 149.6 157.5 168 166.8 170.8 181.2 189.8 194.5 196.9 192.6 192 189.1 189.5 186.8 187.8 183.6 179.5 178.7 175.8 170.7 162.8 159.3 157.6 157 156.2 155.3 156.1 161.3 167.5 170.7 182.9 178.5 166.2 156.6 152.5 139.4 115.5 87.3 60.3 52.2 55.4 56.5 55.1 53.2 49.3 45.7 38.1 38.1 38.1 38.1 38.1 38.1 38.1 38.1 38.1 38.1 38.1 38.1 41.9 62.5 68 75.7
15.1 16.9 17.4 19.6 22.7 23.6 25.4 27.4 28.9 33.2 40.9 42.2 48.6 51.9 54.9 69.1 81.9 94.4 107.4 117.4 119.2 135.5 144.6 149.2 155.2 164.1 164.7 176.9 188.3 195.4 200.1 201.7 201.2 195.6 189.9 187.6 193.2 192.2 185.2 179.8 177.2 170.7 165.9 161.5 159.3 158 157.4 156.4 159.5 163.3 167.7 170.9 178.9 180.2 180.1 179.4 163.6 149.7 131.4 109.3 84.4 60.1 49.6 56.1 57.6 57 55 50.5 46.9 42.4 38.1 38.1 38.1 38.1 38.1 38.1 38.1 38.1 38.1 38.1 38.1 51.4 65.3 68.5 77.4
17.2 16.4 19.5 22.1 23.1 24.4 25.7 28.1 36.5 45.6 42.2 42.7 47.6 53.2 58.2 68.4 82.6 95 104.8 107.9 121.9 132 141.3 147.8 153.1 159.1 164.5 183.7 196.5 201.5 205.9 207.7 206.8 196.4 190.6 190.6 195.7 190.4 185.3 179.5 172.8 166 163.9 161 159 156.3 155.9 159.4 164.9 172.6 170.7 180 186.5 185.4 186.9 177.1 160.4 145.3 127.8 104.3 81.6 61.6 49.5 53.7 59.7 58.2 55.2 50.8 47.1 44.1 38.1 38.1 38.1 38.1 38.1 38.1 38.1 38.1 38.1 38.1 38.1 52.2 62.2 64.3 70.6
18.2 21.6 24.1 25.4 25.6 26 29.2 33.7 42.4 46.9 46.3 44.8 50.3 54.9 63 70.6 80.8 93.1 102.1 110.6 119.7 128.8 135.2 143.9 151.6 156.1 172.1 188.2 198.6 201.3 209.4 211.3 210.5 199 198.3 195.3 193.2 189.8 188.8 177.6 170.4 170.8 162.3 160.7 159.2 156.2 154.5 161.5 169.4 170.7 176 182.6 192.7 189.9 185.3 173.4 163 145.9 124.7 100 79.8 64.6 50.3 48.8 53 56.3 52.3 48.6 46 43.7 38.1 38.1 38.1 38.1 38.1 38.1 38.1 38.1 38.1 38.1 38.1 43.5 50.7 58 66.1
21.6 26.2 28.5 29 29 29.7 32.2 36.7 40.7 47.5 45.6 48.5 53.3 61.5 69 73.8 83.4 92.9 101.4 110.8 115.8 122.5 131.2 145.6 152.2 160.2 176.6 190.2 195.9 201.9 209.4 212.4 213.3 205.3 209 198.1 196 185.9 183 175.3 172.2 170.9 166.1 164 159.1 155.2 153.1 161.3 170.4 169.6 179 194 195.6 194.2 191.7 175.2 164.8 142.9 118.2 95 79.6 66.4 53.8 47 47.2 48.6 48 45.4 43 41.9 38.8 38.1 38.1 38.1 38.1 38.1 38.1 38.1 38.1 38.1 38.1 38.1 43.5 53.5 64.8
23 29 33.6 32.8 29.9 29.7 33.1 37.9 41.2 46.9 45.3 50.2 56.5 69.1 74 81.3 90.9 96.1 104.3 113.3 119.7 126.4 136.4 146.4 153.2 166.1 180.6 190.4 198.9 208.8 215 220.8 214.7 211.5 206.5 201.6 197.4 191.3 184.8 177.3 177.9 170.5 170 162.9 157.2 154.3 153.3 159.6 159.8 165.9 177.9 190.2 188.8 187.8 185.9 167.7 158.6 140.6 114.4 93.5 78.8 67.5 56.8 46.6 46.5 46.9 46.8 44.5 41.4 40 38.1 38.1 38.1 38.1 38.1 38.1 38.1 38.1 38.1 38.1 38.1 38.1 42.3 57.3 67.8
27.3 31.4 34.8 30.7 30.1 30.4 32.5 38.1 42.5 43.7 51.1 58 63.6 72.4 78.8 88.5 92.4 102.7 110.6 118.6 126.4 132.8 141.4 149 157.2 169.8 181.5 190.2 200.8 214.3 224.9 221.4 213.7 214.6 211.7 203.3 200.4 199.4 196.9 190.7 180.9 172.9 168.2 164.2 157.3 151.6 149.5 151.2 151.4 154.2 161.6 172.7 176.8 174.9 176.8 162 153.5 141.9 113.1 93 76.6 63.7 56.1 47.6 46.6 46.1 44.8 44.1 42.2 38.6 38.1 38.1 38.1 38.1 38.1 38.1 38.1 38.1 38.1 38.1 38.1 38.1 38.1 53.1 70.3
27.6 31.7 32.5 35 32.3 31.4 33.6 37.3 40.8 50.2 55.6 59.1 70.4 78.2 84.2 93.4 102.5 112.1 118.7 125.6 131.9 140.2 148.7 153.3 161.8 173.4 181.6 193.2 207.6 218.2 220.2 217.6 221.3 221.2 214.7 202.9 205 205.5 204 193.2 182.5 173.3 171.2 163.4 156.6 153.7 148.2 146.5 148 146.6 147.2 154.9 163.7 160.7 157.1 152.5 149.6 133.5 106.8 93.5 76.9 60.3 53 49.7 51.2 52.1 50.7 47.2 42 38.1 38.1 38.1 38.1 38.1 38.1 38.1 38.1 38.1 38.1 38.1 38.1 38.1 38.1 56.7 72.1
29.9 32.6 33.6 34.3 33.7 32.6 33.1 34.9 44.3 60.3 55.5 67.4 76.5 80.9 89.5 100.8 112.1 117.9 126.5 131.9 137.3 146.9 156.2 160.2 167.2 177.6 187.9 197.3 208.9 215.3 217 217.5 224.3 223.1 213.4 209.2 209.7 211.7 203.3 190.7 181.4 173.3 167.9 165.1 160.5 153.4 146.8 144.5 143.7 143.1 142.5 144.2 150.2 150.2 146.5 144 137.2 121.6 99.2 92 77.6 58.4 53.2 54.1 57.8 56.8 54.2 50.1 43.1 39.3 38.1 38.1 38.1 38.1 38.1 38.1 38.1 38.1 38.1 38.1 38.1 38.1 38.1 59.2 72.3
25.3 33.7 33.4 33.4 34.1 32.5 33.6 40.8 53.9 61.5 59.9 73.2 78.2 85.9 99.7 110 118 125 134 137.6 145 153.4 160.9 170.1 185.3 186.9 189.1 196.9 206.1 212.1 210 220.5 222.1 222.2 220.6 220.3 212.8 211 195.1 193.5 182.5 177.3 168.4 163.8 158.4 152.6 148 144.3 143.3 143.1 140.5 138.6 140 140.8 136.9 132 125.9 111.1 92.1 86.2 74.9 55.9 53 56.4 59.4 57.9 56 51.4 44.5 41.8 41.8 41.2 38.1 38.1 38.1 38.1 38.1 38.1 38.1 38.1 38.1 38.1 44.5 60.9 70.3
30.1 31.7 34.3 32.9 32.7 30.4 36 45.5 54.2 56.8 68.9 73.4 83 98.7 112.1 119.2 124 131.6 138.3 144.7 150.9 157.3 173.4 184 193.2 193.5 191.7 195.7 201.3 206.4 214.3 223.7 226.8 222.2 214.8 218.1 210.9 205.3 195.7 188.4 179.5 181.4 174.8 167.1 159.7 154.5 151.1 147.3 146.8 144 139 133.2 132.2 131.2 128.4 124 117 104.1 87.9 75.5 67.4 53.1 51.4 57.4 58.7 57.6 54.4 50.1 46.5 45.5 45 43.3 38.1 38.1 38.1 38.1 38.1 38.1 38.1 38.1 38.1 38.1 44.7 59 66.8
27.1 33.7 32.2 30.8 28 30.1 40.7 53.5 61 60.2 70.2 75.8 92.5 107.3 119.3 124.2 129.1 136 143.7 147.4 155.8 171.9 185.1 191.3 197.5 196.9 192.5 193 197.5 204.1 215.2 219 220.8 214.6 215.4 215.9 211.5 198.6 189.8 180.5 176.3 176.2 169.8 164.7 165.2 159.3 152.7 153.6 152.5 144.8 137.3 132.6 129.8 128 125 121.1 115.1 104.2 86.5 70.6 60.9 51.9 50.6 56.5 57.7 56.2 52.5 49.7 49.6 50.6 50.9 47.6 39.7 38.1 38.1 38.1 38.1 38.1 38.1 38.1 38.1 38.1 44.2 55.7 61
27.2 31.9 31.2 27.9 25.3 28.9 41.1 56.4 61.2 58.6 65.3 82.6 100.7 113.7 123 130.5 134.2 139.1 144.8 150.8 166 181 188.9 194.1 196.2 197.4 198.8 194.6 196.2 201.9 209.7 212.1 208.5 207.4 212.2 212.6 201.9 187 180.5 172.4 173 172.3 168 172 168.9 161.3 160.2 161.4 156.5 146 137.7 133.2 128.8 126.9 124.2 121.3 112.3 98.1 82.6 67.6 57.5 52.1 50.4 53.9 56.7 55.3 52 50.3 52 54 54.1 50.4 38.1 38.1 38.1 38.1 38.1 38.1 38.1 38.1 38.1 38.1 39.6 50.4 55.4
28.4 29.4 29.5 25.8 23.8 29.3 42 56.2 58.4 53.4 70.6 90.5 107.3 117.1 123.8 132.3 138.3 142 146.1 159.6 171.7 183.1 191.1 194.1 190.7 195.9 197.1 193.3 194 198.6 199.4 199.7 202.4 206.4 206.3 205.9 193.8 178.5 171.7 171.8 171.6 172.6 171.7 173.1 169.7 167.9 164.6 162.4 155.3 145.5 139.7 132.5 128.2 124.7 120.4 114 100.6 87.9 79.9 67.8 59.6 52.9 50.2 52.5 55.2 55.6 53.2 51.8 53.9 54.7 54.5 49.1 38.2 38.1 38.1 38.1 38.1 38.1 38.1 38.1 38.1 38.1 38.1 43.3 53.2
27.6 26.4 26.7 21.2 26 30.5 46.1 55 52.2 59.8 78.9 98 111.7 121.1 128.4 135.3 141 144 153 167.3 173.6 181.3 190.4 190.4 189.3 192.5 193.4 193 192.6 193.6 198.3 200 202.1 199.8 205 195.5 187 169.8 169.8 169.8 170.4 173.2 176.7 177 177.6 175.1 171.2 165.4 156.1 149.6 143.2 133.7 125 119.9 112.8 103.4 91 81.6 74.3 64.6 58.5 55.5 50.8 50.7 53.3 54.6 52.4 53.2 53.6 53.2 49.7 42.7 38.1 38.1 38.1 38.1 38.1 38.1 38.1 38.1 38.1 38.1 38.1 43.3 54.6
22.5 21.1 21.1 21.5 28.1 31.3 46.5 52.3 50.3 68.9 88.6 103.9 115.9 121.6 131.6 138 143.3 148.2 161.7 169.9 175.8 181.8 188.7 187.4 192.3 194.3 192 191.9 192.6 193.6 194.1 197 194.5 195.7 196 186.3 179.4 169.8 169.8 169.8 169.8 176.9 180.8 183.4 178.1 175.1 172.2 168.2 159.1 152.8 142.5 132.8 121.9 113.6 107.3 99.5 87 78.4 74.1 64.5 57 53 49 48.8 51.6 53.8 53.3 54.1 52.7 46.7 42.1 38.1 38.1 38.1 38.1 38.1 38.1 38.1 38.1 38.1 38.1 38.1 38.1 46.6 60.2
19.6 20.1 18 19.9 24.8 33.7 44.6 49.6 54.5 76.8 94.1 106.5 117.8 124.6 135.3 141.2 149.5 159.8 167.9 173.2 180 181.6 185.4 185.1 192 190.8 190.9 193 193.9 193.9 191.8 190 188.5 190.1 184.9 180.9 173.3 169.8 169.8 169.8 178.7 185.6 180.7 178.9 176.9 175.4 173 168.2 161.4 154.5 141.9 130.9 118.6 106.4 100.2 92.4 82.9 77.4 74 67 58.1 50.7 48 48 50.3 52.3 53.4 51.7 47.9 42.3 38.1 38.1 38.1 38.1 38.1 38.1 38.1 38.1 38.1 38.1 38.1 38.1 38.1 52.1 65.4
18.5 20.2 16.2 17.4 25.9 34.3 43.7 48.9 62 83.6 97.7 110.4 120.6 124.9 134.2 141.5 151.6 162.3 170 175.7 179.5 179.3 180.6 184.8 188.1 188.4 191.3 194.6 194.3 193.7 191.8 189.4 184.1 182.9 179.9 175.8 169.8 169.8 169.8 169.8 178 187 181.2 177.7 177.4 175.2 171.1 166.8 161.5 151.6 140 128.2 115.1 103.1 93.4 83.6 78.1 75.7 73.3 66.6 56.9 48.4 47.1 47.4 47.5 49.6 50.2 47.5 44.7 41.9 38.1 38.1 38.1 38.1 38.1 38.1 38.1 38.1 38.1 38.1 38.1 38.1 44.3 55.9 69
15.9 17.4 16.2 22 27.9 35.2 42.4 51.1 68.7 85 101.4 110.4 118.7 125 136.3 145 151.4 163.2 173.6 181 180.8 178.2 180.7 181.8 182.8 189 192.7 197 195.1 193.7 190.6 186.6 182.8 183.6 180.1 176.6 169.8 169.8 169.8 169.8 172.3 180.7 178.3 177.9 176.4 173.2 169.6 166.7 158.8 148.6 137.4 126.7 116.8 101.2 89.6 79.7 75.2 76 73.9 66.9 55.7 48.1 46.4 47 46.9 47 46.7 44.2 42.8 41.5 38.4 38.1 38.1 38.1 38.1 38.1 38.1 38.1 38.1 38.1 38.1 38.1 46.7 58.4 72.7
11.7 13 16.8 24.5 29.2 34.1 44.3 59.2 73.6 87.5 101.4 109.2 117.4 129.4 139.9 145.9 156.6 168.3 173.7 179.4 175.5 180.5 181.7 182.5 188.2 192.3 194.5 196.3 195.5 193.7 189.4 185.8 183.7 184.5 181 177.2 171.2 169.8 169.8 169.8 171 172.6 174.4 175.3 173.5 171.2 170 167.7 157.6 146.1 137.4 127.6 119 97.4 85.6 75 72.9 74.8 74.4 67.9 55.9 47.9 47.2 47.4 47 46.3 45.7 44.7 44.3 44.1 42.2 38.4 38.1 38.1 38.1 38.1 38.1 38.1 38.1 38.1 38.1 38.1 46.9 60.6 74.3
11 14.3 17.5 25.6 30.4 33.3 48.6 64.8 76.3 87.3 98.7 108.2 118.1 129.6 139.3 146.9 158.1 168.9 172.7 176.7 175 182.2 183.3 187.2 191.8 193 193.2 194.9 195.2 194 188.3 185.6 186 184.5 180.6 177.7 173.3 169.8 169.8 169.8 169.8 169.7 169.1 170.6 169.3 169.8 171.1 167.6 156.8 145.7 136.5 124.2 108 89.9 80.8 71.7 69.8 69.7 67.9 63.1 53 49.8 52.2 51.2 47.3 46 45.9 46.2 47.3 48 42.3 38.1 38.1 38.1 38.1 38.1 38.1 38.1 38.1 38.1 38.1 38.1 51.3 63.4 77.4
14.8 22.6 25.9 25.8 34.4 38.6 53.3 67.7 76 88.5 100.3 110.7 122.1 130.9 139.3 146.5 160 167.5 170.4 171.9 174.7 183.4 189.5 193.5 192.8 193.4 193.9 194 193.4 191.8 188.2 188.3 188 184.5 184 181.4 174.2 169.8 170.3 171.9 171.8 162.7 165 165.4 164.2 168.5 169.8 164.8 155.2 144.4 129.4 115.4 101.4 86.4 78 68.9 66.1 64.3 62.1 57 50.8 51 54 51.5 46.7 45.6 46.1 47.9 50.5 48.7 41.6 38.1 38.1 38.1 38.1 38.1 38.1 38.1 38.1 38.1 38.1 39.8 55.2 67.6 79.6
16.5 24.2 29 30.9 32.7 42 54.4 65.1 77.1 89.8 101.7 113.7 131 133.2 140.5 147.6 159 171.7 168.7 174.2 179.5 187.7 195.3 196.6 194.9 193.8 193.9 192.8 191.4 189.7 189.8 189.2 187.7 185.3 187.5 177.3 172.6 170.7 174.4 175.5 171.9 166.7 164.5 159.3 159.3 161.2 164.8 161.5 148.3 133.7 120.1 106.8 93.8 85.3 74 66.8 64.8 65.6 65.3 57 49.8 50.3 52.2 49.2 45.3 44.9 45.8 48.1 49.2 44.4 38.1 38.1 38.1 38.1 38.1 38.1 38.1 38.1 38.1 38.1 38.1 43.5 56.7 68.1 79.4
19.8 26.9 35.2 34.3 41.9 49.6 55.1 62.6 76.1 89.8 102 116.6 130.4 135.5 140.8 145.5 154.2 165.5 170.7 176 184.2 193.4 200.5 196 194.4 194.7 196.4 194.2 191.3 190.7 191.4 191.3 187.6 184.8 186 174.2 172.9 176.1 177.1 176 170.8 167.2 163.4 161.1 155.6 155.6 157.1 150.7 138.9 126.1 112.8 100.2 90.8 83.3 70.4 64.6 67.5 69 70.7 59.5 48.5 48.6 47.6 44.4 44 43.9 44.6 45.4 43.9 40.9 39.5 38.1 38.1 38.1 38.1 38.1 38.1 38.1 38.1 38.1 38.1 48.3 58.9 70.3 81.2
21.1 28.4 34 42.4 50.8 59.8 66.5 67.9 76.7 89.7 101.3 116.6 128.8 136.2 142.9 146.4 157.1 169.4 173.9 181.6 192.1 198.8 204.2 200.3 196.9 198 200.2 194.2 191.7 191.2 190.2 189.9 186.9 183.2 177.3 174.9 177.2 179.7 178 175 170.5 166.7 164.4 163.9 166.3 154.4 145.6 139.9 131.1 120.1 109.5 98.9 91.2 81.2 68 66.6 69 71.2 73.6 60.1 47.3 46.6 45.6 44.5 43.9 44 43 42 41.3 40.6 39.8 38.1 38.1 38.1 38.1 38.1 38.1 38.1 38.1 38.1 43 52 60.7 72.6 83.7
21 28.5 42.2 53.6 59.5 66.2 72.3 75.8 79.7 89 100.7 114.8 126.3 134.7 142.8 149.9 161.5 169.2 173.3 186.8 197.3 203.3 208.9 209.6 202.4 205.6 201.3 194.7 192.9 191.2 189.5 187.5 186.1 182 178.3 180 182.6 181.1 177.3 174.9 173.4 169.7 168.8 166.3 162.1 154.4 140.4 130.1 125.4 118.9 109 100 89.9 78.3 65.3 66.9 69.4 74.5 73.6 58.5 47.4 47.1 48.6 48.1 47.6 46.4 44.8 42.7 40.9 40.3 43.4 38.1 38.1 38.1 38.1 38.1 38.1 38.1 38.1 38.1 46.6 55.6 64 75 86.9
24.2 33.7 49.6 60.8 65.9 71.6 78.2 81.7 84.6 88 100.5 113.7 123 133.1 140.2 148.9 158.1 166.9 178.9 191.7 199 209.8 216.9 214.8 213 213.1 209.3 203.8 200.8 193.3 190.1 186.5 184 182.9 183.7 182.3 187.9 191.9 186.3 179.2 179 177.9 178.3 171.1 160.5 152.8 141.5 130.2 120.7 117.3 109.3 98 86.2 73.6 67.2 66.2 66.7 70.3 66.7 51.8 48.8 50.5 55.1 55.7 52.6 50 49.8 46.6 43.6 41.4 41 38.1 38.1 38.1 38.1 38.1 38.1 38.1 38.1 40.1 48.5 58.5 68 78.5 88.5
30 42.5 58.6 64.7 76.2 84.4 87.9 84.3 85.5 88.8 99.5 112.5 122.1 133 140.9 149.2 157.8 168.3 180 193.7 204.5 214.4 223.3 219.8 218.7 217.2 212.8 207.3 201.2 193.3 188 183 182.7 184.6 185.6 183.4 192.6 196.4 191.4 184.5 183.1 185 183.5 172.2 164.5 155.9 143.9 135.4 119.4 108 101.3 92.7 81.8 72.7 67.2 66 65.5 66.4 62 57.3 49.4 56.3 62.5 62.1 57.1 53.6 52.6 49.5 46.3 43.9 40.4 38.1 38.1 38.1 38.1 38.1 38.1 38.1 38.1 42 49.9 59.4 68.5 78.2 88.1
35 51.8 63.1 73 86.4 92.2 93.1 86.9 87.6 92.3 103.4 114.2 126.1 135.7 145.4 153.1 166.1 173.8 185.7 196.9 210.4 217.3 226.3 222.8 223.4 225 216.7 210.4 203 189.4 185 183 185.1 187.2 185.3 184.6 194.5 198.2 192.4 186.1 186.5 185.2 182.8 174.6 164.5 150.7 140.8 127.1 114.6 101.3 89.7 85.1 79.6 72.2 67.5 65.9 65.7 63 56.4 54.4 56 62.5 67.2 64.4 58.7 53.5 50.8 48 44.8 41.3 38.1 38.1 38.1 38.1 38.1 38.1 38.1 38.1 38.1 42.4 50.9 60.2 69.2 78.8 88.4
39.7 55 65.5 77 85 96.4 99.3 95.9 96.6 99.7 105 117.6 130.2 140.5 149.5 160.3 172.7 183.2 192 203 217.9 226.4 228.3 228.6 227.9 225 217.7 209.2 201.3 188.4 185.7 186 190.7 189 186.4 187 193.8 197.8 189.3 190 192.2 195.7 191.9 177.9 159.8 140.3 126.9 116.8 109.7 101.7 92.3 83.3 76.9 71.3 69.8 72.3 69.5 65.9 62.3 57.3 59.9 64.5 65.8 62.5 58.1 52.8 49 46.7 43.8 42.1 38.1 38.1 38.1 38.1 38.1 38.1 38.1 38.1 38.1 42.7 52.5 61.8 70 79.2 89.2
