GeneralExemplars/GeoExemplars/data/LakeDistrict/terrain-50-dtm_3563996/sd/SD38.asc
ncols 200
nrows 200
xllcorner 330000
yllcorner 480000
cellsize 50
[rows 111 to 147 of 200, columns 0 to 84 of 200]
96.7 84.9 83.7 74.7 64.6 58.2 52.9 46.1 34.8 26.5 22.2 24.5 28.5 14.6 11.4 10.9 9.7 10.5 15.5 25 33.3 38.6 41.8 46.6 51.4 55.7 58.6 60.7 59.4 57.3 56.9 56.2 59.1 64.3 62.7 53.2 42.2 35.7 27 18.5 14.2 9.7 7.5 6.3 5.6 5.1 6.4 7.1 9 12.4 16.4 22.2 28.8 32.5 30.8 21.8 7.1 4.9 5.6 -2.7 4.5 5.8 5.9 6.5 7.9 8.4 7.9 6.5 6.1 5.9 5.9 5.6 5.1 6.3 8.5 10 13.1 8.9 7.3 8.1 19.8 23.7 31.3 40.4 44.4
107.1 90.1 80.2 77.5 67 58.6 50.8 45 32.6 26.3 21.8 21.5 23.6 13.7 11.4 10.3 9.8 7.5 14.3 21.3 31.7 37.5 41.8 44.9 49.1 52.3 55.2 57.7 57.7 57.7 57.5 55.9 59.6 65.8 62.6 54 43.9 34.7 27.5 18.1 14.3 8.6 7.2 6.4 5.4 6.5 6.3 5.8 6.1 7.3 9.5 13.8 20.2 25.9 26.7 19.5 5.5 5.3 5.7 -2.7 6 6 5.5 5.8 5.8 6 6.2 6.1 6.1 6.2 6.2 6.2 5.7 6.1 10.4 13.5 10.5 8.2 7.7 9.4 17 21.3 24.2 29.5 29.6
109.6 95.8 79.3 76.7 65.7 58.4 52.4 42.9 33.6 27 19.8 22.3 17.9 14.4 13 10.7 9.6 9.2 13.1 17.4 27.9 36.3 41.5 46.9 50.3 51.4 54.4 56.2 57.5 58.4 58.6 55.8 59.6 63.7 58.7 50.7 41.8 35 28.1 22.1 16.9 12.3 9.3 6 6 6.1 6.1 5.8 5.8 5.8 6.3 7.7 13.5 18.2 20.8 12.9 5.5 5.2 5.6 -2.7 5.8 6.3 6 5.8 5.5 5.6 5.8 6 6.1 6.5 6.6 6.7 6.5 6.4 10.6 10.8 10.3 8.9 11.6 11.3 16.9 19.7 22.3 22.2 21.5
110.7 95.6 79.7 74.2 67.9 67.9 62.8 49.5 35.6 28 19.5 20.2 15.7 14.3 13.4 11.9 9 9 12.1 16 25 36.1 43.4 49.9 51.8 54 54.7 58 60.5 58.9 58.1 54.6 56.6 59.2 53.9 46.6 39.7 32.8 29.1 24.5 17.5 12.8 7.4 5.6 5.6 5.9 6.1 5.8 5.7 5.9 6.3 6.7 8.9 12.3 12.9 9.3 6.5 7.6 7.4 -2.7 6 5.6 5.4 5.3 5.6 6 6.5 7.1 7.6 8.1 8.6 9.1 9.5 9.6 10.4 10.8 12 13 15.2 13.2 15.8 17.3 16.1 13.2 14.6
109.8 93.7 79.8 71.6 73.9 74.8 65 49.4 37.2 28.6 22.5 15.5 14.1 13.4 12.8 10.7 8.5 8.5 13.9 19.5 28.5 40.2 48.1 52.5 53.6 58.9 58.5 59.9 61.6 59.8 59.5 54.7 51.2 53.8 48.5 41 38.3 34.3 31.8 29.3 24.1 14.2 7.6 5.8 5.6 4.4 5.9 5.8 5.8 6 6.3 6.8 7.2 8.6 7.4 6.4 6.4 5.7 5.6 -2.7 -2.7 6 5.5 5.2 5.5 7.1 8.4 9.7 8.3 8 8.3 8.1 7.6 7.7 9.2 11.2 11.1 12.4 16 17.1 15.3 14.9 16.1 10.6 16.6
108.7 93 80.7 73.1 76.1 79.6 68.4 49.9 38.1 28.7 23.2 18.4 13.4 12.7 11.7 9.9 8.2 8.3 16 27.3 32.6 39.9 51 54.8 59.7 61.5 61.4 60.5 61.4 62.1 59.5 53.3 48.3 47.2 43.1 39.4 33.1 33 33.4 32 28.7 21.2 11.5 5.3 5.5 5.7 5.6 5.7 5.9 6 6 6.9 6.1 6.6 6.9 7.1 7.6 6.5 5.6 -2.7 -2.7 -2.7 5.3 5.3 5.5 8.2 9.9 8.7 8.5 8.7 8.8 8.6 9.1 8.2 7.8 10.5 11.4 15.4 21.2 26.2 18.8 15.1 10.5 8.2 9.3
107.5 94.2 82.2 75.3 76.6 77.7 67.3 52.6 38.4 30.3 24.3 19.3 13.7 11.8 11.2 7.8 7.9 6.4 21.9 33.6 39.7 47 55.2 57.9 60.4 63.2 62.7 63.1 63 62.8 58.5 51.1 47.6 44.6 41 37.9 33.9 32.5 32.7 33.3 31.9 24.2 9.2 5.4 6 5.8 5.8 6.1 6.6 5.8 5.9 6.4 7 7.4 7.9 7.4 7.7 6.3 5.6 5.7 -2.7 -2.7 5.1 5.6 6.4 6.8 6.7 6.9 8 9.1 9.1 13.3 11.2 8.5 8.6 8.3 10.1 21.2 27.7 32.1 27.4 18.7 11.8 8.1 8.5
109.8 97.4 86.7 75.8 75.4 75.4 65.2 52.6 36.5 30.9 24.4 19.6 15.3 11.8 8.9 7.7 7.6 12.6 29.6 40.9 49.3 55.6 60.7 63.7 65 65.8 66.6 67.3 67.4 65.6 62.1 56.3 51.4 48.2 45.7 44.1 36.6 32.8 28.1 30.9 28.9 20.6 9.2 5.8 6 6.6 6.1 5.3 5.5 6 6.3 6.9 7.5 7.9 7.5 6.8 6.1 5.6 5.4 5.5 5.6 -2.7 5.6 6.1 6.6 7.7 7.5 7.7 8.4 9.5 10.9 10.3 10.3 9 10.3 8.5 12.5 27.5 35.3 39.2 33.3 26 15.4 7.8 9.3
111.9 100.6 87.9 76 74.7 72.7 66.2 54 35.7 28.6 24.3 19.1 14.5 12 8.1 7.6 7.3 16.1 31.4 44.5 55.7 62.8 65.6 72.8 75.7 75.2 74.5 73.4 73.3 70.4 66.2 61.4 57.1 55.4 52.4 45.3 39.8 34.2 24.9 25.5 20.4 12.2 6.5 3.6 5.6 5.6 5.5 5.4 5.7 6.2 6.6 7 7.4 7.8 7.4 6.7 6.1 5.9 5.3 5.6 5.8 -2.7 -2.7 6.2 6.6 7 7.5 8.5 12.1 13.2 10.4 11 9.9 13.5 14.5 13.8 23.9 38.8 41.8 41.3 37.7 26.6 14 6.5 9.1
111.9 99.5 84.9 75.6 75.2 72.6 66.3 50 34.9 31.2 24.4 18.1 13.8 10.6 7 6.1 8.7 17.3 32.9 52.5 66.3 70.8 75.5 80.9 82.4 80.5 80.8 79.9 77.9 74.7 70.3 65 62.6 60 54.7 48.7 41.6 34.6 26.5 19.1 9.3 6.6 6.2 5.9 5.7 5.6 5.3 5.6 5.9 6 6.4 6.9 7.3 7.7 7.1 6.6 6.2 6.1 5.5 5.9 6.4 -2.7 -2.7 6.2 6.5 6.8 7.6 13.7 17.1 19 13 11.9 15.8 17.8 15.9 19.3 33.7 45.4 46.5 42.4 36.6 24.5 11.6 6.2 8.2
107.5 96.8 83.5 73.3 72.3 71.8 63.5 47.1 39.4 29.3 23.3 19.5 13.8 9.5 5.9 6.9 9.8 17.1 38.1 59.3 71 76.9 81.1 85.4 87.6 87.5 87.6 86.5 81.5 78.4 73.5 70.7 67.7 63.8 57.3 49.1 41.4 33.1 19.9 6.7 6 5.6 5.5 5.6 5.7 5.4 5.3 5.4 5.5 5.7 6 6.4 6.8 7 6.7 6.3 6 5.9 6.2 6.3 6.5 -2.7 -2.7 6.2 6.6 7.6 11.6 18.2 18.6 16.2 11.9 15.8 17 18.3 18.5 25.4 34.9 43.3 41.8 37.7 30.5 21.1 9.3 6.6 7
105.9 94.4 80.2 72.9 70.3 67.7 57.2 46.8 40.8 30.2 21.8 20.5 13.8 8.7 6.4 6.4 9.7 16.7 36.7 62.1 77 85.4 87.8 89.4 91 93.8 95.1 89.7 84.9 80.9 77.9 75.7 69.6 63.9 56.9 48.5 39.3 25.2 7.4 6.3 6.4 5.8 6.3 5.9 5.4 5.4 5.5 5.6 5.6 5.6 5.4 5.6 5.8 6.1 6.1 6 5.7 -2.7 -2.6 -2.7 -2.7 -2.7 6.3 5.9 6.6 6.8 13.8 18.9 17.8 11.5 10.2 12.2 17.3 22 25.9 28 30.3 35.8 34.1 31.4 25.6 19.6 11.6 6.6 6.7
101.2 90.2 80.7 74.9 68.8 70 60.6 51 43.9 33.5 24.6 16.5 12.3 7.7 6.7 6.3 9.2 13.5 32.8 60.8 80.8 91.1 96.4 96.6 96.8 95.8 96.1 91 86 82.7 79.8 76 67.6 60.9 54.1 45.5 33.2 10 6.6 6.1 5.8 5.9 5.7 5.8 5.8 5.6 5.7 5.8 5.7 5.3 4.8 4.6 4.9 5.2 5.4 5.6 5.9 -2.7 4 5.1 -2.7 -2.7 5.5 5.6 6.7 7.5 14.1 14.5 12.7 9.2 9.6 11 17.6 24.7 31.9 33.2 25.4 25.4 25.5 22.4 18.3 17.4 12.9 6.8 7
96.7 90.8 81.6 75.1 70.4 69.5 62.5 55.5 45.5 35.6 26.5 19.2 13.1 8.5 6 6.4 6.1 9.1 22.2 52.7 76.9 95.7 102.6 101.9 99.2 95.1 93.5 89.4 86.9 82.3 78.1 70.9 64.2 57.2 48.4 38.4 20.9 9.2 6.8 5.9 5.8 5.9 5.4 5.5 5.6 5.7 5.7 5.7 5.2 5 4.8 4.7 4.9 5.2 5.1 5.4 5.3 -2.7 -2.7 6.3 6.1 6.1 5.6 5.1 5.7 7 10.7 7.8 8.5 9.1 8.4 9.8 17.2 26.7 32.3 26.7 23.4 19.6 16.7 15.7 18.9 14.6 11.3 6.8 7.4
106 91.9 80.6 74.5 72.7 77.5 68.3 59.2 45.9 36.3 30.9 22.9 14.3 9.4 5.8 5.6 6.3 7.7 16.8 46.4 73 95.5 99.7 101.1 98.5 92.1 90.8 89 85.2 78.3 71.1 63.9 56.6 49.5 41.6 32.2 8.5 6.2 5.7 5.6 3.4 5.2 5.1 5.2 5.1 4.3 5.2 5.3 5.1 5.5 5.2 4.8 4.6 -2.7 -2.7 -2.7 -2.7 -2.7 -2.7 5.9 6 6 5.5 5.3 6 6.2 6 7.7 10.8 8.1 7.7 9.2 16.7 27 28.8 22.1 13.5 12.9 17.1 17 14.2 8.5 7.7 6.7 7.5
103.2 86.6 80.7 74.9 76.9 82 71.1 62.1 47.7 39 33.6 23.7 15.6 10 6.1 6.2 5.4 6 12.2 40.6 67.8 89.6 96.4 99.8 97.2 91.6 90.2 87.2 79.9 70.2 62.3 54.2 47.5 41.4 37.7 25.1 5.4 5.7 5.4 5.4 5.2 4.6 4.5 4.5 4.5 4.7 5.1 5.5 6.1 6.1 5.6 -2.7 -2.7 -2.7 -2.7 -2.7 -2.7 -2.7 -2.7 -2.7 6 6.1 5.5 5.2 5.3 5.4 5.4 7.8 7.7 7 7.1 8.6 16.4 25.9 24.1 17 12.3 17.3 16 14.7 8.2 6.6 9.3 6.7 6.7
99.4 88.1 79.7 77.7 80.2 87.3 74.2 64.1 52.1 43 33.3 25.3 16.1 9.9 6.7 6.6 6.1 5.7 9.1 35.4 64.5 85.8 96.3 99.5 97.8 94.5 90.1 83.6 73.1 62.9 54.9 46.9 41.7 38.5 34.1 17.9 6.5 5.2 5.1 5.1 4.5 4.5 4.4 5.2 5.1 5.5 5.7 5.8 6 6 5.8 -2.7 -2.7 -2.7 -2.7 -2.7 -2.7 -2.7 -2.7 -2.7 6 6.5 6.2 5.5 5.3 5.8 6.6 7.1 7.1 6.4 6.9 8.4 17.9 26.2 20.7 10.6 13.1 14.1 13 8.1 6.8 6.8 6.1 6.1 5.8
101.4 86.2 82.2 81.4 83.5 89.4 78.3 67.5 54.6 46.8 37.6 26.4 17.4 10.3 6.9 6.5 6.4 6.2 7.1 29.4 57.1 82.7 98 99.9 101 99.6 89 78 68 59.7 51.1 45 40.6 37.6 31.7 15.2 5.6 5.5 5.1 4.7 4.7 4.4 5.2 5.9 6.1 5.8 6.1 6 6 6 5.8 -2.7 -2.7 -0.1 2.8 5.7 4.7 -2.7 -2.7 -2.7 -2.7 6.2 6.1 5.5 5.5 6.6 7.1 7.2 6.9 6.6 6.8 10.9 20.3 25.9 18.1 7.4 6.9 10.9 8.9 6.8 5.7 5.5 5.8 6.1 6.3
98.9 86.8 85.6 85.1 84.6 84.6 81 70.4 55.8 48.9 41.3 34 24.4 16.1 9.2 7.2 6.2 6 6.4 18.6 45.6 67.9 88.9 98 100.3 94.2 84.8 71.8 63.4 57.9 53.2 51.3 44.5 41.8 34.5 11.4 5.4 5.6 5.2 5 4.9 4.9 6 6.7 6.7 6.1 6.4 6.1 6 5.9 6.3 -2.7 -2.7 0.2 3.1 5.7 5.6 5.5 -2.7 -2.7 -2.7 -2.7 5.7 5.2 5.4 6.3 7.2 7.1 7 6.8 6.7 13.3 23 24.9 14.7 6.9 8.7 9.5 7 -2.7 -2.7 2.9 5.4 4.1 2.9
95.8 93.3 93.5 90.5 87.2 83.1 79 71.6 65.6 59.3 50.5 43.6 28.8 20.1 11.7 7.2 6 6 5.4 14.8 33.2 51.4 69.5 83.5 85.8 85.1 78 68.2 61.1 55.5 53 55 55.6 53 38.8 -2.7 5.6 5.5 5.5 5.3 5.1 5.2 6.6 7 6.4 6.5 6.4 6.3 6 6.2 6.5 -2.7 -2.7 0.2 2.7 5.6 5.6 5.6 6.2 3.3 -2.7 -2.7 -2.7 5.2 5.4 6 6.9 6.8 6.6 6.3 5.9 13.3 23.1 21.9 9.3 6.1 12.3 10.8 6.3 -2.7 -2.7 6.1 6 5.4 6.5
101 101.9 99.5 96.1 91 84.8 79.3 76.2 71.4 64.7 51.5 45.5 38.4 24.6 17.7 10.3 5.9 5.9 3.5 9.9 23.8 35.9 50.1 63.5 68.3 68.9 69.4 60.3 54.7 52 52.2 56.5 60 52.6 41.3 -2.7 -2.7 5.8 6.1 5.8 5.6 5.9 6.2 6.6 6.2 6.4 6.3 6.4 6.1 6.3 6.7 -2.7 -2.7 -0.2 2.3 5.6 5.6 5.6 6.1 6 2.1 -2.7 -2.7 4.8 5.4 5.7 6.1 6.2 5.8 5.4 5.3 9.8 16.1 12.8 6.8 6.1 6.6 6.3 6.5 -2.7 -2.7 6 6.3 5.7 6.1
106.4 108.4 105.8 102.6 96.1 88.2 85 81.4 76.9 69.9 58 48.1 38.8 33 24.4 17.8 10 5.7 3.5 7.2 13.7 23 32.7 44.2 51.4 53.1 51.9 48.4 46.8 47.4 50 56.7 60.2 56.5 46 19 -2.7 5.5 5.4 5.5 5.3 5.3 5.2 5.3 5.4 5.3 6.3 6.3 6.1 6.1 5.5 -2.7 -2.7 -0.9 1.8 5.6 5.6 5.7 6 6.7 4.6 -2.7 -2.7 5.8 5.2 5.7 6.1 6.2 5.5 5.2 5.3 6.5 7.5 7.3 6 5.9 6.1 6.1 6.1 -2.7 -2.7 5.8 6 6.1 6.8
112.8 113.2 112.5 111.8 105.8 93.5 90.4 88.1 85 75.5 65.8 56 48.1 43.4 34.4 24.7 19.6 14.8 6.5 5.2 7.1 10.4 18.8 25.6 30.8 34.2 35.9 35.7 38.1 42.8 47.7 55.1 57.9 57.3 46.3 16.4 -2.7 -2.7 5.2 5.6 5.3 5.4 5.1 5.5 5.3 5.3 5.3 6.5 6.2 6.2 5.2 -2.7 -2.7 -2.7 1.3 5.6 5.6 5.8 6.2 6.7 6.1 -2.7 -2.7 5.7 5.3 5.7 6.1 6.1 5.8 5.3 5.2 5.4 7.5 7 6 6.4 6.3 6.3 6.2 -2.7 -2.7 6.5 6.6 6 6.7
118.6 116.5 119 118.1 113.2 101.6 97 95.3 92.7 85.4 76.5 67.3 60.8 54.1 45.2 38.7 27.3 19.7 14.5 8.3 3 6.6 10.6 9.1 12.5 18.3 21.7 24.1 30.2 38.2 43.6 48.6 51.6 49.3 37.1 11.9 5.8 -2.7 -2.7 -2.7 3.3 3.3 2.7 4.1 5.2 5.3 5.4 5.6 5.7 7.3 5 -2.7 -2.7 -2.7 -2.7 5.6 5.6 6 6.4 -2.7 -2.7 -2.7 -2.7 5.8 6.1 6.4 5.2 6.2 5.8 5.6 5.6 6 6.6 6.7 -2.7 -2.7 -2.7 -2.7 6.4 -2.7 -2.7 6.1 6.3 6.7 6.6
120.6 119.3 122.3 121.5 116.8 112.1 105.8 103.3 100.2 92.9 83.4 76.2 69.7 60.3 51.2 43.1 36.7 24.3 17.3 10 6 5.4 6.2 6.2 6.3 7.3 11.9 12 19.4 29.6 36.7 39.6 38.4 34.6 25.3 8.8 -2.7 -2.7 -2.7 -2.7 -2.7 -2.7 -2.7 -2.7 -1.6 2.9 3.4 3.1 2.8 5.6 3.6 -2.7 -2.7 -2.7 -2.7 5.7 5.9 5.7 -2.7 -2.7 -2.7 5.8 5.9 6.1 -2.7 -2.7 -2.7 5.1 6.1 6.1 6 6.3 6.5 -2.7 -2.7 5.4 6.5 -2.7 -2.7 -2.7 -2.7 6 6.3 6.2 5.9
122.9 121.8 125.5 124.6 120.8 117.9 113.7 109.2 106.2 98.4 92.4 87.7 75.8 66.7 56.3 48.7 41.7 32.9 20.6 13.9 7.1 4.6 5.7 5.8 6.2 6.3 6.1 6.1 9.3 16 28.7 35.2 31.3 23.6 17.8 8.6 -2.7 -2.7 -2.7 -2.7 -2.7 -2.7 -2.7 -2.7 -2.7 -2.7 -2.7 -2.7 -2.3 1.7 -0.1 -2.7 -2.7 -2.7 -2.7 5.9 5.9 -2.7 -2.7 -2.7 4.3 5.2 6 -2.7 -2.7 -2.7 -2.7 -2.7 6.3 6.5 6.5 -2.7 -2.7 -2.7 -2.7 6.1 6 -2.7 -2.7 -2.7 -2.7 6 6.1 5.9 5.6
123.1 125.5 130.1 129.4 123.8 123.1 113.8 110.7 108 102.6 99 92 80.5 72.9 61.8 56.6 45.5 38.1 27.7 17 11.9 6.8 3.2 6.4 6.5 6.3 6 6.1 6.4 10.6 21.3 29 27.6 22.6 15.2 7.9 -2.7 -2.7 -2.7 -2.7 -2.7 -2.7 -2.7 -2.7 -2.7 -2.7 -2.7 -2.7 -2.7 -2.7 -2.7 -2.7 -2.7 6.3 5.5 6.1 -2.7 -2.7 5.6 6.4 6.2 6 6.1 -2.7 -2.7 6.4 -2.7 -2.7 4.7 5.6 -2.7 5.1 6.6 6 5.7 5.6 5.5 5.6 5.6 5.6 5.2 5.8 5.8 5.6 5.6
125.3 127.6 132.1 132.6 124.3 117.4 117.9 117.5 114.7 109 102.6 96.4 85.3 77.6 70.1 63 53.2 41.3 32.6 22.4 15.5 10.1 5.8 5.8 6.2 6.5 6.1 6.4 6.7 8.4 16.6 24.5 27.3 22.3 12.7 -2.7 -2.7 -2.7 -2.7 -2.7 -2.7 -2.7 -2.7 -2.7 -2.7 -2.7 -2.7 -2.7 -2.7 -2.7 -2.7 8.6 10.6 8.8 5.8 6.1 -2.7 -2.7 7 6.6 6.4 6.4 -2.7 -2.7 6.5 6.3 6.2 -2.7 -2.7 -2.7 -2.7 6.2 6.3 6 5.6 5.6 5.6 5.8 5.7 5.7 5.7 5.7 5.8 5.8 5.7
125.6 126.2 132 126 123.4 124.9 127.6 124.7 119 114.6 107.5 100.8 92.2 81.9 72 64.2 55.4 44.5 36.9 27.7 18.2 13.1 8.4 5.2 5.6 6 6.5 6.6 6.7 7.4 12.3 25.3 28.7 20.8 11.7 8.4 -2.7 -2.7 -2.7 -2.7 -2.7 -2.7 -2.7 -2.7 -2.7 -2.7 -2.7 -2.7 -2.7 -2.7 3.9 9 11.7 8.5 5.9 6.2 -2.7 -2.7 5.1 6.6 6.3 -2.7 -2.7 -2.7 6.2 5.9 5.7 6.1 5.3 6 5.8 5.8 5.9 5.7 5.6 5.8 6.2 6.1 6.1 6.1 5.9 6 6.5 6 6.6
129.2 128.2 128.4 128.2 131.5 133.9 135.8 133.4 125.2 117.4 111.5 104.1 97.1 86.4 78.2 68.7 58.7 47.8 40.6 31.3 22.9 15.7 10.3 5.9 5.5 5.4 5.7 5.9 5.6 6.6 11.7 28.6 30.8 21.1 11.1 -2.7 -2.7 -2.7 -2.7 -1.7 -0.9 -2.7 -2.7 -2.7 -2.7 -2.7 -2.7 -2.7 -2.7 -2.7 5.1 5.9 8.2 6.8 5.8 5.7 5.8 -2.7 -2.7 6.7 6.2 -2.7 -2.7 6.3 6.2 6 6.3 6.5 6.6 6.6 6.4 6.4 6.8 7.4 7.5 7.5 7.2 6.9 6.8 6.6 6.4 6.2 6.4 7.3 8.1
130.9 133.9 132.4 132.9 137.6 141.6 142.6 138.3 128 119.5 113.2 106.9 100.2 91.7 82.5 71.3 62.4 51.9 41 33.4 25.9 19.2 15 8.6 6.5 5.8 5.5 3.2 5.7 6.1 11.6 31.1 33.1 22.8 8.2 -2.7 -2.7 -2.7 -1.2 -0.1 0.9 1.8 1.9 -2.7 -2.7 -2.7 -2.7 -2.7 1.5 4.8 5.2 5.1 5.5 5.4 5.7 6.4 6.8 -2.7 -2.7 -2.7 -2.7 -2.7 5.6 6.7 6.3 6 7 8.1 8.1 7.9 8.1 8.7 9.1 9.2 9 8.8 8.5 8.3 7.3 7.1 6.9 6.8 6.5 7.2 8.2
133 133.2 135.2 138.6 144.3 148.4 143.6 138.9 130 121.9 116.7 110.4 100.6 92.6 83.4 71.1 63.1 55.3 43.9 34.8 29 24.8 21.2 12.1 8.8 7.3 6.7 6.2 5.9 5.8 8.1 30.1 35.2 24.9 9.5 -2.7 -2.7 -2.7 -0.3 1.1 2.4 4 7.4 6.9 6.5 5.8 6 5.5 4.9 5.7 4.8 4.9 5.2 5.5 5.6 6.5 8 8.2 -2.7 -2.7 -2.7 -2.7 5.6 6.1 6.1 6.1 8.3 8.9 9 9.2 8.8 9.2 9.3 9.3 9.1 8.9 8.8 9.1 8.6 8.2 7.3 7.7 7.4 6.2 6
133.8 132.7 138.1 145.7 146.1 147.8 139.9 134.9 129.5 122.8 118.4 107 99.7 91.5 83.6 73.5 63.5 56.6 45.7 36.9 31.9 30.4 23.8 16 14.3 10.2 7.4 6.8 5.9 5.6 6.3 28.1 35.2 22 9 -2.7 -2.7 -2.7 0.2 2 3.4 7.4 6.7 6.8 6.3 6.1 6.1 4.9 4.9 4.9 4.7 4.8 5.1 5.5 6.3 9 9.4 7.3 -2.7 5.9 -2.7 6.6 6.3 6.1 6.2 6.2 7.8 9 9.1 9.3 9.6 9.2 9.3 9.3 9.1 9 8.8 9 8.7 8.7 8.5 8.5 8.6 7.6 6.9
133.7 131.6 138.6 143.9 141.4 141.9 135 131.4 129.6 122.9 114.2 108.3 98.9 88.2 81.3 74.4 64.9 57.9 48.3 40.6 37.8 35.4 28.8 20.1 21.6 13.6 6.7 6.5 5.9 5.7 6.8 22.7 27 8.8 -2.7 -2.7 -2.7 -2.7 1.1 3 5.1 6.3 6.4 6.6 6 6.2 5.5 4.8 4.7 4.8 4.7 4.7 5 5.8 7 11.1 8.9 7.2 6 7.1 6.5 6.8 6.6 6.3 6.2 6.3 8.3 8.7 9.1 9.4 9.3 9.3 9.3 9.3 9.2 9 8.9 8.9 8.8 8.8 8.8 8.9 9 8.5 7.2
133.9 131.5 132.5 137.3 134.9 133.1 128.8 126.8 125.1 121 115.8 108.1 95.8 86.2 80.9 73.5 65.6 58.4 50.2 43.1 40.1 37.2 31.3 25.1 25.5 18.5 6.7 6.4 5.7 6.3 -2.7 10.2 19.9 9.3 -2.7 -2.7 -2.7 0.5 3.5 5.3 6.5 5.8 6 6.4 6 6.1 5.8 5.1 4.5 4.7 4.8 4.7 5.4 6.6 7.8 9.6 9.8 8.5 7.5 7.5 6.8 6.9 6.7 6.5 6.3 6.9 7.2 8.5 8.9 9 9 9 9 9.1 9.1 9.1 9 8.9 8.9 8.8 8.8 8.8 8.8 8.7 7.8
135.6 128.9 125.2 129.4 128.7 127.4 122.8 123.2 122.1 117.7 113.9 105.7 92.4 84.9 79.9 74.2 64.4 57 50.7 48 44.6 39.1 36.4 30.3 29.3 22.7 8.8 6.7 6.9 6.6 -2.7 4.3 8.7 9.3 -2.7 -2.7 -2.7 7 5.2 5.2 5.2 5.5 5.8 6.1 6 5.8 5.4 5.2 5 4.9 5 5.1 7.7 8.7 9.1 9.9 10.6 9.4 8.8 8.1 7.3 7.1 6.9 6.6 6.4 6.2 6.4 8.3 8.5 8.6 8.7 8.7 8.6 8.5 8.7 8.8 8.8 8.8 8.9 8.8 8.8 8.8 8.8 8.7 8.1
133.3 124 119.5 121.8 122.8 122 116.7 117.6 117 114.9 109.9 99.7 89.9 82.8 78.3 72.1 62.8 57.7 54.2 53.9 50.9 45.9 37.9 34.6 33.3 24.9 11.5 6.7 6.8 6.7 -2.7 -2.7 9.4 -2.7 -2.7 -2.7 -2.7 5.2 5.2 5.2 5.4 5.6 5.8 6.1 6.2 5.8 5.5 5.2 5 5 5.4 6.5 9.7 10.5 11.1 11.5 10.6 9.5 10.3 9.2 8.1 7.2 7 6.7 6.5 6.4 6.3 7.8 8.1 8.2 8.4 8.2 8.1 8.1 8.3 8.4 8.4 8.6 8.8 8.8 8.8 8.8 8.8 8.8 8.6
