GeneralExemplars/GeoExemplars/data/LakeDistrict/terrain-50-dtm_3563996/sd/SD38.asc
ncols 200
nrows 200
xllcorner 330000
yllcorner 480000
cellsize 50
[rows 37 to 73 of 200, columns 0 to 84 of 200]
148.3 159 165.8 172.6 176.4 178.7 179.4 179.9 176.7 172.2 166.6 160.7 156.1 151.8 148.4 140.8 131.4 122.2 113.9 108.5 122.2 133.8 135.2 141.5 145 143.5 132.6 123.2 121.6 118.1 110.4 106.6 108.4 97.3 93.1 87 92.8 95.3 94 92.7 91.1 89 80.9 89.7 106.5 122.4 108.5 84.5 77.6 68.8 56.6 51 48.5 52.4 46 39 32.3 35.5 30.3 25.4 22.8 21.1 18 16.9 12.9 7.6 6.1 7.5 8.1 8.2 8 7.5 6.1 5.8 5.1 5.9 6.4 6.8 6.1 5.5 5.2 5.4 8.1 12 25.6
149.5 159.7 167 172.8 177.5 180 178.7 178 176 171.7 165 159.2 154.5 151.3 147.8 142.3 133.2 124 113.9 106.6 115.8 125.2 129.6 136.5 139.2 136.1 130.3 122.7 120.1 115.5 109.8 107.9 104 94.7 87.3 86.3 87.4 87.7 86.1 85 84 79.5 82.1 101 120.8 118.2 102.5 83.3 74.5 60.8 45.7 47.1 51 47.2 39.2 34.4 38.3 33.8 31.3 30.6 29.9 26.5 24.5 21.3 14.8 7.5 6.1 7.8 8.2 8.1 8.1 7.8 6.6 6.3 6.1 6.2 6.4 6.6 6.3 5.8 3.1 5.5 8.7 15.5 27.5
150.4 160.7 168 173 178 177.6 177.3 177.2 175.1 169.3 162.2 157.5 153.7 150.9 146.7 141.9 135.1 124.9 114.8 106 109.2 117.8 119.9 127.3 132 129.3 126.5 121.8 119.8 118 112.9 107.3 101.3 97.2 87 81.9 84.7 84.5 81 77.9 75.8 78 89 106.6 118.4 111.8 97.1 79.4 67.2 45.3 42.9 44.4 47.4 38.3 34.7 36.3 40.2 36.2 36.4 38 35.1 30.4 24.4 18.6 14.9 7.7 6.3 7.7 8.1 8.1 8 7.2 6.9 6.4 6.5 6.7 6.8 6.8 6.5 5.6 5.1 5.1 12.3 20.6 29.4
151.3 161.2 168.6 172.7 176.6 176.5 176.1 175.3 174.1 167 160.2 156.3 153.2 151.2 146.8 141.8 135.6 124.9 115.3 106.9 103.9 110.8 116.7 120.1 120.7 124.7 124.7 123 121.9 117.9 112.7 110.7 107.3 96 85.9 84.9 80.6 80.5 76.4 75.8 76.9 83.1 93.9 105.2 112 109.8 95.9 67.7 48 43.3 41.9 44.4 39.5 36 38.5 40 37.1 38.5 45.8 45.3 38.3 32.2 30 21.8 16.4 6.5 6.6 7.4 7.9 8.4 8.1 7.1 6.5 6.6 6.9 7.1 7.1 7 6.8 6.1 5.1 5.3 11.2 22.2 31.4
153.1 161.9 168.3 171.3 173.7 174.6 174.6 172.7 169.3 164.1 159 154.8 152.9 151.8 147.7 141.8 135.4 125.3 114.9 106.8 101.8 111 115 114 118.1 121.5 124 122.8 121.3 120.1 117.8 114.4 101.9 93.1 86.4 85.7 81 76.4 75.4 77.3 83.3 90.6 97 105.6 108 99.6 72.6 56 46.6 44.6 41.9 44.2 40.5 42.1 42.6 39.7 37.5 45.2 48.5 48.1 41.1 35.8 33.2 26.3 16 8.9 6.3 7.5 7.3 7.9 7.9 7 6.3 6.6 6.9 7.2 7.1 6.9 6.7 6.2 5.6 5.3 7.2 17.3 28.9
155 162.1 167.6 169.8 172.1 173.5 172 170.4 165.7 161.3 156.3 152.9 151.5 150.5 148 142.3 134.9 124.7 114.7 105.8 99.2 111.6 113.8 111.5 115.3 119.9 125.8 123.7 124.7 124.8 119.8 112.2 103.7 94.4 85.3 80.6 75.9 76 75.4 78.5 92.6 96.2 96.6 102.7 99.4 78.8 62.4 55.4 52.7 48.9 47.6 45.7 43.8 45.9 39.9 40.9 41.7 48.5 51.3 51 47.1 45.4 36.6 26.2 17.4 12.7 6.9 6.2 6.2 6.1 6.1 6.3 6.2 6.5 6.8 7 6.9 6.8 6.4 5.9 5.4 5.6 5.5 12.9 25
156.6 161.9 166.9 169.3 171.5 172.6 170.7 167.6 164 159.3 154.4 151.1 149.9 149.1 147.6 142.7 134.1 123.6 113.5 104.1 102.7 112.3 109.7 107.7 111.8 122.3 126 126.4 128.5 125.6 122.1 116 105.6 95.4 81 75.8 74 76.5 77.6 90.7 93.1 97.6 96.4 94.9 82.7 66.6 61.5 59 59.2 48.2 47.6 42.7 43.1 42.5 40.2 40 46.8 51.7 56.4 52.6 54.8 49.5 35.6 30.6 24.1 17.2 8.7 6.9 7.3 7.7 6.2 6 5.8 6.3 6.8 6.8 6.9 6.9 6.5 6 5.4 5.6 7.8 12.5 24.5
157.8 163 168.1 169.5 171.1 172.5 173.8 167.7 161.9 156.7 153.5 149.7 147.9 146.9 145.2 140.2 131.5 120.5 109.3 103.9 103.2 109.6 104.3 103.9 112.5 124.7 128.4 128.2 128.9 129.6 123.1 114.7 104.2 88.5 77.1 75.5 73.5 76.7 86.7 96.3 98.8 102.2 92 90.2 75.8 66.2 61.5 59 54.2 46.4 44.4 42 42.3 42.6 43.8 42.3 49.8 56.2 58.5 63.3 59.6 51.2 38.6 33.8 28.7 18.9 8.5 9.4 13.1 13.1 8.4 6.2 5.7 5.8 6.4 6.9 6.9 6.9 6.7 5.8 5.4 5.7 9.4 13.9 24.7
160.9 166 169.2 169.6 171.4 172 171.9 163.5 158.2 156.4 151.9 147.6 144.5 143.5 141.1 135.3 126.8 116.4 107.5 100.6 100.4 103.7 98.4 104.3 114.5 127.7 129.6 129.3 129.8 129.3 121.9 111.5 100.4 80.7 75.6 71.7 72.8 83.9 91.3 101.6 101.4 100.5 92.2 78.2 74.3 72.7 64.5 52 47.4 44.9 43.6 42.9 43.7 44 44.3 43 50.1 59.3 61.7 67.5 62.1 52.4 44.6 41.7 31.4 20.2 15.5 17.6 18.9 15.3 9.6 7.3 6.9 5.5 5.9 6.4 6.9 6.6 6 5.5 5.1 6 8.2 12.5 20.9
163.2 166.8 169.1 170.1 170.5 170.1 166 159.8 158.1 153.4 148.9 144.4 141.6 140.1 136.6 130.5 122.7 114 106.1 96.9 97.5 97.8 95 106.9 114.4 124.5 127.1 128.7 131.1 125.7 118.6 108.5 96.2 77.1 75.3 71.5 80.6 88.8 91.3 104.2 102.9 100.1 94 78 77.6 69.3 57.2 50.4 51.5 47.1 44.5 44.7 45.8 46.3 42.1 41.1 50.1 61.4 67.6 67.9 61.2 59.1 53.4 44.2 32.3 23.5 18.4 23.5 26.2 21 14 14.4 15.1 8.5 5.5 6 6.5 6.7 5.8 5.5 5.2 5.6 6.8 11.4 17
162.4 167.3 168.4 170.1 168.3 166.1 162.6 156.4 153.9 149.2 144.8 140.8 138.4 136.7 132.7 126.6 120.3 111.5 103.2 99.5 89.2 89 95.3 102.3 108.2 117 123.7 127.2 127.9 121.6 114.7 105.4 88.9 76.8 70.1 83.1 87.7 92.8 95.5 105.2 104.8 100.8 85.5 73.9 69.9 60.3 54.5 53.1 55.1 52.7 47.3 50.7 47.4 48.2 44.1 41.9 53.9 62.9 67.8 64.9 62.5 64.3 61.8 46.2 39 27.1 22.2 31.3 33 26.8 18.7 24.7 23.3 10.2 6.3 5.7 5.7 5.8 5.4 5.2 5.2 5.8 6.1 11.1 15.7
161.7 163.3 166 166.9 164.6 162.3 158.1 153.2 149 144.9 140.4 137.4 135.5 132.9 129.8 124.4 118 109.2 102.3 103.6 100.1 89.1 90.1 99.5 109.2 115.4 118.7 123.5 129.7 119.7 108.1 96.3 77.2 68.8 77.8 89.4 92.4 93.3 100.1 102.4 100.2 91.6 81.1 71 60.8 57 56.7 54.7 54.7 53.6 51.4 49.9 50.1 51.7 41.4 46 56.2 60.1 65.8 64 67.3 66.2 63.3 49.4 37.3 34.5 28.6 32.1 36 30.7 25.6 30.2 22.2 11.9 6.7 5.8 5.5 5.3 5.3 5.5 5.3 5.8 5.4 11 15.5
159.8 159.6 162.6 163.5 161.1 158.9 154.8 149.9 146.4 142 137.1 135.2 133.5 130.8 127.2 122.3 115.4 105.9 101.5 106.2 100.5 89.5 88.8 102.2 111.7 116.4 117.4 117.2 125.2 118.7 106.2 86 69.7 67.9 79.6 90.2 93.3 91.5 95.3 95.2 93.7 88.9 73.4 62.7 61.3 61.3 61.3 57 56.6 56.3 53.4 51.7 52.7 52.4 41 50 54.3 60.7 60.9 63.4 69.4 67.6 63.8 52.6 41.8 41.9 33.5 33.7 33.7 35.4 30.8 31.8 23.2 15.7 11.6 5.3 5.3 5.6 5.3 5.5 4.5 5.6 5.1 9.6 13.2
156 156.5 159.2 159.1 157.2 154.6 151 146.6 143.5 139.9 135.9 133.6 131.7 129.1 125 120.5 114.3 103.5 103.4 108.4 102.1 89.6 91.8 105.9 112.1 119.8 116.8 113 112.4 105.4 92.1 72.8 66.7 68.6 80.6 91.1 92.2 87.5 91.4 94.2 90 76.8 67.2 62.5 65.4 64 61.7 60.3 59.7 59.1 55.3 54.3 53.1 48.4 42.5 50.6 52.8 57.8 60.4 65.5 68.8 69.1 67.9 60 49.7 46.6 38.7 35.8 32.9 30.1 31.3 33.1 27.8 21.6 13.7 8.2 6.6 6 5.9 5.9 3.1 5.8 5.1 6.1 9.3
151.1 152.2 154.8 154.4 152.8 150.2 146.7 144.4 140.9 137.3 134.3 132.4 130 126.7 123.2 117.3 109.6 100.2 104.6 108.8 98.9 87.2 91.8 106.9 113.5 120.1 116 109.4 103.9 93.5 77.6 66.6 66.7 73.4 81.9 88.8 90.3 85.6 89.9 90.1 87.4 80.5 69.4 65.3 66.4 65.1 61.9 61.4 63.9 60.2 56.8 55.6 53.5 48.8 45.1 51.3 54.2 56.2 57.5 64.6 72 76.6 72.1 62.5 59 54.6 44.4 40.6 33.4 29.2 36.4 39.3 32.3 27 20 18.4 10.7 7.5 9.4 10.1 7.6 4.7 5.5 3.7 7
144.1 145.8 150.1 149.8 148 145.7 143.3 140.7 137.9 134.8 132.3 130.4 128 124.6 120.9 114.2 105.8 97.9 104.8 105.1 94.8 83.5 93.1 110.7 119.6 115.2 112.8 101.4 92.9 79.3 67.2 66 68.4 75.3 81.3 82.8 87.3 82.1 87.6 92.4 90.7 83.3 75.6 70.2 67.5 65.6 63.8 61.2 64.1 62.6 58.3 57.1 56.5 53.1 47.5 51.2 54.8 55.5 56.4 65.3 74 80.7 75.2 65.6 67.3 55.9 48 41.8 30.7 29.8 38.1 39.5 39.8 31.2 23.4 21.3 17.5 16.3 16.5 17.7 11.8 5.3 5.5 6.4 6
137.5 142.1 144.9 145.1 143.4 141.5 139.4 136.9 134.2 131 129.1 127.8 125.9 122.8 118.4 112.9 105 98.1 102.8 101.2 91.2 81.8 97.7 110.4 113.6 108.6 102.5 96.3 82.1 75.7 66.6 71 68.1 72.1 76.1 76.4 81.4 86.2 89.5 92.3 92.3 85.2 77.8 70.6 68.3 63.2 60.8 64.6 68.2 64.6 61.3 59.9 58 55.5 51.1 51.9 53.3 53.3 58.7 69.3 75.4 86.1 76.1 71.4 72.7 63.6 49 34.4 31 30.8 39.1 43.3 44.1 33.4 27.9 28.4 27.7 25.8 23.3 23.9 18.5 7.1 5.3 5.7 5.2
130.5 136.3 139.8 141 139.8 137.5 135.5 133 130.2 128.3 126.9 125.3 123.7 121 116.6 112 103.7 96 99.1 97 84.8 84 99.7 106.6 105.2 99.2 91.2 83 74 67.4 71.1 71.8 65.3 66.2 74.3 79 84.1 88.3 93.4 97.7 95.5 86.2 77.5 71.1 67.6 62 60.8 64.7 67.9 62.7 63.4 64.2 62.1 58.5 53.1 54.5 53 52.8 58.9 74.3 79.8 87.7 79.7 72.2 72.3 64.8 53.1 34 29.8 29.8 34.4 47.9 47.7 35.4 34.6 33.6 34.6 32.1 30.8 29.7 23.6 14 5.6 5.9 5.1
124.3 129.9 135.6 137.4 136.6 136 134.6 131.6 129 128.3 127 125 122.3 119.6 116.1 111.2 103.8 95.4 94.2 94 82.2 80.9 97 102.9 100.1 88.9 80.4 76 66.1 74.1 73.5 65.8 64.8 67.4 72.8 79.4 86.5 91 98 102 92.1 82.1 75.6 70.7 65 61.3 60.5 64.5 62.8 64.9 67.9 66.8 62.1 60.3 54.7 54.8 52.6 52.3 57.3 73.6 81.1 88.4 79.6 73.6 71.4 59.7 50.9 38.4 29.8 29.8 34.9 45.5 40.7 34.2 39.7 35 39.5 37.9 36.9 35.1 27.3 20.7 10.1 6 5.3
122.3 129 133.5 136.3 135 134.1 133.8 132 129.4 128.3 128.2 125.7 122.7 119.3 116.2 111.7 104.8 97.6 90.1 87.2 81 78 89.9 93.9 87.1 81.9 73.1 68.1 66.1 73.7 70.5 67.2 64.9 67.1 73.9 79.8 87 91.7 96.9 99.1 88.1 80.5 73.8 71.3 65.7 61.7 60.6 61.4 61.9 67.5 72 67.1 65 59.4 56.9 54.5 51.4 51.4 58 68.1 80.4 81.6 79.2 75.3 71.4 64.4 57 42.5 32.4 33.3 39.7 45.2 43 47.2 37.9 35.8 41 43.9 44.9 42.1 35.5 27.3 13.5 5.5 5.6
123.2 132.2 134.3 135.8 134.1 132.6 132.4 131.7 130.8 129.7 129.9 127.1 124 119.4 115.3 111.8 105.5 97.5 90 83.6 79.8 78.3 84 86.3 80.1 72.4 66.2 68.9 73.7 76.7 68.2 65.4 63.8 66.4 73.3 81.2 86.6 90.1 95.9 93.1 86.8 79.1 73.5 74 70 63.9 60.8 61.5 64.7 74.4 71.5 67.1 64.5 61.5 56.5 54 50.4 50.7 59.5 65.2 76.4 82.7 80.7 77.8 73.1 68.6 56.6 41.1 32.9 40.5 49.4 49.1 47 48.8 40.5 41.6 46.8 49.6 52 48.2 40.2 31.1 20.8 9.6 6.2
122.9 133 136.1 135.1 134 132.1 132.7 131.9 133.8 133.3 132 128.3 124.9 122 117.7 111.7 104.4 100.9 93.7 87.5 82.5 72.4 78.4 79.2 73.4 64.9 65.4 69.9 72.4 70.9 64.7 63.6 62.3 65.6 73 79.4 84 88.9 94.2 88.3 84.1 75.2 76.8 76 72 65.9 61.2 61 68.6 76.5 76.9 67.4 62.3 59.9 55.3 52.5 50.1 51.8 59.2 64.2 75.4 82.3 82.8 82.4 78.5 67.9 53.6 37.9 31.5 43.6 51.7 53.9 48.1 44.7 45.5 49.2 52.5 55.6 57.6 52.1 43.1 34.2 26.8 18.9 6.3
126.8 135 134.2 134.4 133.9 132.3 135.9 136.1 136.6 137 136.1 131.9 128.2 125.1 121.1 111.8 108.6 105.2 97.4 91.4 83.9 69.1 74.6 70.9 63.2 60.7 61.6 66.1 67.1 66.4 61.5 60.5 65.2 67.5 74 81.5 84.1 87.9 90.7 87.5 81.6 76.4 77.1 74.1 69.6 64.9 62.3 61.1 69.1 77.4 74.4 64.9 61.7 58.6 53.9 51.2 50.5 51.8 57.7 59.7 74 80.7 85 86.9 79.5 63.3 47.3 33.7 31.2 44.2 51.5 50.1 49 51.2 47.9 48.7 53.7 58.8 61.6 57.7 47.3 38.1 32.9 26.1 12.7
132 135 134.1 136.5 134.4 136.3 140 141 141.9 141.6 140.8 136.5 131 128.3 125.3 119.7 113.7 106.7 98.1 94.9 86 67.9 69.9 64.8 60.9 59.3 62.1 62 62.6 62.5 58.6 63.5 70 71.9 78.2 83.4 83.8 86.5 89.4 84.5 79.1 76.4 76.4 74.7 73.9 71.5 62.2 61.1 66.9 76.4 70.4 61.5 63.6 56.8 52.2 50.7 50 51.2 55 57.3 72.8 81.9 84.7 82.9 75.1 57.6 45 34 30.7 41.4 45.4 49.3 54.2 53.8 50.2 51.9 55.3 58.9 64.4 58.8 50.7 40.4 37 31.8 16.4
126.4 129.1 137 139.6 139.3 142.2 143.8 144.6 146.5 146.5 145.5 142.6 135.4 131.5 131 126 116.5 107.6 99.6 97.3 82.6 70.5 65.2 62.6 61.8 58.9 57.7 57.6 59.4 57.6 63.4 72.9 78.2 80.4 85.3 86.7 85.4 87.3 88.8 83 77.9 76.4 76.5 74.5 74.1 73.2 61.9 62 68.5 72.6 63.9 62.2 64.7 53.8 52.7 51 49.8 50 53.7 59.6 68.1 75.2 80.4 76.7 65.7 51.3 42.7 35.1 30.4 34.1 43.7 50.2 54 53.5 54.1 57.4 57.8 61.2 67.4 59.5 52.7 43.9 38.2 31.1 17.5
121.9 131.5 139.2 144.9 147.5 147.6 148.7 150 152.4 152.5 149.3 146.5 143.4 140 136.3 126.9 118.7 110.1 101.7 96.8 80.2 69.8 62.8 63.5 59.2 57.6 56.6 55.8 55 56.2 65 76.7 85.6 90.8 90.6 88.9 88.1 88.7 87.8 84.7 76.6 76.3 75.7 72.3 72.5 68.2 62.9 63 65.3 67.9 61.5 65.1 64.4 54 53.9 53.6 51 49.4 51.9 53.2 60.8 66.4 74.9 69.4 56.7 50.3 42.3 33.2 32.6 32.4 39.9 48.6 54.5 51.5 55.1 61.4 63 66 68.3 62.3 55.9 45.2 34.9 28.9 16.7
126.6 134.8 142.8 145.8 146 151 154.6 157 158.9 158.4 153.7 150.5 146.9 142.9 137.1 130.2 122.7 113.2 102.2 93.5 80 70.4 64.9 59.7 57.9 56.9 55.9 55.2 54.5 55.6 62.7 78.6 91.3 99.2 97.4 91.3 90.7 89.1 87.6 83.8 77.5 75.5 73.4 72.3 68.4 63.3 63.9 63.1 64.7 62 61.3 67.3 66.3 56.3 54.3 57 51.5 48.4 48 50.6 52.4 56.9 61.7 59.1 50.7 47.1 41.7 29.6 31.3 30 36.1 45.3 50.9 47.1 56.3 63.3 69.5 73.3 68.3 61.6 55.7 44.2 36.8 29.8 22.5
129.2 138.2 145.9 146 150.9 156.3 160.3 162.9 165.6 162.8 157.6 153.3 149.7 145.2 140.2 135 125.2 113.4 102 90.9 80.2 71 64.8 60.9 57.2 56.3 55.7 55.2 54.5 54.7 61.9 75.2 91.7 103.3 100 93.7 91.2 89.6 85.6 80.9 76.8 74.6 73.1 70.3 66.6 64.2 63.6 62.5 62.5 61.2 62.3 69.1 68.5 55.6 56.2 62.8 60.8 50.9 46.9 46.4 47.4 50.9 51 51.9 45.6 39.2 37.4 30.3 27.4 27.8 31.8 39.3 42.1 45.4 56.4 64.9 74 71.6 64.7 57.8 52.8 47.1 39.8 29.7 25.1
137 143.5 147.2 153.3 162.4 163.7 165.9 170 173.3 165.6 160.3 155.8 152 147.3 143.9 139.4 128.2 115.1 101.1 90.8 78.9 71 65.4 59.9 56.7 55.8 54.8 53.7 54.1 54.5 60.9 67.8 85 98.3 96.6 95.1 90.6 85.5 81.9 79.3 77.2 75.5 71.1 67.4 66.5 65.7 62.9 63.2 61.4 62.6 64.9 67.3 67.9 56.6 61.1 64.6 62.9 53.6 48.4 46.2 45.9 47.7 47.8 43.2 37.4 36.1 38.4 28.2 23 25.1 28.5 32.7 38.3 46.1 54.1 59.8 67.1 64.7 63.3 59 54.6 50 42 31.3 26.2
146.2 149.2 151.5 156.1 161 164.1 169.1 175.2 176 168.6 163.2 157.5 153.1 149 146.1 137.3 124.4 112.1 103.6 91 79.9 71.3 64.7 58.9 56.4 56.3 55.3 54.1 54.1 53.8 57.4 65.3 78.5 91.4 96.4 95.8 91.1 84.7 79.1 77.8 76.4 73.5 70.9 68.1 65.3 65.2 63.1 62.6 60.8 67.2 68.2 70 67.3 54.9 62.9 64.7 61.2 55.6 49.9 47 43.9 45.3 42.3 40.2 32 34.6 35 26.1 19.2 23.3 26.5 31.4 39.5 50.5 56.4 58.4 62.1 67.7 63.5 58 55.4 51.8 43.1 32.5 24.7
157.5 157.1 154.9 155.3 159.1 163.7 168 173 174.3 168.4 161.8 155.7 152.8 150.3 142.5 136.7 132.9 125.2 109.3 93.6 81.8 68.9 62.3 59 56.6 57.5 54.9 53.9 53.1 53.3 57.2 64.3 77.3 89.7 95.9 94 91.8 83.7 79.3 77.2 77.6 76.1 71.9 67.5 65.6 66.5 63.8 61.6 61.3 69.4 72 73.5 68.6 56.9 62.6 64.6 63.4 56.4 51.1 46.2 43.6 44.7 39.1 32.2 26.5 30.2 31.9 22.5 20 24.2 24.5 29.9 41 54.2 58.9 59.8 63 64.7 61.8 54.8 52.4 51.2 46.2 35.7 23.2
167.9 164 158.8 156.1 157.7 161.4 165 167.9 169 162.7 160.5 155.9 152.4 148.5 149.7 152.2 145.6 129.8 110.3 93.2 81.8 70.2 63.4 58.3 56.5 58.1 54.1 53.1 52.6 52.4 53.6 60.6 73.7 86.2 94.7 93.9 90.9 83.5 79.1 77.4 75.3 74.7 70.6 69.4 69.7 67.5 64.1 62 61.8 68.3 70.2 72.8 67.9 59.9 63.5 64.6 65.6 60.1 52.2 45.9 42.5 47 38.8 28.2 22 21 23.4 19.7 19.5 21.3 21.3 28 43 56 59.5 61.6 63.8 62.7 58.8 53.8 50.3 47.8 44.1 36.6 24.8
167.2 164.7 160.2 157.3 158.3 158.1 156.8 165.1 165.6 159.8 155.6 151.5 150 157.1 163.9 160.5 147.5 130.6 111 93.4 82.9 71.4 64 57 56.6 56.9 53 52.6 52.5 52.2 53.9 59.8 71.2 85.6 93.5 96.8 95.5 89.4 82.4 78.2 77.2 75.7 71.5 70 68.6 65.6 64 62.9 62.6 65.6 70.4 72.3 66.8 64.3 69.1 66.2 65.4 62.5 52.1 45.5 40.6 46.3 37.7 30 18.7 19.1 22.2 18 17.3 16.8 19 29 44 53 57 60.7 64.3 63.3 58.4 53.4 49 44.5 39.9 33 27.3
167.4 166.4 161 156.5 156.1 152.8 158.8 165 162.5 155 152.1 152.2 155.2 167.1 170.2 160.6 143.3 126.6 110.1 92.9 81.3 72.9 64.9 59.5 55.7 55.5 51.9 51.9 51.9 51.9 53.8 58.8 72.1 83.3 93.7 99.8 99.2 94.8 89.2 87.4 83.1 77.5 74.9 70 67.6 66.5 65.8 63.6 66.9 71 72.9 73.8 67.4 65.8 72 70.6 64.9 62.3 49.1 42.8 38.7 46.2 29.7 23.1 16.9 18.8 18.9 15.6 14 15 18.3 27.5 40.9 47.6 51 59.5 62 60.8 56.9 51.5 46.8 42.3 38.9 36.5 30.9
167.5 168.4 162.5 153.5 153.3 147.6 156.8 155.1 153.1 148.9 150.4 152.9 163.9 169.3 164.5 153.3 138.3 123.9 109 94 83.5 73.7 64.4 59.3 57 54.2 51.6 51.2 50.9 51.5 52 55.3 67.2 79.6 93.6 98 99.2 96 98.7 97.7 91.7 85.4 75.9 71.6 71.1 68 66.3 64.3 66.4 69.4 70.6 71.5 66.7 66.5 72 70.9 67.8 63 48 38.3 37.2 36.4 27.6 21.9 16.5 18.3 15.7 11.8 11.8 14.8 18.5 25.7 36.4 42 48.9 56.5 57.5 57.2 54.8 49.7 46.1 42.1 39.7 36.2 30.8
162.2 163 156.5 148.1 150.1 143.9 148.5 147.1 145 146.8 146.6 155.9 165.3 165.6 158 148.2 134.8 121.8 109 94.6 81.1 72 65.2 61.7 56.8 53.1 51.1 50.7 50.8 49.7 51.3 53.6 59.8 73.8 91 96.2 100 101.9 104.9 102.4 99 92.7 83.1 79.7 77.3 72.3 68.6 65.7 65.8 65.7 66.1 67 63.6 65.9 71.5 69.7 67.2 63.6 46.9 38.5 35.1 33.5 23.7 19.1 15.1 15.3 12.4 10.1 13 15 17.8 24.1 32.8 39 47.5 52.6 53.5 54.1 54.2 50.4 47.6 43.7 37.2 31.4 27.9
151.5 149.9 145.3 141.1 140.9 136.4 144 140.1 140.4 142.5 149.7 161.7 162.8 161 152.5 142.4 130.3 118.5 105.8 91.9 78.8 71.4 70 63.9 56 52.9 50.5 50.3 50.2 50.2 50.8 56.8 62.6 71.2 86 96.3 103.7 105.9 110.6 109.1 104 97.1 89.1 85 82.7 76.9 73 70 65.3 63.7 62.7 63.2 60.3 62.5 69.7 64.5 67.8 58.3 48.7 36.4 26.5 26.5 18.5 20.8 16.1 12.4 11.4 10.3 12.2 14.1 16.4 21.7 28.8 37.6 46.2 49.1 51.1 52.9 53.6 50.3 48.2 43.6 35 29.1 24.4
