GeneralExemplars/GeoExemplars/data/LakeDistrict/terrain-50-dtm_3563996/sd/SD38.asc
ncols 200
nrows 200
xllcorner 330000
yllcorner 480000
cellsize 50
[rows 111 to 147 of 200, columns 85 to 169 of 200]
46.7 47.6 67.7 76.4 75 61.4 53.4 47.9 50.8 70.6 85 90.8 91.2 86.5 79.7 72.6 67.9 66.6 61.3 60.4 37.1 27.6 23.2 22.8 21.7 17.8 17.2 25.3 44 54.8 61.1 67.8 78.1 89 98 105.6 110.7 111.3 115.9 129.9 139.9 148.1 152.5 154.8 149.2 147.4 144.4 139.9 136.5 135.4 136.8 138.9 140.8 140.9 144.4 143.8 136.1 125.6 122.6 116.8 103.6 91.4 83.7 77.7 76.3 77.7 80.6 77.6 77.5 78.2 81.1 85.1 87.5 87.8 89.4 92.4 88.4 83.7 78.9 76.1 74.6 79.7 76.2 71.4 71.4
31.3 44.4 68.1 74.5 67.4 55.4 46.9 41.9 43.4 60.8 75 79.3 76.7 68.4 58.1 51 48.8 47.7 44.5 29.2 30.1 24.2 22.6 22.2 22.1 13.8 23.6 34.2 53.1 63.8 67.4 73.3 84.6 94.9 103.3 114 116.9 114.7 115.7 131.3 143 152.4 150.3 153.5 147.8 146.4 144.1 143.1 135.3 132.9 131.7 134 141 145 142.6 136.7 131.5 125.2 119.3 110.7 102.5 87.5 82.3 78.5 78.9 80.4 83.4 82.1 84.3 81.7 83.9 88.7 91.7 96.1 99.2 97.7 94 88.5 83.2 79.3 77.6 81.7 76.5 70.5 70.6
24.7 42.7 64 65.5 54.1 46.8 38.8 34.9 36.4 49.6 59.4 66 62 53.3 42.6 35.2 34.9 28.7 31.8 31.2 27.3 24.9 23.2 21.1 13 24.1 34.7 48.2 58.7 68.5 72.1 80.1 90.7 98.2 109.5 118.3 117.8 114.7 122.9 137.4 142.2 147.9 147.4 147.7 149.6 150.6 150.3 146.4 141.4 133.7 131.5 130.2 137.8 141 136.5 131 122.5 118.2 112.1 104.7 94.3 86.5 83.5 84.6 84.1 82.9 87 85.4 86.8 87.3 89.6 93.9 99.7 103.5 102.5 101 98.8 94.6 89.1 83.1 81.1 84.1 76.4 70.3 70
20.4 31.6 52.6 43.7 41.5 36.8 29.6 25.1 34.8 47.3 53.1 54.2 46.9 35.9 27.8 25.6 28.8 28.6 28 26.4 23 24.3 20.7 13.3 31.1 38.3 47.5 58.4 63.6 74.3 79.4 86.8 95.3 101.7 109.9 113.8 113.4 118.8 133.2 140.9 145.9 147.3 149.1 153.6 156.2 155 151.6 148.1 143.8 138.3 130.8 127 129.2 134.1 128.9 125.7 121 114.9 108.2 97.9 91.2 86.6 85.8 86 87 86.5 89.9 87.8 89.6 91.8 93.5 98.2 104.6 107.5 105.2 103.9 100.8 96.3 90.9 85.4 84.5 86.2 76.4 69.9 69.5
20.3 22.7 28.5 31.9 35.7 30.2 19.4 21 28.1 43.3 49.4 40.9 30.3 26.1 25.7 25.1 25 25.2 24.2 21.2 16.8 12 19.6 28.8 41 48.8 58.2 66.6 73.4 80.3 85.5 92.6 101.8 104.8 110 111.7 118.2 123.1 132.5 145.1 148.5 150.7 156.3 161.9 160.3 160.5 161.1 157 153.1 142.8 131.1 125.2 126.1 125 120.6 114.7 115.2 110.3 103.1 93.7 87.3 88.8 88.5 89.6 87.6 89.2 93.5 90.5 92.4 96.1 98 101.4 107.1 109.9 109.3 108.9 104.2 97.9 91.7 86.5 85.4 85.4 75.7 69.8 69
14.2 20.5 26.7 24.6 23.2 23 23 23.2 23.6 24 24.2 24.3 24.4 24.4 24.8 25.1 21.7 20.8 16.7 10.5 12 21.7 32.7 43 46.1 56.1 67.1 74.9 81 86.1 93.1 104.3 106.6 108.2 108.8 109.3 112 123.5 136.9 147 152.2 156.1 165.4 168.1 168.4 171.8 175.6 168.8 153.4 144.3 134 123.8 120.6 115.8 114.2 113.4 111.3 103.1 95.9 89.9 89.8 93.2 93.2 92.8 90 95.4 98.3 96.2 96.6 99.4 101.7 104.3 109.5 112.8 112.6 111.1 104.5 99.7 93 87.2 84.3 83.4 76.2 71 68.7
15.3 18.5 20.7 21.9 22 12.8 12.4 13.1 18.3 22.2 24.7 25 25.6 25.6 24.7 22.7 18.2 14.5 9.9 16 26.7 35 44.8 52.5 57.7 63.7 73.1 80.1 87.3 93.4 104.1 106.4 108.8 109.2 108.9 109.3 116.3 129.5 139.7 145.3 153.5 162.8 168.9 174.2 181.3 184.8 178.4 164.6 156.6 145.5 131.7 125.2 117.9 113.9 111.9 108.8 105 98.3 94.4 93.3 92.9 94.4 93 93.4 98.5 99.1 99.1 98 98.3 102.3 104.1 104.6 109.9 112.5 112.7 109.6 104 101.2 96 89 83.1 81.9 77 73.2 69.4
16.1 16.6 15.2 14.8 13.6 12.1 15.6 15.6 19.6 20.4 22.1 22.7 21.9 18.5 16.3 15.2 10.7 12.1 19.1 29.6 39.4 47.1 52.8 59.5 66.4 72.3 77.7 87.4 95 105 105.9 111.9 109.8 110.5 109 110.8 123.5 133 146.4 155.1 163.1 170.5 176.1 182 188.5 180.7 168.7 163.7 156.1 138.5 129.6 123.3 118.8 111.6 108.3 106.3 101.7 97.6 96.2 95.1 94.4 93.8 98.8 97 98 100.9 101.4 101 99.9 103.2 105.5 105.1 108.6 111.3 112.7 109.4 106 103.2 97.3 88.9 83.5 82.6 77.8 74.9 71
12.3 14.6 12 14.4 14 12.4 12.7 16.4 18.5 18.1 17.7 14.3 11.8 7.3 8.9 9.1 13.4 20.9 32.3 42.6 49.8 53.9 59.4 65.1 70.4 76.9 87.5 95.4 98 103.8 110.7 113.5 110.1 110 111.3 117.2 128.4 140.9 148.5 160.2 170.5 178.9 189.4 187.7 183.2 175.7 166.1 157.7 144.9 133.6 127.3 122.1 116.3 111.5 107.5 104.2 101.8 99.4 96 94.3 93.4 93.8 97.9 98 100 102.9 101.5 101 101 104.4 107.6 106 107.7 110.4 110.8 108.9 106.8 104.2 99.2 92.7 86.9 82.5 77.9 73.8 68.9
9 11.5 13.9 17.1 17 14.2 12.8 16.5 14.3 13.4 11.9 7.1 7.3 12.4 13.3 11.4 24.7 35.8 45 51.7 55.8 60 63.8 68.7 76.2 87.9 96.7 94.1 96.1 101.3 109.7 115.3 111.1 110.9 113.8 124.9 134.2 143 153.6 166.5 177.4 185.2 191.5 184.9 179.7 176.1 165.3 152.2 141.7 133.3 127.1 121.5 116.6 111.7 108.2 103.3 100.3 97.5 96 95.4 93.9 95 98 101.4 104.4 107.3 104.5 101.9 102.1 105.1 108.1 105.5 106.5 108.6 109.2 107.9 106.6 104.5 101 95.1 87.7 81.3 76.9 72.7 69.6
7.1 9.5 13.1 18 13.5 13.1 10.6 14.9 12.3 4.7 4.3 10 13.2 13.2 12.4 23.4 33.4 44.1 51.4 57.3 61.9 65.5 68.9 75.2 84.9 94.1 94.3 92.3 95.3 103.2 119.3 116.1 112.1 111.4 119.2 129.9 142.5 150.4 161.3 172.3 181.9 182.5 184.8 178.5 178 169 155.9 150 140.7 134.4 128.8 122.4 117.3 113.7 111 105.5 104.1 102.9 100.2 95.7 95.2 94.2 95.2 103 110.6 113.1 107.8 103.8 104 106.2 107.9 106.1 106.4 107.4 108.3 107.4 106.7 105.3 103.2 94.9 86.2 80.4 77.7 73.9 69.7
7.2 9.8 12.6 17.9 11 12 8.5 6.8 3.6 4.5 7.8 10.5 12.7 13.1 21.5 32.6 44 51.4 57.9 64 69.6 71.5 74.3 80.5 86.8 91 91.6 92.8 98.4 109 116 115.4 113.4 118.5 128.2 139.1 149.2 157.4 163 180.3 182.6 181.2 177.5 173.5 166.7 160.2 153.7 144.6 140.7 136.4 129.3 124.1 119 119.5 117.7 116.7 116.2 111 104.3 98.3 95.6 94.9 96.2 104.4 113.4 115.6 109.8 104.7 104.6 106.7 106.8 107.7 105.7 107.3 105.8 104.5 105.1 106.1 101.5 93.5 85.7 80.8 77.5 74.1 70.4
10.1 11.9 9.8 10.7 10.1 6.9 4.6 5.8 3.6 8.6 9.4 11.5 11.2 19.7 29.8 40.2 50.2 56.4 64.2 71.5 76.2 76.6 80.2 84.3 87.5 91.1 97.9 102.4 106.3 110.4 115.7 119.9 121.6 127.2 135.8 147.3 154.1 158.4 169.7 181.6 182 180.2 173.7 166.2 164.1 156.5 149.5 146.2 141.5 136.3 133.5 123.6 122.6 123.8 123.5 124.7 122.3 113.1 108.4 100.2 97.3 96.5 97.5 105.6 112.3 114.9 109.6 104.3 104.3 105.8 107.3 107.7 106.7 105.9 105.3 103.7 103.6 104 98.7 92.5 85.6 80.5 76.2 73.1 71.4
11.3 8.9 9 9.2 9.3 6.7 3.6 3.6 7.9 8.6 10.9 11.2 18.9 27.1 36.1 44.7 55 64.9 73.2 79.6 78.7 80.1 88.5 92.1 93.1 101.9 106.1 106.1 108.3 112.8 119.3 123.5 129.1 134.1 142.2 152.2 159.8 167.9 172.3 177.1 182.9 178.3 166.8 165 159.6 153.5 146.4 145.8 141.8 138.3 128.5 122.8 124.4 126 128 130.6 125.6 119.8 113.5 108.1 102.8 99.4 98.1 104.2 110.1 113.1 108.6 102.9 103.9 106.8 106.8 107.5 108.5 104.8 104.5 103.5 102.7 100.3 97 91.8 84.8 79.8 76.2 72.9 71.5
7.9 8.6 8.9 9.1 8.3 5.5 3.6 6.1 11 11.4 12 18.1 23.8 31.7 40.2 49.6 59.7 71.6 82 83.1 80.2 86.7 96.5 96.3 100.6 106 107.8 112.7 116.5 120 125.4 130.2 137.8 141 147.1 154.1 161.5 170.9 174.4 175.6 175.2 172.1 160.3 156.2 152.4 147.6 146.8 145 137.6 129.1 129 124.3 126.5 128.9 135.9 137.8 131 122 120.3 117.3 110.1 103.1 99.9 101.3 106.6 109.9 107.1 102.3 103.6 107.8 108.7 106.3 106.5 103.2 104.6 102 100.8 99.7 97.6 92.4 84.2 80.6 77.2 73.5 71.8
7.3 8.1 7.8 7.4 6.5 5.8 4.1 7 9.5 12.5 17.1 24.3 28.6 35.3 43.7 54.2 64.8 75 83.4 80.8 80.8 92.1 98.1 100.9 105.8 111.7 118.2 123.5 127.7 130 130.3 134.2 142.1 145.3 152.3 157.9 164.7 171.6 177.1 175.8 172.9 163.3 152 150.2 144.8 140.6 140.3 137.5 132.7 132.1 125.3 126.1 130.9 137.5 141.6 140.2 134.5 133.3 134.4 127.2 115.6 108.2 101.8 100.3 101.4 104.2 102.3 99.7 103.2 107.7 108 104.6 103.3 101.1 100.2 99.3 98.9 99.2 97.4 94.2 85.9 79.8 74.8 72 71.3
6.7 6.4 6.7 6.3 5.3 3.1 5.4 7.5 12.9 15.2 19.2 25.7 32.3 39.5 48.6 58.5 68.2 76.2 79.7 81.2 85 93.8 99.2 108.9 117.9 123.9 131.2 136 137.8 139.7 136.4 138.8 146.9 148.4 155.5 160.8 169.2 174.2 179.4 175.3 166.6 153.6 149.4 145.8 139 139 139 137.3 138.9 129.5 128.9 137.4 135.2 141.1 142.8 141.3 138.8 142.9 142.9 132.2 114.7 109.8 105.1 100.6 97.9 98.3 97.4 98 102.9 107.3 107.8 103.5 102.2 101.8 98.5 97.5 98 99 96.5 92.8 84.5 78.9 73.6 71.1 70.6
6.5 5.6 4 2.7 6.1 6.5 6.7 9.6 14.1 16.3 20.3 27.2 36.6 44.2 53.1 62.2 70.3 76 79.2 85.3 90 96.7 105.3 116.1 126.3 134.6 142.2 147.1 149.7 148.7 143.9 144.7 149.8 150.9 156.1 166.7 170.1 176.8 175.5 162.8 157.9 149.4 142.2 139 139 139 139.6 144.5 140.4 136.3 135.9 135.9 138 141.1 144.2 143.4 142.4 151.3 145.8 130.1 124 114 106.6 100.5 95.8 95.7 95.3 97.1 103.6 108.3 109.1 104.1 101.8 99.4 97.2 96.9 97.6 97.4 94.9 89 82.5 78.4 72.9 71.2 69
2.9 3.2 5.6 6.3 6.3 6.6 7.4 10.3 15.6 18.4 22.1 30.5 40.4 48.4 55.4 63.3 71.5 76.3 81.8 87.9 92.6 101.9 114.3 123.4 133.4 143.9 151.4 161 162.1 154.8 148.1 150.8 154.5 156.7 163.2 167 168.9 171.9 166.4 157.4 149.2 142.2 139 139 139 139 143.1 143.2 140.4 142.4 142.7 136.9 138.2 139.1 139.5 139.1 144 150.6 141.4 135.4 127.9 114.2 105.4 100.3 94.4 93.5 94.1 98 104.8 110 110.2 104.8 101.2 100.1 97.4 96.5 98.5 98.5 91.9 86.1 81.3 77.3 73.1 70.7 70.6
6.4 6.4 6.3 6.3 6.8 7.7 8.4 11.2 16.3 20.6 27.2 35.9 45 49.8 56.7 63.3 70.4 76.9 84.2 90.5 99.2 111.7 120.7 131.3 144.5 157.4 166.1 174.8 167.6 153.7 152.9 157 160.4 164.6 167.8 169.1 171.2 169.3 159.4 150.9 144.7 142 139 139 139 139 139 141.7 142.8 143.3 141.4 139.4 137.9 137.2 135.3 136.3 139.2 141.7 141.3 131.5 123.4 112.4 104.1 100.5 93.6 92.9 93 97.3 105 111.4 111.1 106 101.7 100.1 96.7 96.1 97.5 95.1 93.1 87.8 79.3 75.7 75.1 73.5 69.6
7 6.5 6 6.9 7.3 8.2 9.4 12.3 22.2 26.6 32.2 40.3 46.9 51.4 55.1 61.5 68.6 77.4 85.6 93.6 105.2 119 129.7 143 157.6 169.1 177.8 177.4 162.2 155.6 158.1 161.8 164.7 169.9 170.6 171.9 173 164.9 154.2 147.6 143.4 141.1 139 139 139 139 142.2 143.2 143 140.8 140.4 140.6 137.5 136.2 134.1 134.4 135 132.5 131.8 123.2 116.8 108.5 103.6 99.5 95.6 93.1 92.5 97.9 103.9 111.8 112.2 108.3 104.9 98.4 96.4 96.2 96.8 96.9 92.9 87.2 79.5 76.3 76.6 75 71.5
6.6 6.4 6.3 6.8 7.2 11.1 15.6 21.7 28.7 33.2 37.1 42.3 47.5 51.1 55.2 60.7 66.4 73.6 87.6 97.1 107.8 120.5 134.2 150.4 162.9 173.3 177 170.1 159.3 158.2 161.6 164.7 167.1 169.9 172.4 173.1 169.5 159.3 147.9 146.7 144 141.6 139 139 140 139.5 139.6 143.3 140.4 140.1 139.4 138.4 138.8 136.1 134.5 132.6 132.2 128.5 124.5 117.7 110.8 106.6 101.5 97.6 97 96.6 92.4 97.6 103.3 112.6 114.3 112.1 108.8 101.9 96.6 97 98.1 98.2 92.3 85.7 81.4 76.9 76.4 75.5 72.5
6.3 6 6 6.8 10.1 15.7 19.5 25.9 34.2 39.6 39.9 43.3 46.9 50.9 55.5 61.2 65.6 77.4 90.3 102.3 110.6 121.1 135.2 151.7 163.4 168.8 172.4 170.4 160.6 160.5 164.8 167.8 173 174.2 173.8 171.6 165.3 157.9 152.2 148.6 146.3 142.5 139.2 138 145 139.1 138.9 140.7 141 142 141.4 142.8 141.7 137.4 131.6 129.7 127.7 124.1 119.3 112 107.7 103.2 99.9 99.2 98.9 96.7 92.8 97.5 102.9 111.7 115.6 115.2 110.9 104.6 98.3 97.1 99.9 97.1 92.1 86.4 81 78.2 80.9 80.6 72
6.4 6.1 5.4 7.2 12.8 17.1 20.2 24.3 32.5 36.9 38.6 40.7 44.5 51.4 58.6 63.8 72.2 83.1 94.3 105.6 114.5 123.1 135.6 150.3 162.1 169.5 172.8 170.9 162.3 164.3 167.4 172.7 178.5 176.4 174.1 171.4 167.9 160.6 156.7 150.4 143.4 140.2 138.9 139.8 140.8 138.8 144.4 148.7 143.9 143.5 144.5 145.6 144.4 134.2 129.4 126.7 124 121 116.3 110 104.2 99.8 98.6 101.8 100.1 96.2 95.1 95.1 101.9 109.8 113 114.2 111.4 105.7 101.5 98 96.2 94.3 90.5 85.2 81.1 81.4 86.6 79.7 71
5.5 5.4 5.1 8.4 13.9 16.7 19.2 22.9 28.5 34.4 39.8 44.7 48.9 54.4 61.9 68.5 79.4 90.1 99.2 108.7 117.9 128.2 139.8 155.9 165.9 172.7 171.9 169 164.1 166.6 170.2 177.1 176.3 174.9 172.3 172.9 168.2 162.9 157.6 148.2 142.3 142.8 137.6 136.6 138.7 138.7 145.7 146.4 148.7 145.3 144.8 145.1 142.4 132.4 127 125.1 123.5 120.1 113.9 108.1 102.1 99.3 99.2 99 100.6 96.4 92.4 92.5 98.3 103.5 106.6 108.8 107.3 103.3 100.2 97.7 94.5 91.6 88.2 84.3 80.9 80.1 79.7 78 71.9
5.6 5.7 6.4 10.7 15 17.3 22.1 26.1 31.2 38.1 45.3 52.4 57 63.8 72.1 79.2 87.3 97.5 105.5 113.5 122.8 132.2 147.7 165.3 167.1 170.6 169.6 163.9 163.9 167.1 171.7 177.1 176.1 173.2 170 167.1 164.5 158.6 152.2 147.5 142.8 141.8 136.7 135.6 136.8 137.5 143.2 145.2 146.8 147 146.7 146.6 138.3 129.2 124.9 123.3 123 119.7 112 106.4 101.9 99.2 98.9 97.7 99.7 94.3 91.8 93.2 92.5 95.4 99.8 101.9 101.7 99.7 97.9 97.1 92.4 88.7 85.9 82.4 79.6 79.2 80 77.5 71.5
5.8 5.9 7.3 15 18.2 19.7 22.2 28.2 34 42.3 51.9 59.2 67.9 77 83.9 92.2 102.2 107.2 112.8 118.5 127.7 135.8 151 165.3 166 167.3 166.6 160 162.9 166.1 175.5 178.7 172.1 169.4 166.1 162.3 153 147.2 146.9 144.4 142.3 143.5 137.5 134.4 133.3 134.3 139.9 143 143.9 145.3 146.6 143.9 134.9 127.6 124.4 122.2 118.7 117.6 110.9 105.3 101.5 99.1 98.7 96.4 96.7 93.7 91.5 91.5 91.2 92.6 96.1 98.6 99.2 97 95.4 95.2 92.1 86.8 85.3 81.2 79.8 80.2 81.5 77.6 71.6
5.9 6 12.6 18.3 17.7 18.9 20.6 27.1 35.3 47 58.3 68.7 78.2 86.8 95.4 103.9 109.3 115 122.8 128.5 133.3 139.9 150.8 161.7 165.2 163.9 158.8 158.7 161.1 168.9 177.9 173 168.6 167.9 163.1 157.1 151.2 148.4 145.8 144 142.6 141.6 138.1 134.3 132.2 134.1 140.6 138.4 137 138 144.9 142 134.8 128.4 126.2 122.4 117.7 112.5 109.4 105.3 101.8 97.8 95.7 94.8 94.7 91.7 91 91.7 90.9 91.6 95.3 99.4 99.3 95 92.8 92.5 89.5 84.7 83.7 81.3 82 81.6 81.8 77.6 72.2
6.7 6.5 16 17.3 17.4 18.7 19.8 25.6 38.4 49.8 63.1 74.8 86.9 95.5 103.7 109.8 114.8 123.1 134.9 144.8 149.1 147.4 154.9 165.6 162.1 158 158 158 160.8 172.8 178.3 170.5 169.1 166.1 164 159.5 156.9 153.9 146.5 145.3 142.7 139.3 135.3 131.8 129.8 132 135.1 131 131.6 134.5 137.3 139.5 134.8 132 126.9 123.5 117.1 113.1 110 105.9 101.7 96.8 93.2 93.9 92.8 91.4 94.4 96.2 92.5 90.8 93.8 97.5 97.3 93.1 90.8 89.5 82.8 79.2 81 81.8 82.3 82.3 80.1 77.3 74.5
8.3 7.5 14.3 16.2 17.4 18.4 19.6 25.7 39.9 52.3 66.3 79.7 89.1 97 105.6 113.6 119.7 130.9 146.3 158 163.9 164 156 160.1 158 158 158 158 165.2 176.2 173.3 168.9 165.6 161.7 161.5 160 156.6 154.9 150.3 146.5 143.8 138.5 132.5 130.7 126.8 126.8 128.9 129.2 125.8 127.8 131 132.6 131.2 127.7 128.3 123.7 117.1 114.9 111.1 106.9 100.8 96.9 93.4 92.3 91.3 93.8 98 101.8 97.7 93.1 91.9 94.6 94.6 91.5 88.8 88.5 82.7 77.9 80.3 81.5 82.5 80.7 77.2 78.2 74.4
7.8 8.6 11.8 15.1 16.2 16.8 21 26.2 41.5 54.8 69.1 81 90.1 97.2 104.3 113.8 125.3 141.6 155.4 172.3 178 181.1 168.2 160.2 158 158 158 158 166.6 173.7 169.9 165.7 163.7 162 162.1 160.6 157.6 153.9 152.3 150.3 143.2 135.9 133.2 128.9 127.2 126.5 126 126.6 124.7 124.2 125.4 126.9 125.3 124 122.3 121.8 116.9 115.2 112 107.2 101.9 98 93.2 92.2 91.8 97 101.8 106 100.2 95.3 91 90.5 90.5 88.7 85.8 85.5 79.7 76.7 79 79.8 79.9 77.3 74.7 73.2 71.2
6.1 7.1 10.4 13.2 14.7 16.6 22.7 27.2 44.4 57.6 70.8 81.9 90.2 95.9 107.2 118.3 135.2 152.8 169.7 179.5 187.5 189.3 181.3 161.9 158 158 158 158 163.1 167.9 166.9 164.5 164.9 165.4 162.7 159.1 156.5 154.1 149.8 145.9 138.9 134.8 131.3 131.4 126.3 127 125.4 122.3 121.9 121.8 122.2 120.8 120.7 120.7 117.4 119.4 117.8 113.8 110.9 106 103.2 99.4 94.7 92.3 91.8 97.1 104.4 107.7 101.8 96.9 91.5 86.9 87.8 84.6 81.9 80.9 76.6 74.5 75.1 77.5 77.7 77.3 72.5 71.6 68.9
6.2 6.3 9.3 11.7 10.9 19.6 30.1 37.9 49 60.3 71.1 82.1 91.8 102.6 115.3 128.2 145 161.8 172 184.5 193.9 193.1 184.3 170.7 158 158 158 158 163.8 168.5 167.5 166.8 166.4 169.8 165.7 161.2 156.2 153.4 149.2 142.6 135.8 131.7 128.8 128.7 125.4 124.3 124.6 120.6 120.1 119.1 118.3 119.8 118.7 117.2 115.9 119.6 117 114.1 108.2 107.6 107.4 101.8 96 93.6 91.7 95.2 101 102.7 98.8 92.4 88.3 85.5 84.6 82.5 81.1 81.1 77.9 74.1 75.7 76.2 75.2 74.3 73.6 70.4 68.3
6.4 6.3 7.6 10.1 11.9 25.1 33 44 56.9 70 80.5 90.9 101.5 111.4 123.5 138.1 154.5 164.9 179.5 189.6 198.3 197.2 185.4 170 158 158 158 159.7 168.3 171.8 173.1 172.5 173.3 169.6 166.5 162 158.3 152.3 149.5 145.2 135.5 130.1 127.6 125.4 125 124.4 123.5 119.4 118.9 118.6 118.3 118.8 118.4 116.6 116.8 115.4 114.3 112 106.5 110.6 108.2 100.9 97.3 93.4 92.5 93.5 94.6 94.9 93 89.4 86.6 82.6 82.4 81.1 83.6 80.6 79.3 73.9 76.4 77.2 75.7 72.9 73.7 71.2 68.6
7 6.5 9.7 15.6 23.6 29.4 36.8 50.1 65.9 79.2 89.9 100.9 111.2 118.9 129.7 144.6 161.5 175.6 188.2 190.3 197.4 184.9 174.5 169.8 162 162.4 163.1 167.5 175.3 180.4 180.9 177.3 175.7 174.1 169.2 162.8 156.6 151.8 149.7 145 136.5 128.5 127.4 125.4 125.6 126.1 123.8 120.7 120.7 120.4 121.2 118.3 115.8 115.2 115.7 114.1 111.2 109 107.8 108.7 104.7 102.1 99.5 95.8 94.1 91.1 89.4 89.1 89.3 87.1 83.8 79.9 77.9 78.2 80.8 80.8 77.2 72.8 78.7 80.1 79.5 72.5 73.4 73.6 69
7.3 6.6 10.3 16.3 23.9 30.5 41.4 57.8 74.5 88.1 99.2 108.4 116 123.1 132.7 150.2 167.1 181.5 187.9 180.4 181 177.5 172.7 177 170.2 169 169.5 176.4 183.3 187.9 188.8 183.3 180.5 176.9 169.2 161.6 153.7 149.6 148.1 143.9 140.8 132.1 128 127.3 126.9 125.9 127.1 126.5 126.6 120.7 121.1 120.9 119.4 117.4 114 111 111.1 109 105.2 101.9 102.8 105.1 98.6 96.8 93.9 91 88.4 87.7 89 86.3 82.6 76.1 74.6 74.4 77.7 79 77.6 71.6 77.8 83.7 78 73 74.3 75.7 70.3
7.7 7.3 10.7 17.9 25.1 34.7 47.1 63 77.3 91.9 101.9 113 120.4 126.3 136.1 154.2 169.1 170.4 168.1 166.7 168.5 171.6 183.6 178.5 179.4 173.7 177.8 185.4 189.2 194.8 195.1 193 189.8 177.6 168.6 162.1 155 149.5 146.9 143.8 139.7 132.8 131 129.2 130 131.8 133.8 131.6 129.3 125.2 128.8 128 124.9 120.2 116.3 111.1 109.1 107.5 104.1 104.4 108.2 103.2 99.2 96.1 93.1 88.1 87.8 87.3 88.3 84.6 80.2 74.2 70.2 70.7 73.9 74.2 71.3 71.4 77.4 83.9 78.1 73.1 73.3 75.3 71
