GeneralExemplars/GeoExemplars/data/LakeDistrict/terrain-50-dtm_3563996/sd/SD39.asc
ncols 200
nrows 200
xllcorner 330000
yllcorner 490000
cellsize 50
[rows 108 to 143 of 200, columns 0 to 80 of 200]
46.3 43.2 43.2 43.2 43.2 43.2 43.2 43.2 43.2 43.2 43.2 43.2 43.2 43.2 43.2 48.5 57.9 71.6 86.7 103.5 120.8 135.2 151.3 161.9 172.6 180.5 187.2 193.8 199.3 204.9 210.3 213.5 222.5 230.2 233.4 239.6 245.2 252.5 259.5 262.5 265.6 270.4 276.8 279.9 282.3 286.7 285.7 285.2 283 281.8 276.8 271.8 270 263.7 255.5 249.4 237 224 211.1 196.7 184.8 169.3 153.7 150.1 132.5 123.9 113.4 116.2 125.4 133.3 123.6 103.9 116.6 134.5 139.8 155.2 161.1 163.2 166.6 169.4 174.5
46.4 43.2 43.2 43.2 43.2 43.2 43.2 43.2 43.2 43.2 43.2 43.2 43.2 43.2 43.2 48.4 57.2 73.4 89 105.5 122.6 141.7 158.8 168.9 180.2 187.9 194.4 201.4 207.5 212.9 218.3 222.5 227.1 232.3 236.9 243.5 249.4 255.9 261.4 264.6 267.6 271.7 279.5 282.3 284.5 286 288.2 288.7 283.2 281.8 278.5 279.6 277.2 270.6 260.4 251.1 237.6 223.4 210.8 196.9 181.9 167.4 152 142.6 127.5 118.4 110.8 107.1 116.3 125.1 116.3 104.3 115.8 133.6 139.5 139.6 148.3 153.9 159.9 167 168.2
43.9 43.2 43.2 43.2 43.2 43.2 43.2 43.2 43.2 43.2 43.2 43.2 43.2 43.2 43.2 49.5 59.4 74.7 92.9 110 128.1 148 164.4 175.9 188.3 196.2 202.4 209.8 215.1 220.1 225.5 229.9 233 235.5 240.7 247.5 253.8 259.2 263.1 267.2 269.9 273.4 278.7 282.2 285 285.6 287.7 285.4 281.4 282.3 287.3 290.6 285 276.5 264.6 252 237.7 222.6 209.7 196.1 180.5 166 155.1 140.2 124.7 117.4 108.7 104.6 107.6 111.5 104.5 100.7 117.7 135 137.6 129.8 138.7 146.4 153.3 162.2 160.4
43.2 43.2 43.2 43.2 43.2 43.2 43.2 43.2 43.2 43.2 43.2 43.2 43.2 43.2 43.2 52.3 61.4 77.1 96.9 115.6 135.5 154.7 171.8 185.9 198.2 205 210.8 216.9 223.3 229.5 232.4 236.7 240.9 242.8 247.3 251.4 256.4 261.9 264.3 267.9 274.3 279.7 280.6 282.3 284.5 285.1 286.9 285 282.7 288.2 297.1 299.2 289.3 278.6 264 249.5 235.8 221.7 208.6 194.5 179 166.2 154.4 140.9 125.5 116.5 109.1 103.3 101.4 101.7 101.1 104.1 117.6 131.8 132.7 123.4 130.6 138.7 148.5 153.9 150.5
43.2 43.2 43.2 43.2 43.2 43.2 43.2 43.2 43.2 43.2 43.2 43.2 43.2 43.2 48.8 56.5 65.9 81.9 100.5 122.2 143.5 165.1 182.2 197.6 208.4 212.9 217.8 223.6 229.6 235.8 240.4 244.5 248.6 252.8 256 259.1 261.8 263.6 264.9 267.2 274.1 281.9 282.5 282.8 282.6 281.9 281.6 276.6 282.4 296.7 307.2 302.2 289.5 277.2 261.7 248.4 236 219.4 208.1 194 177 164.2 152 137.9 125.1 114.6 107.6 102 99.3 100.4 101.5 104.3 110.6 127 124 117.1 123.1 138.6 149.8 153 143.7
43.2 43.2 43.2 43.2 43.2 43.2 43.2 43.2 43.2 43.2 43.2 43.2 43.2 43.6 53.1 61.4 74 89.5 108 130.5 153.3 176.5 199.1 212.4 216.9 219.3 224.9 232.2 237.6 243.7 249.2 254.3 258.3 261.8 263.5 266 266.9 265.3 265.3 266.2 272.8 279.2 281.6 280.9 279.1 275.9 274.7 281.3 290.1 301.6 307 296.8 286.9 273.7 257.5 246 232.9 217.1 206 192.7 177.3 164.4 151 137 127.5 115.8 106.8 103 98.4 98.9 106.2 105.8 108.4 117.8 112.8 110.6 120.4 140.3 151 150.8 136.9
43.2 43.2 43.2 43.2 43.2 43.2 43.2 43.2 43.2 43.2 43.2 43.2 43.9 48.1 56.1 65.9 80.2 97.4 118.7 141.8 164.4 192 216.1 220.9 225.5 227.7 233.6 241.1 247.8 254.4 259.8 264.2 268.4 271.6 271.9 270.5 268.1 265.8 265.4 266 270.3 276.2 279 278.3 275.7 273.2 277.6 288.3 296.3 301.3 297.8 289.7 280.6 269 253.6 243.4 232.8 217.3 202.5 190.9 173.3 162.1 149.6 137.1 127.5 118.3 107.4 102.7 96.7 104.5 114.8 108.6 106.3 106.3 106.4 104.2 118.4 138.2 149.6 139.6 138.7
43.2 43.2 43.2 43.2 43.2 43.2 43.2 43.2 43.2 43.2 43.2 43.2 43.2 51.1 59.4 71.1 87.5 107.3 128.8 152.4 178.1 205.3 221.6 228.9 235.1 236.6 243.1 251.2 259.3 264.5 269.7 274.1 277.7 280.6 279.9 276.4 268.1 264.2 264.5 265.8 269.6 273 275.2 275 271.4 271.4 279.9 293.6 297.2 294 289.5 282 274.1 264.4 251.8 240.2 230.2 216 202.9 188.1 172.1 161.6 149.7 137.8 127.6 118.1 108.2 100.9 95 107.5 114.2 104.8 99.1 99.9 96.8 98.3 110.9 133.1 135.6 126.9 136.7
43.2 43.2 43.2 43.2 43.2 43.2 43.2 43.2 43.2 43.2 43.2 44.4 45.6 53.8 63.2 76.8 92.3 115.2 137.9 161.4 189.2 214.6 229.4 238 244.3 246.3 252.3 262.3 270.1 275.7 280 282.9 285 285.8 284.2 279.9 270.4 263.2 263.1 264.7 267.4 269.4 271.2 268.2 264.7 270.7 282.8 289.5 287.4 287.1 283.4 276.2 268.7 262 253.8 242.4 230 215.4 200 185.6 171.9 164.1 153.1 141.2 128.1 117 108.4 101.1 94.8 101.3 106.4 98.6 96.8 95.4 92.3 93.3 104.4 119.4 120 124.2 140.4
43.2 43.2 43.2 43.2 43.2 43.2 43.2 43.2 43.2 43.2 43.2 43.2 47 57.2 69.3 83.4 99.5 122.8 145.6 172.7 200.5 223.7 236.4 247.1 253.9 257.1 264 275.4 280.3 281.3 282.6 287 288.5 288.4 286.6 279.7 271.4 262.5 261.7 263.1 264 265.1 265.6 261.1 263.2 271 279.2 281 280.5 281.2 277.7 270.2 264.1 258.9 252.6 242.4 227.1 210 193.3 183.4 173.8 167.9 155 140.3 127.9 118.3 109.4 101.3 94.3 93.4 94.4 92.8 93.1 91.8 91.5 91.9 101.4 110.8 114.7 131.3 149
43.2 43.2 43.2 43.2 43.2 43.2 43.2 43.2 43.2 43.2 43.2 43.2 50.9 59.6 74 89.8 109.3 131.3 155.4 183.4 209.3 232.1 244.8 255.8 264.1 269.8 276.4 281.4 283.4 284.4 284.8 287.8 289.7 288.8 285.1 278.1 270.5 263.7 260 259.9 260 260.4 258.8 256.3 260.5 267.3 273 274.7 275.7 274.6 270.3 264.8 259.2 254.4 248.6 237.8 222 202.1 189.6 183.2 176.9 168.9 154.6 138.5 125 116.4 110 100.5 93.3 92.5 92 91.4 91.3 91.8 92.8 94.2 99.1 106.8 122.8 140.4 156.1
43.2 43.2 43.2 43.2 43.2 43.2 43.2 43.2 43.2 43.2 43.2 49.2 54.6 64.6 81.1 97.8 118.3 140.4 166.2 193.8 218.8 239.8 255.4 264.4 272.8 277 278.1 281.3 285.6 284.8 283.5 285.6 288.1 285 280.1 273.9 268.8 262.4 257.1 256.3 255.9 254.4 250.9 251.4 254.2 260.1 265.1 268 267.7 265.4 261 257.3 253.5 249 242.4 231.5 221 201.9 189.5 183.3 177.8 169.5 156.7 137.9 123.4 123.7 115.4 104 92.1 91.9 91.4 90.9 90.6 91.2 92.7 95.1 99.2 115.1 133.6 147.9 161.2
43.2 43.2 43.2 43.2 43.2 43.2 43.2 43.2 43.2 43.2 48.1 51.8 58.1 72.7 89.5 106.7 126.8 149 176.5 203.5 230.2 249.9 266.6 271.7 277.6 277.6 276.4 277.4 279.6 280.7 280.8 283.2 284.3 280.1 273.4 268.5 263.8 259.1 253.5 253 251.9 248.3 246.6 246.3 248.5 253.6 258.1 258.5 258.8 257.4 251.4 249 245.9 242.1 234.5 228.2 218.5 206.6 192.7 184.1 178.6 169.7 158.2 136.6 126.9 130.5 118.8 106.1 93.3 92.1 91.4 90.8 90.3 90.8 92.8 95 106.7 125.5 144.4 153.4 162.9
43.2 43.2 43.2 43.2 43.2 43.2 43.2 43.2 43.2 43.2 50.8 55.8 66.2 82.7 100.1 115.7 135.4 159.8 186.9 212.7 239 261.4 275.3 277.7 280.9 278.8 276.1 273.1 274.4 276.7 277.3 279.1 279 274.1 265.9 262.4 259.2 254.5 251.9 249.3 247.7 245.3 244.1 243.9 247.9 249.9 251.6 249.6 249.7 247.8 243.3 241.8 239.5 235.6 229.2 225.4 219.4 208 192.6 184 175.1 164.7 153.5 134.5 129 131.4 120 103.5 91 91.5 91 90.5 90 90.5 91.9 99.8 117.4 135.7 147.1 155.4 161.3
43.2 43.2 43.2 43.2 43.2 43.2 43.2 43.2 43.2 46.4 58.3 64 75.2 92 109.3 124.4 142.3 168.7 196.4 223.3 248.8 274.4 279 280.1 282.4 279.4 276.4 272.3 271.1 272 272.7 274.1 271.5 266.4 258.7 255.6 254.2 253.4 253.3 251.1 247.4 246.5 244.3 243.8 243.4 246.1 244 241.1 241 238.7 236.5 236.8 236.3 231.4 226.1 224.1 215.1 200.7 193.6 188.1 177.1 164.1 149.5 131.8 123.6 125.9 117.1 100.1 90.2 90.5 90.1 89.9 89.9 90.1 93 107.5 125.8 140.5 152 154.6 156.9
43.2 43.2 43.2 43.2 43.2 43.2 43.2 43.2 45.8 55.5 62.2 70.5 82.6 97.7 114.6 131.9 152.1 178.2 206.4 233.7 260.8 280.3 282 282.5 282.6 279.1 276.8 270.5 267.2 267.3 266.7 266.1 265.1 260.5 255 252.7 252.8 254.4 256.5 253.7 252.6 251.9 247.7 241.5 241 240.5 237.9 232.7 232.2 229.2 228.2 228.1 232.1 228 224.7 219.7 210.5 206.5 200.2 188.6 172.6 159.2 144.2 128.8 118.7 115.2 112.2 98.2 91.3 89.9 89.8 89.7 89.5 89.9 99.4 116 132.3 145.4 152.7 153.4 153.5
43.2 43.2 43.2 43.2 43.2 43.2 43.2 43.2 48.8 56.7 65.5 78.4 92.7 106.1 123.8 142 164.1 187.1 219.6 250.5 267.2 279.4 284.2 284.6 282.4 277.6 271.9 265 261.5 260.4 259.5 257.8 257.5 254.7 251.4 251.3 252.2 254.6 256.8 255.5 255.7 256 249.9 243.3 239.8 234.9 231.7 226.8 224 221.4 220 219.8 224.2 224.6 222.9 220.6 220.2 212.8 199.8 183.9 168.5 154.5 141.4 127.4 116.7 111.1 106.6 96.9 90.9 89.5 89.2 89 88.7 90.5 105.5 121.4 135.9 148.7 149.9 150.4 150.5
43.2 43.2 43.2 43.2 43.2 43.2 43.2 43.2 52.7 65.6 78 88.4 99.6 114.4 132.1 151.4 172.1 195.8 226.9 256.9 277 283.9 286.2 288.1 283.4 276.4 268.2 261.2 256.4 254.1 252.1 250.8 248.6 247.6 248.7 250.1 250.9 252.2 253.2 254.4 257.1 257.2 254.2 242.9 235.9 230.3 227.7 221.9 218.1 214.8 213.7 216 218.7 220.9 222.3 224 221.1 211.5 197.2 180.8 165.8 152.9 139.4 126.8 114.9 109.7 102.5 94.7 90.9 89 88.9 88.8 88.6 95.3 109.6 125.2 138.3 147.9 150 150.2 150.1
43.2 43.2 43.2 43.2 43.2 43.2 43.2 50.1 65.5 76 86.6 96.4 107.6 123.4 143.8 166.9 190.6 214.1 238.3 267.3 285.1 286.6 290.3 289.2 282.5 273.7 266.2 260.5 251.8 248.9 246.7 245.6 244 244 245.2 247.1 247.8 248.3 249.3 253.1 257.3 257.5 255.9 244.6 233.8 227.9 224 219.2 215 212.7 211.5 213.9 217.1 220.6 224.6 224.5 217 207.3 192.7 175.7 163.2 150.4 138 128.4 113.7 109.9 100.8 95.6 92.1 87.6 88.5 88.3 88.2 94.2 110.3 125.9 135.7 143.4 151.5 149.8 148.8
43.2 43.2 43.2 43.2 43.2 43.2 43.2 58.7 72.8 83.6 93.4 105.1 121.2 138.6 159.4 184.2 211.5 234 258.3 283.1 291.8 290.3 293.1 289 280.9 270.4 263.2 259.2 251.5 245.2 243.8 242.2 240.5 241.2 242.5 244.1 244.8 245.3 247.8 252.4 256.4 258.1 255.7 249.9 232.2 225.6 221.4 216.3 213.4 212.3 210.1 213.3 216.7 220 221.3 219.9 213.7 202.6 187.3 173.2 159.5 146.5 134.9 123.4 112.1 110.1 107.1 98.2 90.3 86.5 88 87.6 87.9 92.7 108.6 127.7 139 143.1 148.2 144.5 146.9
43.2 43.2 43.2 43.2 43.2 43.2 51.4 63.5 76.3 88.9 100.6 115.1 131.1 152 174.3 198.1 224.2 248.2 276.9 292.7 291.3 294.8 294.6 288 278.3 267.7 261.3 255.9 251.6 248.2 244.3 242.9 240.5 238.5 240.3 240.6 241 242.5 247.4 252.9 258.6 258.3 256.7 253.9 237.1 221.8 218.8 214.6 214.1 212.8 209.6 213 216 218.5 219.5 216.1 210.1 199.8 186.1 172.7 158.9 144.1 133.2 122.7 111.6 108.9 103 94.5 88.3 87 87.2 87.1 87.5 90.8 107.5 132.3 141.6 136.8 132.8 136.5 144.2
43.2 43.2 43.2 43.2 43.2 47.7 55 67.4 78.4 90.5 108.2 125.2 144.8 167.8 190.4 211.8 232.4 258.1 284.1 294 292.1 298.7 294.5 286 275 265.8 260.3 256.3 255.9 254.3 246.7 242.8 240.9 239.5 237.6 238 239.1 242.1 247.7 254.6 259.5 258.6 255.7 250.5 237.5 225.2 218.6 216.7 216 212 209 211.9 214.7 217.4 216.6 213.1 207.3 199.1 186.4 172.5 157.5 143 132.6 122.2 110.3 105.7 96.6 89.1 86.1 85 85 86.6 87 88.9 105.4 126.5 131.2 124.2 126.8 135.8 146.1
43.2 43.2 43.2 43.2 43.2 47.3 57.6 69.9 81.5 94.9 116.7 137.5 161 184.2 204.9 227.7 245.1 268.3 286.7 293.8 294.2 297.2 290.6 283 271.1 264.4 263.6 264 261.2 258.4 246.1 242.2 240.8 240.1 239.9 238.8 237.9 242.5 248.2 254.5 258.2 255.7 250.9 243.4 234.7 225.8 221 219.1 215.4 211.2 207.9 211.1 213.7 215.3 214.6 210.9 206.2 199.9 188.8 175.9 162.9 148.6 134.9 122.7 110.6 100.1 90.2 86.1 85.9 84.3 85.9 86.1 86.7 87.3 99.1 113.8 117.1 121.6 130 139 151.3
43.2 43.2 43.2 43.2 43.2 43.2 59.8 72.7 85.6 102 127.8 152.7 176.7 195.5 216.7 240.3 256 275.7 289.2 293.2 295.6 291.7 285.7 279.6 267.3 266.7 267.4 266.3 261.8 252.7 244.1 242.4 242.1 241.1 239.9 238.6 235.7 242.6 249.4 254.2 254.1 251.2 246.2 240.6 234.5 227.7 222.8 219.4 216.1 210.4 206.7 208.5 212.4 213.6 213.1 210.9 206.6 200.9 191.5 180 170.4 156.1 141.2 125.2 110.6 96.8 87.2 85.7 85.4 85.1 85.2 86.6 86.4 87.1 95.8 106 113.5 121.1 128.2 141.8 154.5
43.2 43.2 43.2 43.2 43.2 49.7 63.8 77.1 90.8 112 139.6 166.5 186.4 205.3 225.7 245.2 262.8 282.6 288.6 290.7 291.9 286.2 279.7 274.4 266.8 267.8 267.6 266.3 261.8 252.7 250.6 248.3 247.6 246.4 243.1 240.4 238 242.6 248 251 249.2 246.9 244.1 242.2 236.3 230.3 226.1 221 218.6 213.4 203.8 204 210 211 210.8 209 206.8 201.3 192 183.9 176.3 162.5 145.5 128.7 111.3 95.7 86.8 85.4 84.3 83.2 83.2 84 85.8 87.2 94.2 101.8 111.7 121.2 127.8 143.9 156.8
43.2 43.2 43.2 43.2 48.4 55.5 68.1 82.6 97.2 122.8 150.5 174.8 195.6 215.2 232.3 251.3 274.8 284.1 289.4 287.5 286 280.4 272.3 269.9 264 265.1 266.9 266.8 265.5 261.8 259.6 256.1 255.1 251.8 247.3 242.5 236.4 240.4 244.1 246.5 246.8 246.6 246.4 246 239.8 232.9 230.9 227.9 222.1 217.5 205.1 196.4 204.6 207.2 207.8 208.7 207 202.2 195 187.5 178 164.8 149.3 133.9 113 96.9 88.6 85 84.7 84.5 82.3 84 85.8 87.2 92.9 98.8 110.2 121.7 132.3 145.5 158.7
43.2 43.2 43.2 43.2 52 61.1 75 90.9 107.4 133.3 159 183.3 204.9 221.9 240.2 262.6 276.4 286.5 287.1 278.6 275 273 266.2 262.2 257.2 268.7 268.4 268.4 265.1 265 264.8 262.5 259.1 253.5 245.8 241 232.6 237.8 241.8 245 246 246.9 248.6 247.1 240.6 234.9 233.2 230.5 226.7 217.1 202.6 188.2 197 201.8 206.2 207.1 206.2 203.1 197.2 190 179 165.9 150.6 132.8 110.8 98.9 86.5 84.9 84.5 83.4 82.1 83.3 85 86.7 90.6 95.2 107.7 120.9 132.1 147.9 160
43.2 43.2 43.2 48.3 55.1 66.4 82.3 100.4 120.3 144.2 168.8 193.6 213.7 229.6 248.6 265.8 274.8 276.8 275.3 270.9 266.2 264.1 259 255.1 255.1 268.7 267.2 265.3 263 264 267.3 262.1 255 249.1 241.9 236.1 231.4 237.7 239.9 242.8 244.5 244.5 244.4 242.1 237.6 234.9 232.3 229.7 223.7 214.7 201.4 185.6 191.2 197.9 203.9 205.2 206.2 204.8 198.8 193.2 182.1 168.1 151.2 130.5 108.5 95 87.8 85.7 84.8 83.8 82.4 83 84.3 84.8 86.6 91.8 105.9 117.3 129.9 146 158.8
43.2 43.2 46.5 50.9 57.7 72.9 92.6 110.9 132.1 154.8 180.2 205.3 221.3 236 249 263.7 267.7 270.1 271.4 267 259.9 257.5 256.9 254.7 253.8 263.1 260.8 261.5 261.1 261.7 259 254.7 247.2 241.8 236 231.5 231.3 237 239.2 241.3 242.9 245.3 245 242.3 237.7 234 230.3 225.7 219.4 211.6 200.2 189.4 184.6 193.6 199.5 202.9 205.5 204.8 200.1 196.5 185.7 171.9 153 131.7 110.6 98.2 94.5 88 85.2 84.5 82.8 82.3 83.4 84.5 85.6 89.8 105.2 117.3 129.4 143.7 157
43.2 43.2 47.8 54.7 64.7 83.2 104 124 144.7 166.6 193.4 215.7 230.4 239.4 250.7 257.5 262.3 266.2 266.4 261.1 257.3 256.7 254.3 253.2 252.9 256.3 255.7 256.3 253.6 254.5 251.9 246.8 241.5 234.9 229.8 228 232.6 237.5 239.3 240.9 243.9 247.8 247.6 242.8 237.6 233 227.7 222.4 215.5 207.3 200.7 190.3 175.8 186.8 195.8 203.1 204.3 203.5 200.5 198.7 190 173.8 153.6 131.3 116.7 104.8 93.6 88 86.5 86.2 84.2 83.7 83.3 83.9 84.5 90 102.8 117 130.5 144.8 158.6
43.2 43.2 52.2 60 74.2 93.8 116 137.4 157.8 181.5 207.6 222.7 232.7 238.2 247.4 254.9 254.6 257.2 257.6 258.3 255.9 254.4 251.2 249.4 249.3 248.7 248.8 247.4 246.4 247.1 244.7 238.8 232.1 228 227 227.4 233 236 237.3 238.7 244.4 248.5 246.6 241.1 236.3 232.5 228 220.7 211.3 206.8 200.8 190 177.9 179.1 189.6 200.3 203.1 201.2 199.7 198.8 189.4 168.6 143.8 126.6 123 111.2 95.3 89 89.9 87.3 85.2 81.9 82.6 83.2 83.9 88 98.9 117 131.8 147.3 162.2
43.2 47.3 57.1 68.9 83.8 105.2 126.8 149.9 170.6 195.3 217.5 227.4 232.4 236.7 241.4 247.5 250 250.5 252.4 254.5 256.2 251.5 249.3 243.3 242.3 241 239.9 238.9 241 239.3 236.6 234.1 229.6 226.8 226.7 227.4 230.7 232.7 233.8 236.9 242.7 245.6 242.3 236.9 235.8 232.7 228.2 220.3 213.5 208.8 200.1 189 177.5 172.9 182.6 192.1 192.8 193.3 194.6 196.7 179.1 156.1 134.9 127.5 125.1 113 101.5 94.1 93.7 90.4 86.1 82.3 83.2 83.6 83.9 93.3 105.4 117.9 132.6 150.3 169.6
43.2 53.7 61.8 76 91.9 114.6 136.9 159.7 181.9 206.6 227.9 234.8 236.3 238.3 239.4 244.3 247.9 248.1 250.3 253.2 258.3 250 244.9 239.5 238.9 237.9 237.5 236.7 235.9 235.8 236 235 233 227.5 225.5 226 226.9 228.9 230.8 233.1 238.1 240.6 236.9 232.8 234.7 230.6 227 218.8 209.1 203.3 193.7 184.6 175.9 169.1 175.8 185.1 184.6 184.5 188 186.4 167.6 150 129.1 125.2 124.8 116.3 104.5 96.5 93.2 88.9 85.8 82.5 83.6 83.5 85.4 93.2 104.6 117.9 134.2 153.5 173.8
50.3 57.2 68 82.9 100.6 122.8 145.3 168.7 190.4 215.2 236.7 239.7 242.3 239.2 238.8 242.1 246.2 247.2 248.3 255.5 255.2 246.2 242 238.4 237.4 235.7 235.5 234.9 233.9 234.1 234.2 234.7 233 228 224.3 223.6 222.4 225.1 226.1 228.6 232.4 234.4 232.4 230.9 230.8 226.5 220.8 211.4 204.1 196.9 188.8 183 174.4 166.3 169.5 178.8 177.9 176.1 180.7 174.8 164.6 144.4 120.2 119.1 120.8 116 104.2 95.9 90.6 87 84 83.1 82.3 83 83.2 88.4 101.7 118 137.6 156.6 172.2
52.9 61.9 74.6 88.7 106.7 127.4 149.7 173 194.8 216.8 235.8 237.3 238.2 234.8 234.7 238.9 244.1 246.1 248.1 254.6 248.7 245.4 240.1 237.2 236 235.6 235.9 234.8 233.3 232.9 232.3 232.5 230.9 231.6 227.9 225.9 224.8 220.2 221.9 224.2 227.3 228.8 227.6 226.2 225.5 222 215.4 209.7 201.8 194 186.8 182.4 174.3 163.3 163 171.7 171 168.2 171.8 167 157.3 134.4 113.9 112.4 113.8 112.2 103 92.2 86.1 82.8 83 85.2 82.1 82.9 82.8 87.7 102.7 120.9 141.8 158.6 170.7
55.4 65.2 78.2 93.8 110.4 130.1 151.9 174 192 209.6 225.8 227.7 224.5 224.6 230.3 238.1 242.8 245.1 247.8 247.4 246.6 244.6 240.3 237.7 236.6 236.7 237 234.4 233.9 235.8 236.2 232.9 232.1 234.9 229.7 226.8 224.8 218.7 218.1 222.5 225.1 223.4 222.6 222.2 221.1 220 216.7 211 200.9 191.1 184.7 181 170.8 157.8 156 162.7 164.2 162.8 163.4 160.4 144.1 123.6 117.5 113.4 109.9 106.6 100.5 90.8 84.1 83.3 85 86 82.3 82.6 82.7 89.5 106.2 123.8 142.9 157.3 166.1
