GeneralExemplars/GeoExemplars/data/LakeDistrict/terrain-50-dtm_3563996/sd/SD39.asc
ncols 200
nrows 200
xllcorner 330000
yllcorner 490000
cellsize 50
[rows 72 to 107 of 200, columns 0 to 80 of 200]
71.3 64.6 62.5 59.3 55.9 51.2 50.9 48.2 47.8 44.3 43.2 43.2 43.2 43.2 43.2 43.2 43.2 43.2 43.2 43.2 43.2 43.2 43.2 43.2 45.1 50.5 54.1 57.6 63.7 73.2 82.1 92.5 104.8 116.2 129 139.9 152.3 165.6 174.2 183.3 191.3 201.7 210 216 222.3 225.8 230.4 238.6 246.8 252.4 256.9 259.2 260.9 265.6 270.6 271.8 268.4 266.8 264.8 260.6 255.1 250.8 246.5 244.4 234.6 221.8 212.4 207 198.2 195.8 194.2 193.6 197.7 204 204.2 201.9 200.6 197.7 200.3 200.6 199.2
68.9 67.9 64.6 60.6 57.4 55.2 52.9 49.3 47 45.7 43.2 43.2 43.2 43.2 43.2 43.2 43.2 43.2 43.2 43.2 43.2 43.2 43.2 43.2 45.1 49.3 52.6 61.5 67.7 76.6 86.4 98 110.1 123.7 138 150 160.7 172 182.6 188.3 195.8 206.4 216.2 223.4 229.3 229.7 232.1 238.9 247.2 253.1 257.5 261.7 262.7 266.1 269.4 270 268.2 266.5 263.1 258.9 253.9 250.5 247.4 245.4 235.6 221.8 211.3 206.6 200.5 190.5 188.5 187.9 190.9 196.6 197.2 195 191.8 191.9 193.3 194.1 195.3
69.4 68.2 63.9 61.3 61.1 56.7 52.7 49.6 46.8 46.1 44.3 43.2 43.2 43.2 43.2 43.2 43.2 43.2 43.2 43.2 43.2 43.2 43.2 43.2 45.2 48.9 52.5 60.8 69 77 88.4 100.8 114.4 128.5 143.8 153.9 165.7 178.8 187.9 191 198 209 217 227.4 233.6 233.6 235.6 239.5 247.9 253.6 260.8 264.4 265.2 265.4 268.8 267 265.6 264.3 260.4 256.4 252.8 251.1 248.6 242.2 232.5 220.5 212.7 206.7 196.8 193.6 181.5 183.6 184.6 188.2 188.1 187.3 185.9 187.3 188.6 191.9 196.9
70.8 67.9 64.4 61.6 59.2 56.9 51.9 49.1 46.7 45 45.4 45.7 44.7 43.2 43.2 43.2 43.2 43.2 43.2 43.2 43.2 43.2 43.2 43.2 46.2 49.8 55.3 62.6 73.3 82.1 93.4 105.1 119.4 133.4 144.9 157.4 172.2 183.4 189.9 197.7 205.4 211.9 220.3 228.9 233.4 234.9 236.9 240.3 248.8 254.8 260.4 263.6 266.7 265.9 266.6 266.1 263.7 261 258 254.9 251.6 250 244.1 236.2 229.8 223.4 214.7 207.7 202.5 191.8 182.9 176.9 181.5 181.6 181.5 181.7 184.1 184.3 187 193.7 199.7
69.9 66.5 63.4 61.5 58.7 56.4 51.2 47.8 46.5 45.9 46.4 43.7 43.2 43.2 43.2 43.2 43.2 43.2 43.2 43.2 43.2 43.2 43.2 43.2 46.2 54.6 58.5 67.8 79 89.3 100.5 111.4 125.3 139.5 153.8 167 181.6 189 196.9 203 208.7 214.4 222.4 227.7 233 236 236.5 242 247.7 252.7 258.9 262.4 265.9 265.4 264.2 261.6 261.5 260.5 257 253.4 249 245.7 239.8 233 227.9 221.4 213.1 209.6 201.8 196.1 181.6 173 170.6 173.8 175.9 176.6 177.5 180.8 187.7 195.3 201
73.5 66.5 63.8 60.9 59.2 55 49.9 48.5 46.5 46.4 44.2 43.2 43.2 43.2 43.2 43.2 43.2 43.2 43.2 43.2 43.2 43.2 43.2 43.2 48.2 52.7 63.3 74.7 85.6 97.2 108.4 121.3 133.8 147.8 164.8 174.4 187.9 197.3 204.8 207.9 214.2 217.9 223.5 229.6 234.3 238.6 240.8 244.4 247.3 252.8 259.3 263.1 264.5 267.1 264.1 261.3 259.4 258.4 256 250.7 244.3 240.8 237.8 234.7 225.6 216.6 211.6 204.4 203.8 199.6 182.2 169.9 165.2 168.1 168.6 172 176.2 183.2 187.9 194.4 201.2
72.3 68.5 66 61.6 59.2 53.8 49.8 48.3 46.1 45.5 45.6 43.2 43.2 43.2 43.2 43.2 43.2 43.2 43.2 43.2 43.2 43.2 43.2 43.2 50 54.1 67 81.5 95.4 107.1 118.9 130.5 141.8 154.5 168.6 179.9 192.7 202 207 210.6 218.5 221.9 227.1 233.8 241.6 245.8 242.5 243.2 248.4 254.7 258.5 260.9 264.6 266.1 265.6 262.6 261.4 257.4 252.9 247.2 240.7 239.5 238.5 230.7 218.6 212.2 206.4 201.4 206.4 197.8 181.3 167.3 161.9 161.5 162.4 171.1 176.6 180.8 185.7 195.1 202.4
73.8 70.4 66.1 61.5 59.2 54.7 50.5 47.7 46.1 46.3 44.2 43.2 43.2 43.2 43.2 43.2 43.2 43.2 43.2 43.2 43.2 43.2 43.2 43.2 50.4 56.3 69.7 85.3 98.3 112.3 124.5 136.9 148.2 160.1 173.7 188.1 198.2 206.6 215.9 220.6 223.4 225.4 228 234.4 240.7 246.3 239.7 242.7 249.1 255 259.6 263.6 265.4 266.5 266.6 263.7 261 257.1 250.6 249.7 241.7 238.1 232.5 224 212.7 208.4 201.2 197.1 204.5 192.8 180.2 165.5 154.8 159 162.1 167 171.4 179.1 191.8 199.5 206.7
75.7 71.2 66.2 61.5 59.7 56.5 48.9 46.3 46.6 46.9 43.2 43.2 43.2 43.2 43.2 43.2 43.2 43.2 43.2 43.2 43.2 43.2 43.2 45.7 52.3 61.6 76.2 89.4 106.1 120.6 133 143.5 153 166.7 180.3 192.8 201.3 210.1 218.3 221.8 223.8 225.8 227 233.3 240.3 243.1 238.8 243.9 249.7 254.9 259.4 263.4 265.3 266.8 266 262 258 253.4 253.4 252.7 243.2 232.9 226.7 218.5 208.9 200.5 192.1 188 196.6 187.1 174.7 162.8 150.4 160.4 161.4 163.9 176 183.2 192 199.4 209.7
76 70.8 64.9 60.9 56.1 50.8 48 47.4 45.6 45.7 43.2 43.2 43.2 43.2 43.2 43.2 43.2 43.2 43.2 43.2 43.2 43.2 43.2 49.5 53.6 67.2 84.1 99.9 122.3 133.9 140.9 151 160.2 174.4 185.5 194.2 203.3 213 217.5 220.1 222.2 224.3 225.8 231.3 238 240 241.1 244.4 251.3 255.5 260.2 262.9 264.9 266.6 264.2 259.8 259.2 256.3 256.2 251.7 243.2 232 222.7 213.4 203 195.5 186.4 179.5 182.7 179.5 169.2 153.9 150.6 157 160.3 163.8 173.1 181.4 192.1 198.7 207.5
74 68.4 62.5 58.2 52.8 49.7 47.8 47.3 46.1 43.3 43.2 43.2 43.2 43.2 43.2 43.2 43.2 43.2 43.2 43.2 43.2 43.2 43.2 49.7 55.2 69.4 91.2 110.2 129.7 138.1 146 157.1 168.4 183.9 192.2 200.4 205.4 212 215.5 219.7 221.1 221.4 223.8 229.5 235.4 238.4 240.2 244.1 250.8 256.4 261 263.2 263.4 263.4 261 260.9 261 257.4 253.4 247.5 239.5 230.7 221.5 207.6 196.6 189.9 181.4 174.1 168.5 170.9 160.5 147.2 151 153.8 157.9 162.2 172.7 181.9 190 196.7 208.8
69.7 64.1 59.6 54.8 51.1 48.2 47.2 45.9 44.7 43.2 43.2 43.2 43.2 43.2 43.2 43.2 43.2 43.2 43.2 43.2 43.2 43.2 43.2 50.3 58.8 75 96.5 117 130.2 139.9 151.1 160.1 178.6 190.9 198.9 203.5 208.3 215.8 221.1 220 219.7 219.9 221.9 227.5 232.6 236.7 239.4 244.3 250 255.6 259.8 261.3 261.8 260.6 259.7 261.3 259.1 255.2 250.4 243.9 234.1 224.6 213.8 201.3 190.1 183.6 176.6 169.9 162.3 163.1 150.9 142.1 149.9 150.1 154.8 160.3 173 180.4 187.1 200.6 212.1
65.9 62.2 58 53.9 50.2 47.9 47.4 46.4 43.2 43.2 43.2 43.2 43.2 43.2 43.2 43.2 43.2 43.2 43.2 43.2 43.2 43.2 43.3 52.8 63.2 82 102.9 121 133.3 143.5 154.5 164.7 185.2 195.5 201.3 204.7 209.1 221.6 226.6 221.7 217 218.2 222.3 224.9 229.3 234 239.1 244.2 250.4 256.1 259.2 261.1 262.3 261 260 260.5 256 251.1 245.3 236.3 225.3 214.9 206 199.4 189 179.6 169.5 161.5 155 155.3 143.5 147.2 147.1 149.4 152.6 159.4 168.2 180.9 191.7 203.4 212.7
64.4 61.3 56 51.7 48.6 47.6 47.5 46.1 43.2 43.2 43.2 43.2 43.2 43.2 43.2 43.2 43.2 43.2 43.2 43.2 43.2 43.2 43.4 52.9 68.6 86.6 108.7 124.8 134.4 144.6 156 170.4 182.3 190.5 199 206.8 208.6 219.2 220.1 218.2 214.9 217 219.2 222.6 228.1 232.6 239.3 245.2 251.4 256.8 260.9 266.4 267.3 262.7 260.3 257.5 252.8 247.7 239.4 227.3 217.6 209.7 204.2 198.3 189.3 176.6 165.6 157 146 139.6 141.6 143.8 147.8 150 152.4 160.1 171.4 182.7 195.1 204.8 213.2
63.4 58.1 53.9 51 48.1 47 46.8 43.2 43.2 43.2 43.2 43.2 43.2 43.2 43.2 43.2 43.2 43.2 43.2 43.2 43.2 43.2 47.6 59.1 71.3 88.1 110.1 127 136.7 147.8 162 174.6 184.6 193.1 200.4 204.5 208.5 212.7 211.9 207.9 214.2 220.6 221.2 223.9 227.8 233.9 241.3 248 253.8 260.4 263.4 267.8 268 261.9 258.7 254.1 247.9 242.5 233.1 224.4 218.2 208.6 201.2 193.7 183.5 170.4 162.6 152.8 140.8 134.5 142.6 139.1 146.8 150.2 153.3 161.4 173.1 184.9 196.1 203.7 212.8
61.2 56.2 52.4 49.1 47.9 46.5 45.5 43.2 43.2 43.2 43.2 43.2 43.2 43.2 43.2 43.2 43.2 43.2 43.2 43.2 43.2 43.2 53.2 65.1 76.6 88.4 107.6 128.6 135 148.1 162.9 177.9 188.9 192.6 199.4 199.7 203.6 202.4 208.2 210.9 214.4 219.5 220.4 222.4 226.3 234.4 243.5 249.2 254.7 258.9 262 263.2 263.4 259 255 249.9 243.9 237.1 230.4 225.4 213.5 204.1 196.7 190.3 176.7 165.3 155.9 144.1 134.9 133.4 135.6 139.1 142.4 149.7 155.7 162.6 173.7 185.2 195.9 203 212.2
57.8 52.4 48.9 48.1 46.5 46.1 45 43.2 43.2 43.2 43.2 43.2 43.2 43.2 43.2 43.2 43.2 43.2 43.2 43.2 43.2 45 58.4 68.4 78.7 88.3 107.3 126.6 133.6 146.8 158.7 176.3 185.1 186.5 194.2 191.4 192.9 195.5 199.2 207.6 212.3 214 217.4 222.4 229.2 237.2 246.9 252.1 254.5 256.8 259.1 259.4 257.4 253.9 248.6 246.2 240.7 234.1 228.7 217.5 207.4 200.2 193.3 184.3 171.5 160.3 148.8 138.6 132 130.8 132.9 139.2 144.6 151 158.1 163.7 172.1 184.7 194.7 202.2 211.6
54.9 49.4 48.1 46.8 45.8 45.1 44.5 43.2 43.2 43.2 43.2 43.2 43.2 43.2 43.2 43.2 43.2 43.2 43.2 43.2 43.2 51.4 61.9 69.5 79.8 89.4 102.9 119.9 131.9 144.1 155.1 170.1 175 176.2 180.9 181.9 188.4 190.7 197.6 203.8 206.1 210.5 217.3 224.8 232.5 240.9 250.5 252.2 253.8 257.4 258.2 254.6 251.5 249.5 247.7 242.9 236.2 228.3 219.7 210.3 204 197.4 188.8 179.1 166.6 153.9 145 145 139.9 129.7 131.6 139.4 142.9 149.7 157.7 165.5 172.2 184.3 192.5 199.5 209
50.6 48.4 47.8 46.8 46.3 45.6 44.6 43.2 43.2 43.2 43.2 43.2 43.2 43.2 43.2 43.2 43.2 43.2 43.2 43.2 43.2 56.9 63.2 69.3 80.2 90.4 101.4 111.5 123.7 138 152 160.6 164 169.3 173.5 173 180.4 186.2 192.8 198.7 204.8 211.2 217.1 224.9 234.1 242.5 250.2 254.9 256 258.3 256.7 252.1 250 250.5 246.2 239.6 227.6 221.7 216 206.7 200.3 194.3 182.7 173.5 159.6 146.2 149.2 156.8 147.1 132.3 131 135.6 140.7 148.3 155.8 164.1 171.9 182.7 189.7 197.5 205.6
51.5 49.3 47.8 46.9 46.8 46.1 44.7 43.2 43.2 43.2 43.2 43.2 43.2 43.2 43.2 43.2 43.2 43.2 43.2 43.2 43.2 56.3 64.6 70.8 81.7 89.5 98.7 105.1 118 133.9 146.3 151.6 155.9 162.6 165.6 169.3 176.5 183.9 191.9 199.4 206.7 213.6 220.2 228.1 237.2 245.5 252.1 255.7 257.7 257.5 255.3 252.6 249.1 243.9 239.6 231.4 225.2 220.8 213.9 202.9 197.1 188 175.5 163.2 152.9 147 156.3 155.4 145.3 128.4 132.7 134.1 137.7 145.5 153 160.5 169.1 177.4 187.6 194.8 201.7
51.4 49.8 50.2 47.5 46.1 44.3 44.2 43.2 43.2 43.2 43.2 43.2 43.2 43.2 43.2 43.2 43.2 43.2 43.2 43.2 43.2 55 65.6 74.1 82.6 85.7 90.2 99.9 111.7 126.4 137.7 145.3 151 158 159.6 167.5 176.4 185.5 194.9 202.6 210.4 217.2 224 231.9 240.2 247.3 252.7 257.3 258.7 257.1 255 252.6 247.4 241.3 234.8 228.9 224.6 219.8 208.1 200 191.1 179.5 168.7 155.7 144.7 150 152.7 146.1 131.7 125.2 131.6 132.5 140.8 148.6 157.1 164.1 172.1 179 185.8 194.3 200.2
50.1 49.7 47.8 46.5 45.2 44.1 43.2 43.2 43.2 43.2 43.2 43.2 43.2 43.2 43.2 43.2 43.2 43.2 43.2 43.2 45.8 54.3 64.4 73.7 78.1 76.5 90.9 100.5 109.4 122 134.9 143.1 148.7 155.7 162.6 170.5 179 188.4 197.8 206.2 214.2 221 228 236.4 244 250.7 256.4 258.6 258.6 256.8 255 252.6 247 239.8 231.9 226.9 222.8 214.3 202.8 192.4 181.3 170 158.9 148.4 139.4 147.2 139.8 135 125.6 122.3 127.5 132.9 143.5 152 159.6 167.3 177.2 184 189.6 193.7 198.2
52 49 46.6 45.8 44.6 43.2 43.2 43.2 43.2 43.2 43.2 43.2 43.2 43.2 43.2 43.2 43.2 43.2 43.4 45.8 48.1 55.3 64.1 67.8 73.7 86.8 95.5 110.3 118.1 119 134.1 144.3 151.9 158 166.6 174.9 182.8 192.1 201.4 210.3 218 224.6 231.5 239.5 247.1 254 259.1 260 258.7 257 254.2 251.5 246.1 237.9 232.2 226.4 220.5 211.9 202 191.5 175.2 162 153.3 143.2 134 138.9 138.4 138.1 122.8 122.7 127.1 133.5 140.7 151 161.8 171.9 178.4 185.7 192.9 197.7 202.3
51.4 49.6 47.8 46.5 43.4 43.2 43.2 43.2 43.2 43.2 43.2 43.2 43.2 43.2 43.2 43.2 43.2 43.2 43.2 45.3 48.4 56.5 58.7 71.5 84 95.5 108.1 116.3 126.4 131.3 132.5 143 151.5 161.6 172.3 180.4 187.6 196.6 205.7 215.3 221.7 228 234.8 242.3 249.8 256.6 260.3 260.7 259.7 257 252.3 248.7 243.6 236.8 231.5 226.8 221.2 213.7 205.4 196 178.8 164.1 154 143 128.6 125 136.9 133.6 118.7 121.8 124.8 134.7 144 154.2 163.7 174.4 181.9 189.7 196.4 202 207.4
51.9 50.4 47.8 43.8 43.2 43.2 43.2 43.2 43.2 43.2 43.2 43.2 43.2 43.2 43.2 43.2 43.2 43.2 43.2 46.7 52.7 58.4 68.8 80.2 90.6 102.7 114.1 122.4 131 138 142.4 145.9 152.7 168.1 178.7 185.7 192 200.6 210.3 219.6 225 231.2 237.9 244.8 252.1 258.4 261.5 262.1 259.7 255 252.9 249 241.2 236.8 232.6 228.6 225.6 221.6 213.5 200.2 184.8 167.8 156.1 146 127.6 122.1 126 121.6 117.8 120.9 126.2 134.8 144.9 155.8 166.7 176.8 185 193.5 200 205.2 210.5
53.5 51.2 46.7 43.2 43.2 43.2 43.2 43.2 43.2 43.2 43.2 43.2 43.2 43.2 43.2 43.2 43.2 43.2 43.2 46.1 53.4 66 77.3 87.1 96.6 108.1 118.1 126.9 135.6 143 149.7 156.6 162.7 174.9 183 188.2 194.8 203.6 214 222.7 228 234.3 240.7 247 254.2 259.8 262.8 263.4 259.6 255.1 252.2 249.7 241.7 237.5 235.3 234.1 233.3 227.9 217.2 204.9 187.9 169.7 154.5 142.5 126.8 120 119.9 118.9 117.5 120.1 124.3 132.2 143.2 156.8 170.4 179.4 189 197.4 203.7 209 211.2
52.5 48 45.1 43.2 43.2 43.2 43.2 43.2 43.2 43.2 43.2 43.2 43.2 43.2 43.2 43.2 43.2 43.2 43.2 48.1 60 72.5 84.2 93.5 103.6 113.6 122.2 130.6 140.6 147.7 154.5 162.3 171 177.9 186.3 190.1 197.1 206.1 215.5 223.4 229.8 236.4 242.8 249.1 255.1 260.7 264.3 265.2 259 257.7 256.4 251.9 241.8 240.1 239.9 241.3 239.4 230.2 218.6 204.9 187.6 168.6 151.3 138.5 124.9 119 118.4 117 115.5 118.9 124.6 133.3 143.5 158.5 171.5 184 195.1 202.7 208.5 209.8 209.8
54.2 49.1 45.5 43.2 43.2 43.2 43.2 43.2 43.2 43.2 43.2 43.2 43.2 43.2 43.2 43.2 43.2 43.2 43.2 54.4 65.9 77.9 88.6 98.5 109.5 118.8 128.3 136.6 145.5 152.1 159.8 167.4 175.7 183.7 187.2 194.1 203 208.9 217.9 224.6 231.4 238 244.6 250.7 256.8 260.9 262.4 260.8 258.2 260.8 258.1 251.9 246.8 245.7 246.1 245.2 240.9 231.9 218.5 203.1 185.2 166.2 151.7 137.9 124 118.1 117 114 115.3 117.5 123.1 131.7 144.4 160 176.2 192.3 201.5 209 211.9 208 206.4
56.3 50.5 46 43.2 43.2 43.2 43.2 43.2 43.2 43.2 43.2 43.2 43.2 43.2 43.2 43.2 43.2 43.2 48.7 60 72.1 82.8 93 103.7 113.9 122.6 132.6 140.4 149.3 157.4 165 172.6 181 189.6 196.3 200 204 212.2 220.3 226.6 233.9 240 246.6 253 260.8 262.7 265.8 264 264.7 263.5 259.1 253.1 249.9 248.9 250.7 246.5 239.3 228.5 215.4 199.5 183.2 167.4 153.3 136.1 122.4 117.3 115.9 113.5 113.8 116.8 121.7 130.8 145.5 164 183.8 198.7 207.2 211.6 207.7 204.9 204.4
56.4 51.5 46 43.2 43.2 43.2 43.2 43.2 43.2 43.2 43.2 43.2 43.2 43.2 43.2 43.2 43.2 43.2 53.4 65.7 78.9 88.3 99.2 109.8 118.9 128.5 135.9 144.8 154.4 163.3 171.1 179 183.6 191.7 195.7 201.8 204.1 209 222.3 229.4 236.3 245.3 250.8 254.9 262.1 265.4 267.2 267.6 267.4 264.6 258.5 252.7 251 251.9 250.9 245.6 236.1 224.7 211.5 196.8 180.1 167.5 155.2 139.5 123.8 118.9 117.1 114.6 111.4 115.7 116.4 127.2 146.4 169 191.7 203.2 207.1 205.1 202.9 202.9 202.9
56.5 50.9 45.5 43.2 43.2 43.2 43.2 43.2 43.2 43.2 43.2 43.2 43.2 43.2 43.2 43.2 43.2 48.8 64 75.6 83.5 94.4 105.6 116.2 126.6 137.2 144.1 152.1 160.5 169.1 176.7 185.1 187.6 195.6 200.4 205.9 210.6 216.9 227.3 232.7 241.4 249.3 253.1 256.7 263.2 269.6 272 273.8 271.3 263.4 259.1 254.8 253.3 253.6 249.5 243.4 234 222.9 208 189.6 182.6 169.6 155.3 141.1 127.8 132.1 129.1 116.4 112.5 113.5 114.1 126 149.4 176.1 195.8 196.4 199.6 198.3 200.1 201.3 203.5
54.4 47.4 43.2 43.2 43.2 43.2 43.2 43.2 43.2 43.2 43.2 43.2 43.2 43.2 43.2 43.2 43.2 58.2 71.5 79.8 88.7 98.9 110.3 123.3 138.1 145.3 153.1 160.9 167.5 175.4 183 190.7 195.9 202.8 208.6 211.5 216.7 224.3 230.6 236.6 241.9 249.2 254.7 259.2 264.1 269.4 272.1 275.7 273.1 269.2 261.3 256.9 254.7 253.9 248.1 241.3 232.1 221.3 207.3 199.1 184.5 171.8 157.1 143.3 130.9 141.8 140.7 124.3 112.7 110.2 113.2 125.7 150.4 173 184.7 187.3 190.4 196 196.3 199 197.1
50.1 45.3 43.2 43.2 43.2 43.2 43.2 43.2 43.2 43.2 43.2 43.2 43.2 43.2 43.2 43.2 51.4 64.4 75.3 83.5 94.5 106 117.7 132 145.9 151.7 159.5 169.2 175.7 182.9 188.9 198.1 205.1 208.6 211.7 216.4 223.2 230.6 236.9 242.9 248 251.2 256.7 261.3 266 270.5 273.3 277.3 275.8 272.7 264.6 260 257.1 252.9 247.7 240.9 231.4 218.8 212.4 196.8 184.9 172.9 157.4 142.5 131.2 136.5 143.1 132 118.6 111.3 111 119.9 139.6 154.3 166.3 177.7 191.5 192.9 192.2 191.9 190.2
49.7 44.5 43.2 43.2 43.2 43.2 43.2 43.2 43.2 43.2 43.2 43.2 43.2 43.2 43.2 44.8 57.6 68.9 78.2 88.4 101.1 112.6 126.6 140.8 151.3 158.2 165.2 174.7 181.8 187.4 195.1 204.1 210.6 215.8 214.6 220.7 227.5 236.9 243.4 249.5 253.4 257.4 260.1 263 267.6 272.9 278.6 280.8 277.7 275.2 271.5 264.8 259.9 254.3 247.7 239.9 236.2 224.6 209.2 195.9 183.6 171.8 157.4 144.3 132.6 125.8 129.8 136.4 124.4 116.8 108.6 113.9 127.8 140.4 157.3 178.4 190.9 187.9 184.9 183.2 185.5
48.3 44.1 43.2 43.2 43.2 43.2 43.2 43.2 43.2 43.2 43.2 43.2 43.2 43.2 43.2 51.2 63.1 71.2 80.7 92.3 105.2 121 135.2 149.6 158.4 165.7 173.4 180.9 186.2 192.6 199.5 208.4 216.4 219.7 219.3 225.7 233.2 242.2 250 255.3 259.5 263.7 266.9 269.5 273 277.2 283.2 284.6 281.1 279.3 276.3 269.1 262.3 253.8 243.9 244.4 240 225 208.9 196.2 187.2 170.8 159.5 149.5 135.4 126.9 119 129.7 126 129.4 113.9 111.2 127.6 134.7 152.1 168.9 181.2 181.1 179.5 177.4 182
46.2 43.1 43.2 43.2 43.2 43.2 43.2 43.2 43.2 43.2 43.2 43.2 43.2 43.2 43.2 51.2 63.1 70.2 83.5 97.3 111.4 128.1 142.7 154.9 166 173.4 180.4 186.9 192.7 197.5 202 210 219 224.4 225.4 232.7 239.4 249 256.1 260.3 263.8 267.9 273.1 275.8 278.2 283.9 284.3 286.2 282.9 281.5 277 271.8 262.5 259 250.5 248 238.4 224.3 210.1 196.8 186.6 172.9 161.6 151.2 135.8 124.4 114.1 125.5 130.1 135.1 122.2 104.3 122.2 133.8 147.9 162.2 170.3 173 173.2 174.1 178.8
