GeneralExemplars/GeoExemplars/data/LakeDistrict/terrain-50-dtm_3563996/sd/SD39.asc
ncols 200
nrows 200
xllcorner 330000
yllcorner 490000
cellsize 50
[rows 36 to 71 of 200, columns 0 to 80 of 200]
162.1 139.3 115.7 95.5 84 75.6 69.9 64.6 61.2 61.8 71.6 81.6 87.2 92.6 99.8 105.7 117.6 129.8 135.3 133.4 132 125.1 112.7 101.1 85.3 66.8 55.8 51.6 48 50.3 49.9 47.4 49 49.1 60.6 67.6 70.1 71.6 73.8 77.7 85.7 91 96.6 107.8 118 121.3 124.7 132.9 135.4 140.9 143.2 146.2 151.8 159.1 172.3 189.5 202.4 210.7 220.5 220 223.2 226.1 227.9 223.9 226.2 225.5 223.7 225.7 224.7 220 214 215.8 223.6 222.3 218.5 215.4 207.8 203.1 201.4 199.3 192.6
136.2 117 104.9 82.8 74.6 69.9 64.3 61.3 60.4 65.7 71.7 81.4 85.8 87.7 93.7 102.3 115.4 127.5 128.9 127.3 121.8 110.1 98.2 86 72.7 63.3 49.6 47.2 47 46.8 46.5 47.6 48 48.5 58.9 65 66.3 69.3 68.5 75.6 81.5 86 91.3 104.4 117.5 110.4 125.6 129.3 128.5 134.3 138.2 146.3 159 174.9 187.1 197.2 205.2 217 225.6 227.9 228.2 235.1 231 225.2 225.9 224.5 226.3 227.2 223.8 218.8 221.2 220.5 223.1 221.8 221.6 217.9 210.8 208 200.9 203.3 198.2
114 99.2 85.5 76.2 70.4 64.7 61.6 61.2 58.7 66.7 71.3 73.8 77.2 81.5 88.2 97.6 112.1 119.7 119.6 116.8 107.8 98.5 85.8 77.9 67.9 54.7 48.8 47.7 45.6 45.5 46.3 46.8 47.2 48.1 57.3 59.5 65.7 66.2 66.1 73.8 78.3 80.4 88.5 101.7 101.2 109.7 117.6 120.6 126 131.4 142.9 154.9 167.5 180.2 193.8 201.9 209.7 225 234.1 234.5 234.5 233.5 230.9 226.5 228.7 226.3 230.9 229.8 225.8 227.5 229.6 226.1 227.3 226.9 222.9 218.4 214 213.3 205.8 204.3 202.9
99.3 85.7 78.5 69.5 64.9 61.8 61.2 61 56.4 64.9 66.7 66.7 71.2 73.6 81.2 93.4 106.5 109.8 109.9 100.3 96.6 91 84.5 70.2 55.8 53.3 46.4 45.1 44.3 44.7 45.6 45.9 46.4 50.3 53.8 58.4 62.9 62.6 65.3 69.1 72.2 75.9 86.7 96.2 98.4 103.6 108.1 115.5 125.8 137.7 151 162.5 173.7 185.9 197 204.5 213.1 226.6 234.3 234.3 235.4 233 231.7 227.5 228.5 228.8 232 230.5 232.3 234.7 235.6 232.4 232 228.2 224.6 220.5 214.3 209.6 209.5 207.4 205.6
85.5 79.9 72.7 65.9 64 63.3 62 60.1 59.4 61.3 62.4 62.7 62.2 68.5 77.1 88.1 94.8 97 95.6 97.3 93 82.1 69.2 56.6 52.5 45.9 45.1 45.1 44.4 43.4 44.2 45.4 45.6 49.5 53.1 57 59.4 59.6 61.3 63.9 65.6 71.2 85.9 92.6 93 98.2 105.9 118.2 133.1 144.2 154.7 165.7 177.1 189.6 205 212 217.6 228.8 233 234.4 233.9 234.2 230 229.3 230.4 233 232.9 233.6 236.1 237.8 235.9 234.6 232.6 229.8 224.6 220.4 215.1 209.3 210.6 211.2 214.6
78.6 73.1 67.4 62.5 64.5 61.7 62.3 59.8 58 57.1 58.3 57.7 57.5 62.6 71.5 82 87.5 91.4 94.6 92.7 79.1 67.8 60.7 55.2 45.9 44.6 44.7 43.9 43.2 43.2 43.2 43.3 45.3 47 50.6 54.3 56 58 58.2 61 66.5 76.2 83.1 87.8 89.5 99.7 112.9 125 137.4 148.8 159 168.9 180.8 193.2 201.7 212.8 219.7 230 233.1 235.7 230.9 231.6 232.3 232.8 233.9 236.4 236 236.4 237.5 238.3 236.4 235.4 235 229.9 224.8 219.4 212.1 214.9 218.5 218.8 218.8
71.5 67.6 63.2 62 61.3 62.9 60.9 57.5 56 51.5 54.9 53 53 57.4 65.2 73.6 83 89.2 88.5 80.1 73.1 69.1 66.2 49.4 45.3 44.8 43.8 43.2 43.2 43.2 43.2 43.2 44.9 47 47.7 48.5 50.9 54.3 53 56.2 67.8 74.2 79.3 85.1 93.2 107.4 122.3 132.8 143.4 154.5 164.1 174.4 186.3 199.2 207.8 214.6 221.3 230.7 232.2 231.4 230.9 234 239.3 242.3 240.3 240.9 239.8 238 238.9 240.5 239.2 237.8 234.9 228.4 222.8 215.9 218.8 220.4 223.7 227.3 219.7
67.5 65.2 63.4 61.7 60.1 58.9 58 57.1 55.4 51.3 52.9 52.2 51.3 52.7 58.4 66.7 74.4 78.8 73.5 72.3 75.5 64.3 54.7 45.5 45.1 45.3 43.9 43.2 43.2 43.2 43.2 43.2 44.7 46.3 47 48.1 49.8 50.5 53.1 56.6 61.3 67.5 75.9 88.6 102.6 115.6 125.9 136.5 149.9 159.2 168.7 182.5 194.7 203.3 211.5 216.4 224.3 230.1 229.2 230.8 232.5 239 244.5 245 242.5 243 241 241 242.4 243.3 242.2 240 234.5 226.9 224.7 224.8 225.6 227.5 228.3 228 222
68.5 61.7 62.2 60.6 59.3 58.7 58.3 56.5 53.6 51.3 50.9 50 50.7 50.4 51.5 60.8 65 65.9 69 72.2 64.9 52.1 45.9 45.6 45.4 45.6 43.2 43.2 43.2 43.2 43.2 43.2 44.5 45.9 46.8 47.9 49.1 50.3 53.2 54.7 60.6 67.6 82.1 95 109.1 119.7 129.9 140.1 153.2 164.7 177 188.6 199.7 206.2 213.8 219.1 223.8 227.2 229.1 231.5 236.8 243.9 248.8 247.7 245.9 245.6 244.1 245.2 246.2 244.7 242.9 237.6 234.8 232.4 231.6 231.6 232.8 231.1 231.1 230.4 224.4
68.4 63 61 60 59.1 57.9 58.5 54.7 53.5 52.7 49.5 48.9 50.1 49.6 49.7 53.7 58.7 61.4 62.2 59.2 49.4 46.4 46.1 45.8 45.6 44.7 43.2 43.2 43.2 43.2 43.2 43.2 45.3 45.8 46.7 47.4 48.5 50.7 54.8 60.3 70.7 82.2 89.6 101.8 116.6 128.4 135.8 140.4 154.1 168.2 180.8 193.3 201.2 207.4 214.7 220.1 227 232.1 235.3 238.3 242.5 249.7 254.9 252.8 249.3 247.1 247.2 247.9 248.4 246.6 242.5 240.9 239.8 236.6 237.3 239.8 238.2 235.3 233.7 230.7 224.5
68.4 63.5 59.9 58.8 57.2 56.5 55.9 54.2 54 52.1 50.2 47.9 49.3 49.3 49.1 48.7 51.2 54.8 52.8 47.5 46.2 46.6 46.2 46 45.7 43.2 43.2 43.2 43.2 43.2 43.2 43.3 45.6 45.5 47 47.9 49.5 55.3 61.8 67.5 74.5 84.6 93.7 107.1 120.4 129.3 138.5 144.6 159.6 173.4 185.6 195.6 202.4 209.3 216.1 222.1 229 232.7 238 246.3 249.8 255.2 259.7 256.6 252.4 249.3 250.6 250.1 249 246.3 242 245 242.8 240.6 241.2 244.8 244.1 240.8 236.2 229.8 221.6
69.5 65.1 60.2 57.8 56.4 55 54.6 53.5 53 51.5 50.9 47.5 49.3 48.4 48.5 48 48.1 48 47.5 47.4 47.1 46.8 46.4 45.8 45 43.2 43.2 43.2 43.2 43.2 43.2 43.2 43.9 45.5 47.8 49 51 55.3 58.3 68.3 76.5 89.1 98.9 111.6 122.3 135.6 145.7 155.5 169.2 181.3 190.6 198.3 205.2 211.4 218.8 226.5 232.5 236 243.6 253 257 261.6 264.3 259.2 254 251.8 252.6 251.1 249.6 246.6 246.5 250 249.3 245.7 248.6 249.5 248.7 243.5 238.3 229.2 220.1
72.6 66 61.6 56.9 55.7 54.2 53.5 53 52.1 51.2 50.6 46.7 48.3 47.8 47.9 47.4 46.9 47.4 47.5 47.6 47.1 46.7 46.4 46.1 44.7 43.2 43.2 43.2 43.2 43.2 43.2 43.2 44.2 46.1 47.3 50.4 55.3 58.8 65.5 74.3 84.8 91.2 101.8 115.9 130.7 140.8 147.1 160.1 177.4 186.2 193.6 200.4 205.6 213 221.6 229.1 235.1 241.1 251.6 258.5 262.6 264.3 266.4 258.3 254.8 252.8 251.6 251.9 251.5 249.8 250.1 253.1 250.8 250 253.2 252.9 251.2 246.6 240.1 232.1 222.2
78.9 67.9 61.8 57.2 54.2 53.9 53.4 52.6 51.9 51.4 50.5 49.7 46.3 47.3 47.4 47 46.5 46.3 46.9 47.1 46.9 46.5 46.2 45.6 43.2 43.2 43.2 43.2 43.2 43.2 43.2 43.2 43.2 45.5 48.6 53.9 58.4 65.9 69.3 78.8 89.9 98.5 105.8 120.3 135.2 140.3 150.8 166.4 177.9 187.5 196.4 203.8 209.5 218 224.8 232 239.6 246.3 257.4 265.3 268.9 268.7 267.5 260.2 256.8 253.1 253.8 254.1 251.2 252.6 254.4 254.5 249.7 252 255.7 255.4 253 249 242.7 235 226.1
85.4 70.9 63 57.8 54.4 53.3 51.5 49.8 51.2 50.8 50.2 48.2 46.7 47 46.9 46.7 46.3 46.2 46.1 46.7 46.6 46.5 45.2 43.2 43.2 43.2 43.2 43.2 43.2 43.2 43.2 43.2 43.2 50.8 51.8 58.9 61.9 67.3 74.1 88.9 93 105.8 110.9 123.7 136.4 149.1 158.6 167.1 180.2 190.1 198.9 206.1 212.9 221.3 228.4 237.3 244.5 249.4 260.8 269 274 272.1 268.7 266.2 262.1 258.3 255 256.7 256.7 256.4 256.9 255.6 255.1 257.4 259 257.8 254.4 250.3 242.8 236.2 228.1
85.7 73.4 64.1 57.2 53.5 52.3 51.9 51.3 50.8 49.9 49.6 48.5 47.3 45.2 45.4 46.3 45.9 45.6 45.3 46.2 46.4 46.5 45.2 43.2 43.2 43.2 43.2 43.2 43.2 43.2 43.2 43.2 49.8 56.1 55.1 62 63.5 69.8 78.2 88.6 101.4 110.5 117.3 123.4 139.5 155 165.3 174 184 193.7 200.8 208.2 217.3 223.7 230.4 241.4 248.7 255.5 264.5 272.1 276.9 274.9 272.5 268.6 261.8 257.9 258 261.4 259.4 259 259.7 261.8 263.5 262.5 263.7 261.7 256.5 251.5 245.9 238.5 227.2
85.3 77.4 64.8 56.5 53.1 51.2 51.2 50.9 50.6 48 48.6 48 47.6 46.6 45.3 45.2 45.3 45 45.3 45.5 45.7 45.2 43.9 43.2 43.2 43.2 43.2 43.2 43.2 43.2 43.2 45.1 53.2 55 57.1 61.8 67.1 75 82.9 98.9 108.2 116.8 123.1 135.5 138.7 160.2 169.1 179.1 188.3 197.5 204.7 211.6 222.2 226.1 231.7 243.8 251.5 259.2 266.4 274.4 279 276.5 273.5 271.2 267.8 264.3 263 262.8 261 261.8 263.3 267 265.8 263.3 266.3 265.5 259.6 251 244.6 237.4 225.8
93.6 78.1 63.8 56.6 52.1 51.1 50.8 50.5 50.2 48.2 48.4 48.4 47.3 46.5 45.8 45.1 44.4 44.4 45.5 45.2 44.9 44.2 43.2 43.2 43.2 43.2 43.2 43.2 43.2 43.2 43.2 48.8 52 57.4 57.7 66.7 71.4 79.9 90.4 102.8 107.9 118.3 133.7 144.4 156.8 164.2 173.6 182 191.5 201.2 208.3 215.8 225.2 230.1 234.4 245.5 253.4 261.3 267.8 276.3 278.8 277.3 277.7 274.7 270.9 266.7 265 264.4 262.3 263.3 264.8 269.6 268.7 263 265 264 259.8 247.7 241.2 234.1 232.3
91.4 79.3 64.9 56.1 51.2 49.7 50 49.7 49 48.7 48.7 46.3 46.4 46.5 46.1 45.8 45.5 44.6 45.4 45.1 43.9 43.2 43.2 43.2 43.2 43.2 43.2 43.2 43.2 43.2 44.5 53.1 59.5 60.5 63.4 66.3 74.6 87 96.5 104.4 112.1 126.3 140.2 151.6 162.7 172.6 177.1 182.9 193.7 204.7 212.4 220.5 228 234.4 235.2 245.7 253.2 261.1 268.4 276.2 278 278.4 280.7 277.7 273.9 272 268.1 269.3 264.1 265 265.3 267.8 266.2 262.3 264.5 260.8 253.9 244.3 238 234.5 232.6
90.1 77.8 64.3 55 50.4 49.1 49 48.6 48.5 48.2 47.1 46.3 45.9 46.6 45.7 45.3 45 44.5 43.3 44.3 43.2 43.2 43.2 43.2 43.2 43.2 43.2 43.2 43.2 43.2 48.6 53.9 57.3 59.9 67.1 70.7 79.4 94.2 100.3 111.5 119.8 134.8 146.4 157.3 170.4 181.1 185.4 188.6 196.9 207.6 217.6 225.3 234.9 233.6 233.6 246.8 254.1 261.2 268.1 274.1 277.2 281.3 283.2 279.3 277.2 276.2 271.8 268.9 262.6 264.4 265.9 265.5 262.6 263.2 261.9 255.7 249.2 242.5 237.9 236.4 233.6
87.1 73.5 60 52 49 47.9 48.1 47.8 48.1 47.7 46.9 46.1 45.7 46.4 45.5 44.9 44.5 44 42.9 42.9 44.5 43.2 43.2 43.2 43.2 43.2 43.2 43.2 43.2 43.2 49.3 51.5 60.1 65.4 70.1 75.6 88 94.3 106.6 115.3 128.6 141 152.6 163.1 178.1 186.4 192.2 197 202.1 211.2 217.8 226 235.2 233.7 238 249.7 257.1 262.8 268.1 272.1 277.4 281.5 280.1 279.5 281.2 279.2 274.2 263.3 259.5 261.3 262.9 263.6 259.3 259.2 254 249.6 244.8 242.1 241.1 241.1 237.5
83.5 69 58.1 51.2 48.3 47.1 47.5 47.5 47.3 46.9 46.4 45.9 46.2 44.4 44.6 44.4 44 43.5 43.1 42.9 43.9 43.2 43.2 43.2 43.2 43.2 43.2 43.2 43.2 45.9 51.6 57.3 63.6 66.4 75 82.3 88.2 93.7 110.1 122.7 135.9 149.7 161.5 173 183.7 189.9 198 204.7 207.6 212 218 226.5 235.7 240.9 246.8 252.1 258.4 262.8 269.4 274.3 277.4 277 277.3 281.6 280.6 278.3 272.6 260.3 254 255.1 257.6 258.8 256 253.2 249.4 245.8 243.5 242.8 244.2 244.5 240.4
83.8 70.7 58.9 50.8 47.9 47.1 47 46.8 46.5 46.1 45.7 45.4 45.6 45.8 44.8 44.7 43.3 43 43.2 43.2 43.2 43.2 43.2 43.2 43.2 43.2 43.2 45.3 45.9 50.1 57 61.9 66.4 71.9 77.3 85.9 91.1 96.7 110.7 128.6 140.2 153.2 168.9 181.2 187.6 193.7 203 206.9 210 214.5 219.6 227.1 238.3 242.7 247.4 252.3 256.9 263.6 271.7 277.7 274.7 274.1 274.6 277.1 276.2 271.5 263 252.1 245.8 246.8 247.9 250.7 253 246.2 245.3 242.1 242.1 246 244.8 243.7 240.5
81.9 68.4 56.9 48.6 47.3 46.4 46.4 46.2 45.9 45.7 45.4 45.1 44.7 47.7 47 44.9 43.3 43.2 43.2 43.2 43.2 43.2 43.2 43.2 43.2 43.2 43.6 47.1 50.2 54.8 60.5 63.6 68.4 75.6 80.5 88.8 94.2 103.7 114.7 132.9 145.9 159 171.7 186.4 190.2 196.7 205.6 207.7 212.1 217.3 221.3 228.9 239.3 247.5 254 258.8 262.5 267.6 272.7 273.8 273.5 271.2 269.8 271.9 270.5 265.8 255.8 246.6 240.7 241 239.4 243.3 242.2 241.8 243.8 244.4 248.2 243.9 241.7 240.4 241
73.3 61.7 54.5 48.7 47.3 46.8 45.8 45.6 45.4 45.2 45 44.7 44.4 44.8 45.4 45.3 43.2 43.2 43.2 43.2 43.2 43.2 43.2 43.2 43.2 43.2 46.6 49.4 52.7 56.9 63.5 66.2 70.1 76.3 83.7 90.3 100.6 114.6 124.1 135.9 149.4 162.4 175 189.8 190.9 196.9 203.4 206 210.3 216.6 222.9 231.5 246 255.1 261.6 265.7 266.6 270.2 273.8 272.8 269.1 266.8 265.5 265.1 262.3 253.5 245.8 238.8 236.5 239.2 238.5 239.4 240 240.8 242.8 242.4 242.5 241.6 238.8 238 239.8
71.5 61.8 54.3 50.2 48.6 46.7 46 45.5 45 44.8 44.5 44.2 43.9 43.6 43.3 42.8 43.2 43.2 43.2 43.2 43.2 43.2 43.2 43.2 43.2 43.6 46.9 49.3 54.4 59 63.4 65.9 68.9 76.5 85.3 92.9 104.7 119.9 130.7 137.3 153.4 166.3 178.4 187.4 189.3 194.8 202.3 205.7 209.4 218.1 227.3 235.8 247.6 258.7 264.8 268.9 271.6 275.4 272.6 269.1 265.6 262.5 260.5 257.7 254.9 249.9 241.6 235.7 235.4 238.7 240.1 241.8 239.7 239.5 239.9 244.1 245.2 243.1 237.4 235.6 236.9
69.2 60.8 59.1 53.4 48.8 47.4 46.5 45.7 45.1 44.5 44.1 43.7 43.4 43.2 43.2 43.2 43.2 43.2 43.2 43.2 43.2 43.2 43.2 43.2 43.2 45.4 47 51.6 56.5 59.5 62.9 66.3 71 81.6 87.8 96.3 110.3 125 134.7 140.3 158.2 171 182.1 187.1 186.8 194.2 201.8 207 213 221.1 228.6 234 248.3 258.4 263.1 269.3 270.8 272.1 268.8 267.6 263.2 261.5 256.8 251.3 248.5 245.1 239.9 233.4 235.7 240.9 242.4 242.4 239.5 239.8 242 248.2 248.3 245.2 236 234 232.3
67.8 62.5 59.1 51.9 49.2 48.2 46.9 46.2 45.1 44.4 44.4 43.4 43.2 43.2 43.2 43.2 43.2 43.2 43.2 43.2 43.2 43.2 43.2 43.2 43.8 45.6 48.8 54.4 56 60 64.8 70.5 76.8 82.4 90.1 99.7 114.1 130.7 140 144.9 160.9 173.9 182.4 184 185.8 195.2 202.4 209 216.7 224.3 229.9 234.9 247.4 257.8 263.1 268.1 269.8 267.7 265.8 265.3 262.7 259.8 250.6 245.7 242.4 238.2 234.4 229.4 232.6 237.6 240.8 240.7 242.1 241.1 242.6 247.2 245.3 240.8 234.6 230.2 227.2
69.4 61.5 55.2 52.4 50.7 49.4 47.8 46.8 46.1 44.5 43.4 43.2 43.2 43.2 43.2 43.2 43.2 43.2 43.2 43.2 43.2 43.2 43.2 43.2 45.8 46.7 50.4 53.8 58.9 60.9 69.4 70.6 78.7 84.3 96.2 106.4 118.7 133.6 145 150.6 161.3 174.7 182.6 184.3 190.9 199.8 202.2 210.5 219.3 228.8 235.7 245.4 254.2 259.8 263.2 269.4 273.5 266.3 261.2 262 259.9 253.6 244 240.8 238.7 233.4 231.1 225.7 229.2 233.7 236.3 240.5 245.9 239.3 244.8 249.2 241.1 236.6 231.5 225.6 224.1
66.9 59.4 55.9 53.6 51.5 51.8 48.9 46.6 45.4 44.7 44 43.2 43.2 43.2 43.2 43.2 43.2 43.2 43.2 43.2 43.2 43.2 43.2 43.2 46.2 47.8 51.5 52.6 57.7 64 64.7 71 78.9 87 96.1 108.8 120.6 135.1 147.1 156.4 166.8 172.5 182.6 185.9 191.8 195.7 204.9 214.9 223 233.6 242.7 252 258.9 263.4 267 272.5 277.3 265.4 258.4 255.8 253.3 247.8 241.2 238.2 234.8 230 227.2 225 229.7 233.4 239.2 241.2 242.8 232.4 245.2 246 240.5 234 228.8 221.3 218
61.8 61.9 57.6 57.4 51.6 48.8 49.1 46.7 45.6 44.7 43.2 43.2 43.2 43.2 43.2 43.2 43.2 43.2 43.2 43.2 43.2 43.2 43.2 43.2 47.5 49.1 52.1 55.9 58.8 62 66.6 73.2 81.8 91.4 102.3 115.3 127 135.9 149.1 156 164.1 178.9 182.7 191.9 197.5 201.2 210.8 219.8 227.3 235.4 244.3 253.2 261 266.7 270.2 278.1 276.1 262.1 257.1 253.7 248.3 244.6 239.1 235.2 231.2 227.9 222.7 223.7 228 233.6 240.4 239.9 237.2 230.7 240.8 239.6 236 232.1 225.7 220.1 215.7
65.7 66.2 68.1 59.8 52.8 50.3 49 46.5 44.5 44.8 43.2 43.2 43.2 43.2 43.2 43.2 43.2 43.2 43.2 43.2 43.2 43.2 43.2 43.2 46.2 49.5 52.6 55.7 60.7 63.1 70.5 75.6 86 93.6 106.3 121 135.3 146 151.4 157.4 163.9 179.3 186.6 190.9 204 210.4 218.8 223.8 230.6 237.1 244.1 253 263.4 268.2 272.9 279.3 272.7 261.6 258.2 256.3 253.1 246.2 240.9 236.1 230.6 225.8 219.2 218.7 224.3 231.4 236.3 239.2 228 229 233.9 231.4 233 232 224 220.6 214.6
72.6 67.4 62.4 56.3 53.7 50.4 48 47.4 44.9 43.2 43.2 43.2 43.2 43.2 43.2 43.2 43.2 43.2 43.2 43.2 43.2 43.2 43.2 43.2 44.4 50 54.5 56.4 60.5 66.5 71.4 78.8 87 95.6 112 126.1 138.9 151.9 159.2 167.4 170.2 178.2 190.8 194.9 205.1 214.2 220.9 229.7 239.3 238.9 244.5 251.4 263.4 267.5 273.7 276.4 270.5 264.5 262.3 260.5 255.3 248.6 242.8 236.7 232.9 229.2 219.2 213.4 218.2 225.5 227.3 230.3 217.9 225.2 228.2 223.9 228.2 225.2 225.8 222.9 219
70.8 66.3 61.5 56.3 54 52.3 49.2 47.6 45 43.2 43.2 43.2 43.2 43.2 43.2 43.2 43.2 43.2 43.2 43.2 43.2 43.2 43.2 43.2 43.2 50.5 53.1 58.4 62.8 69.6 77.4 82 88.4 102.3 118.6 131.4 139.7 156 161.3 170.4 180.5 187.4 194.7 198.6 208.7 219.1 228.7 235.9 243.5 241.8 244.2 251.5 263 266.8 274.5 277.4 274 268.6 263.6 260 256.3 251.8 245.8 236.9 232.1 223.8 216 211.8 217.9 222 219.4 218.6 213.2 221.5 218.8 216.6 218 218.1 222.7 216.1 209.8
70.3 66.2 61.8 59.9 54.8 51.4 49.4 48 46.4 43.2 43.2 43.2 43.2 43.2 43.2 43.2 43.2 43.2 43.2 43.2 43.2 43.2 43.2 43.2 43.2 48.9 52.9 56.8 63 71.7 76.7 81.1 92.7 107.6 118.9 130.6 144.6 160.1 164.1 174.1 181.1 192.7 199.5 204.8 212.7 223.7 232 238.2 245.2 245.2 247.4 254.9 261.7 266.9 274.5 278.1 274.5 267.3 260 260.2 257 251.7 246 238.3 227.8 222.7 218.3 211.2 219.2 219.2 213.5 209.2 210 215 213.8 213.1 212.6 214.8 211.3 206.5 203.7
73.3 67.1 61.1 59.3 56.9 53.3 49.1 47.7 45.7 44.1 43.2 43.2 43.2 43.2 43.2 43.2 43.2 43.2 43.2 43.2 43.2 43.2 43.2 43.2 43.8 50.1 52.8 56.4 64.2 74.1 75.6 85.4 99.5 111.4 122.5 134.9 145.7 156.8 170.3 177.1 185.7 196 202.4 213 216.6 224.2 232 239.2 243.4 249 251 255.8 260.9 266.2 272.8 274.7 270.5 263.7 262 259.7 255.6 251.5 246.9 240.6 229.4 219.6 217.3 209.1 212.4 211.3 205.2 201.6 204 210.1 210.4 209.1 208 206.2 202.9 202.7 202.2
