GeneralExemplars/GeoExemplars/data/LakeDistrict/terrain-50-dtm_3563996/sd/SD39.asc
ncols 200
nrows 200
xllcorner 330000
yllcorner 490000
cellsize 50
[rows 144 to 179 of 200, columns 81 to 161 of 200]
156.5 157.3 157.9 162 166.9 170.5 174.3 178.1 180.3 177.5 176.2 175 173.9 172.7 167.5 159.4 153.4 146.1 131.3 112.5 90.8 73.8 67.1 63.4 64.3 64.7 67.5 72.4 76.7 84.2 92.5 104.6 115.8 124.8 130.8 146.7 164.1 180.6 193.9 206.1 222.9 235.1 236.5 237.3 237.7 239.5 239.3 236.6 223.2 197.4 170 155.5 149.3 132.7 117.7 113.3 114.8 116.8 118.2 121.8 123.7 116.9 111.3 108 106.3 104.2 101.4 99.5 101.1 101.9 100.9 97.2 93.7 92.3 89.9 85.7 82.2 78 72.2 68.6 64.5
151.3 153.8 157.1 162.3 170.7 176.8 180.7 184 178.8 176.2 176.3 176.4 174.4 169.7 162.6 154.6 147.3 135.4 118.3 100.3 83.2 73.9 66.3 62.5 63.8 63.9 69.4 74.8 82.9 88.3 96.1 106.6 116.7 127.3 139.2 156.9 173.9 187.9 200.9 215.1 227.2 232.4 236.1 239.6 243.9 242.4 237.2 231.7 216.5 191.9 167.5 154.9 145.1 132.5 119.9 112.7 113.1 115.5 118.2 119.5 118.9 110.8 104.8 104.4 107.2 106.2 102.2 103.1 105.2 106.5 107.1 104.4 102.6 100.3 95.5 90.9 85.9 81 76.8 68.6 57
147.7 153.1 158.3 167.5 178.3 184 185.6 182.5 178.3 180.9 181.8 179.4 174.4 168.8 160.5 151 139.9 125.4 108.7 91.5 75.4 67.3 63.1 62.6 63.2 64.9 71.9 78.8 85 92.3 99.5 108.7 120.4 133.9 151.5 169.1 184.1 195.7 207.1 218.9 225.7 231.8 238.9 246 250.8 246.9 238.1 228.4 212.7 188.9 164.7 154.7 139.9 129 116.8 111.6 112.3 115 116.7 115.3 110.1 104.4 103.8 104.7 106.9 106.4 104.9 107.1 109.7 112.3 113.2 112.2 109.3 103.9 98 92.1 86.5 79.9 70.9 57.2 49.4
147.4 153.9 161.9 176.2 184.7 187.9 186.1 182.9 182.4 186.4 187 181.5 173.8 168.5 158.5 143.7 129.6 116.5 98.9 80.5 69.1 63.8 61.1 61.9 62.3 65.5 75.1 82 87.7 96 105.9 118.2 131.9 148.3 165 181.4 192.6 203.4 213.6 223.1 230.9 237.5 243.9 252.4 257.7 249.8 237.8 225.7 209.3 184.9 164.9 153.1 141.9 130.7 116.6 111.2 111.9 113.7 112.6 108.1 105.4 106.2 104.9 106.2 107.6 107.4 108.4 110.8 114.4 118.7 119.6 117.3 111.4 103.3 95.2 89.6 81.6 69.7 55.9 46.4 42.4
143.6 152.2 165.9 181 188.1 189.5 187 185 186.8 187.7 187.9 182 177.2 171.3 156.1 138.5 126.8 111.3 86.5 72.3 63.8 61.9 60.6 61 62.1 67.6 78.1 85.6 92.9 101.9 114.1 127.2 144.7 162.1 178.4 190.3 200.9 209.4 220.5 231.5 238.3 243.4 248.4 254.4 255 251 237.1 222.8 205.9 181.8 163.1 150 138.5 128.2 116.4 111.8 112.1 112 108.5 107.3 106.2 107.7 105.2 107.4 108.8 109.8 111.7 114.3 118.5 123.2 122.3 118.7 110.9 98.5 89.4 82.6 70 56 46.8 43.6 38.1
138.8 151.4 171.2 183.4 192 191.4 189.3 187.1 186.8 187.1 186.6 182.8 178.7 170.2 152.4 135.3 115.3 96.8 81.6 68.6 61.1 60.7 59.8 60.4 63.2 70.5 82.3 90.9 99 108.9 123.6 139.9 157.8 174.3 185.8 198.7 208 214.5 226 236.8 244.6 250.7 251.4 249.9 249.4 243 231.1 217 200.2 179.7 161.2 146.9 135.7 124.7 114.8 112.6 113.3 113.4 111.1 109.4 106.7 107.5 105.9 107.8 110.3 112.3 114.6 117.2 122.1 129.9 127.8 123.4 109.5 89.9 78.3 69 58.1 50 44.5 42.3 39.1
132.7 155 174.8 188 197.1 192.2 190.1 187.9 186.9 187.8 187.6 183.7 177.3 168.4 152.1 132.1 109.5 94.3 81.8 68.1 59.7 59 58.9 60.5 66.2 74.4 86.6 94.9 105.7 118.4 135.8 152.7 168.3 179.6 190.2 203.2 211.3 217.4 227.9 238.6 248.4 253.4 254.2 251.4 245.9 236.8 226.5 212.4 193.3 176.6 159.5 147.4 136.5 123.9 116.2 112.8 111.3 111.6 112.4 107.1 106.1 107.9 107.4 110.4 112.8 114.9 117.2 121 128.9 137 133.7 123.3 109.2 85.9 70.1 63.3 54.4 47.2 43.9 43.3 40.4
128.5 157.1 175.8 191.9 192 188.4 189 190.2 189.6 187.9 187.3 185.6 185 171.3 152.7 128.7 109.3 95.7 82.9 65.3 59 58.4 58.7 62.6 71.4 81.3 92.3 101.6 114.6 130 147.4 162.6 174.9 181.6 188.5 198.8 208 216.2 225.7 236.4 248.6 250.7 253.8 250.2 241.2 234.1 224.6 207.9 189.5 173.7 160.5 147.9 131.4 120.4 120.6 115.1 111 110 107.6 106.7 107.2 108.5 110.7 114.9 117.4 119.4 121.3 127.1 135.8 137.8 129.2 119.1 100.3 79.5 70.6 62 52 43.8 47.2 45.8 40.8
126.5 157.7 175.7 182.1 181.6 184.8 191.2 196.1 197.2 190.4 188.8 190.9 189.9 174.5 149.9 127.1 110.9 97 81.7 65.9 58.3 57.6 60 65.6 76.8 88.4 98.9 111.8 125.6 140.8 155.7 169.6 176.5 180.3 186.6 193 201.4 208.9 219.8 231.9 242.3 248.1 247.6 240.9 237.3 235.6 222.4 202 182.6 166 154.1 141.7 126.1 128.1 127.1 120.2 111.6 110.9 112.9 111.5 114 116 116.4 122.5 126.3 125.9 124.7 132.4 133.1 128 118.6 103.2 85.8 75.1 67.1 58.6 48.6 49.1 52.6 43.3 38.1
126.4 148.4 164.5 168.2 178.5 186.1 195.7 202.9 199.6 192.3 194 202 195.5 171.3 146.5 128.7 116.6 97.3 78.8 64.7 57.4 57 63.5 68.5 81.2 95.2 107.9 122.4 136.9 149.2 161.4 174.1 176 175.8 184.5 193.8 195.6 201.2 211.5 227.1 231.4 236.2 241.3 241.4 241.1 234.3 216.5 194 172.3 158.5 149.2 135.5 135.2 135 132.6 124.3 111.8 111.2 115.2 117.8 119.9 122 123.6 126.7 130.7 130.1 125.9 127.3 125.6 114.4 100.3 92.2 86 71 61.2 54.1 48.5 50.1 46.1 41.8 39.5
118.2 135.9 151 164.5 179.2 185.5 193.5 195.6 197 195.7 202.3 190.7 175.2 157.8 142.3 131.1 112.2 88.2 69.2 59.6 56.6 57.4 61.4 71 85.7 100 115.9 130.1 143.2 153.8 160.3 170.4 173.9 174.1 182 183.6 185.2 193.9 203.9 212.8 217.9 224.3 238.2 242.8 241.2 226.4 209.9 188.2 168.2 152.9 137.7 134.8 138.8 139.7 137.3 127.6 112.6 113.8 121.7 124.1 124.9 129.8 133.4 127.7 129 128.6 123.7 120.2 113 100.2 89.2 93.3 89.7 66.2 55.8 51.6 47.8 47 48.1 42.9 38.1
112.1 130.9 143.4 157.6 170.1 177.6 184.5 195.1 201.7 195.8 194.2 181.9 170.4 153.8 140.5 122.4 97.6 77.6 66.1 58 55.7 57 61.6 75.6 89.9 105.8 122 135.4 145.8 149.3 154.6 164.7 166.2 164.5 167.3 168.1 177.4 187 196.8 204.4 206.8 220.7 235.3 241.9 234 219 201.8 182.3 164.8 146.8 136.7 142.8 146.7 146.4 140.6 132.2 115.7 118.7 132.8 135.5 137 138.5 133.6 126.2 124.9 123.1 120 111.5 100.1 94.1 86.5 85 71.8 60.7 53.7 50.3 47.5 47.2 40.4 38.1 38.1
109.2 126.8 137.9 148 157.8 165.9 175.6 190.5 197.8 193.5 187 178.9 168.2 149.8 123.7 106.8 90 75.7 65.7 57 55.7 57.7 66.1 78.7 93 109.7 122.3 136.1 140.4 146.5 150.9 154.4 156 156.6 159.5 163.7 174.1 180.1 185.7 194.2 209.3 217.1 231.4 236.5 228.8 212.5 195.5 177.6 160.5 148.8 152.5 150.5 154.6 153.8 145.2 134.9 120.7 120.9 137.7 143.5 143.2 140.7 131.8 124.6 122.2 120.3 115.9 107.1 103.1 96.4 86.3 74 64.7 58 52.4 48.3 44.6 43.4 38.1 38.1 38.1
105.3 121.7 133.5 140.8 146.6 154 163 178.3 187 192.8 184 174.9 163.8 143 119.9 98.3 84.7 72.9 62.9 55 55.6 59.8 69.2 79.8 93.6 108.4 119.5 130.8 139.4 142.9 145.2 149.1 149.4 153.3 157.3 160.9 166.8 173.1 180.7 193.1 207.2 220 231.7 232.7 222.1 206.4 189.9 175.6 160.7 163.5 163.5 158.9 161.9 161.3 151 135.3 122.6 119.6 132.1 138 139.4 139 130.1 123 116.8 111.3 107.9 103.5 99.5 91.9 79.7 69.3 63.2 57.2 50 46.4 41.8 38.7 38.1 38.1 38.1
104.4 117.4 126.8 133 139.4 146.8 153.7 163.7 180.3 188.4 178.1 170.2 160.2 144.4 114.7 92.2 79.8 68.8 59 54 55.4 61.6 72.6 83.1 95.1 107.3 118 129.1 133 134.7 141.1 144.1 144.9 150.2 153.6 156.9 161.9 170.3 182.4 197.9 212.1 219.3 224.1 220.3 213.3 197.9 185.6 171.1 169.6 174.5 176 170.6 169.5 166.3 156.9 139.3 124.1 116 123.8 133.8 135.8 136.1 128.7 116.1 110.8 104.9 102.9 99.9 95.7 87.5 79.7 74.1 68.2 60 52.3 46.9 40.4 38.1 38.1 38.1 38.1
102.5 108.7 115.6 124.7 134.1 142.5 150.3 162.4 174.8 176 170.4 166.6 156 141 113.9 92.7 78.7 67.7 58.6 53.5 56.5 65.7 76.2 87.5 100 110.5 116.6 122.8 126.8 134.1 140.5 139.6 142.4 148.8 152.7 157.7 166.3 178.3 193.1 205.2 213.7 217 213.5 210.6 205.3 194.5 179.7 183.4 177.9 181.9 182.6 178.1 173 168.3 157.1 140.9 127.9 119.4 118.9 130.9 135.1 133.6 120.1 105.5 101.8 101.7 106.7 101.7 96.4 89.5 85 80.1 73.3 65.1 58.6 51.7 38.1 38.1 38.1 38.1 38.1
96 103.6 111.4 120.9 131.6 140.9 147.6 156.3 164.5 163.8 162.6 161.9 156.1 135.9 117.3 95.4 76.8 64.8 56.1 53.6 60.9 68.7 80 92.7 103.4 110.4 112.2 117.9 124.9 130.9 132.6 135.5 144 152.1 156.9 165.1 174.2 181.8 189.7 199.9 207.1 205 204.7 203.8 198.3 189 192.1 194.8 187.3 186 185.2 179 174.1 172.9 161.5 141.8 133 121.8 113.4 125.2 131.2 121.9 108.7 96.9 96 97.6 96.7 95.8 94.2 93.7 92.5 86 78.1 70.8 65.4 59.2 44.3 38.1 38.1 38.1 38.1
90.3 103.9 114.1 122.9 132.3 141.2 145.6 149.1 152.2 153.1 153.3 156.1 150.9 138.3 110.1 87.7 71.1 58.7 53.4 54.4 64.7 72.3 83.5 95.3 103.1 104.6 106.1 114.4 119.1 123.3 130 137.9 146.7 155.5 165.1 174.7 174.5 184.7 188 195.2 196.7 202 203.3 199.6 189.8 200.3 203.1 201.1 192.6 189.3 182.1 176.1 174.4 172.7 159.5 139.1 127.2 119.2 109.8 118.9 117.3 109 100.5 96.2 98.3 101 101.7 99.6 99.1 99.3 97.5 87.9 80.9 76.6 72.2 63.7 49.1 38.1 38.1 38.1 38.1
99.1 109.6 119.7 127.7 133.7 140 142.6 141.5 141.4 141 142.9 148.7 144.8 130.4 104.3 82.3 70.4 59 52.7 57 67.1 74.7 84.4 96.9 104.7 102.6 102.6 109.5 116.5 122.6 130.7 140.3 147.9 156.8 168.2 170.5 170.1 178 186.7 192.5 196.8 201.6 199.1 191.4 203.2 211.2 211 204.8 196.3 187.1 178 173.9 172.9 167.8 153.9 138.1 128.6 116.7 105.5 108.2 106.7 100.9 98.6 99.5 99.3 102.4 101.2 99.6 104.1 105.6 96.6 89.5 85.8 82.8 74.3 58.3 46.9 38.1 38.1 38.1 38.1
104.7 114.7 124.2 133.1 138.1 140.8 141.3 137.9 135.1 130.2 131.1 136.5 130.6 115.6 98.6 78.8 66.9 57.8 53.4 61.9 68.1 75.1 84.4 96 99.9 98.8 101.4 107.5 115.7 123.2 131.2 141.3 150.7 155.7 162.9 168.3 164.5 171.8 181.7 188.8 196.1 200 190.6 204.2 216.6 217 213.4 204.8 189.6 180.5 172.7 170.2 171.6 167.3 152.1 134.4 124.4 112.9 105.6 100.4 105.5 104.8 99.5 100.1 97.8 99.8 100 103.3 108.1 104.6 103.3 97.3 91.7 84.4 67.7 48.3 38.1 38.1 38.1 38.1 38.1
107.6 118 129.7 139.7 146.6 145.2 140.7 134.9 128 119.5 119.5 118.1 113 98.5 85.3 71.4 61.4 55 54.7 64.5 68.7 75.2 86.3 96.4 96 97 102 108.6 118.3 126.4 132.5 142.1 150.3 153 153.3 159.3 161.9 172.8 183 187.5 193.7 190.8 200.3 215.4 217.9 212.6 207.7 199 182.3 170.7 166.8 167.2 163.4 161.2 145.4 126.6 114.4 111.9 101.1 98.7 100.9 97.7 99.5 104.9 101.4 100.3 105 106.9 109 112.6 108 104.1 100.7 82.9 55.8 38.1 38.1 38.1 38.1 38.1 38.1
110.8 122.8 135.2 144.7 148.3 146.6 140.4 133.7 120.8 110 106.8 104.3 104.2 95.4 84.6 78.4 73 57.7 56.2 65.9 67.6 74.3 88.2 92.7 94.7 97.3 105.4 114.1 122.9 129.7 133.6 137.8 143.4 144.3 146 152.5 161.7 173.3 182.6 183 182.9 194.8 211.7 217.3 212.2 205.4 199.9 190.9 174.1 161.5 159.7 160.5 155.5 148.6 132.6 121 106.9 108.6 100.4 97 96 95.2 102.7 104.9 110.8 112.6 110.2 110.7 113.3 110.4 106.9 103.6 94.6 68.2 46.5 38.1 38.1 38.1 38.1 38.1 38.1
113.3 128.1 140.4 145.8 147.7 145.6 140 129.3 115.1 102.5 96.6 98.3 102 93.8 91 86.3 75.6 59.2 57.9 64.9 66.1 72.1 83.1 88.2 92.5 100.4 111.2 121.5 126.1 128 130.4 134.4 138.2 141.2 144.9 152 158.6 167.8 172.8 173.5 185.4 203.5 210.4 206.4 201.4 194.4 187.2 179.1 167.4 154.2 152 152.2 147.3 137.5 123.7 115.6 101.8 101.9 98.1 95 92.6 95.4 100.7 109.6 113 113.9 114.3 111.4 111.5 109.9 107.6 99.3 83.4 59.5 46.9 38.1 38.1 38.1 38.1 38.1 38.1
115.7 129 142.2 149.3 150.1 145.6 138.5 125.3 111.6 98.9 90.2 94.7 93.1 96.6 93.1 79.6 68.2 54.1 57.4 62.9 67.2 72.5 78.9 86 92.9 103.6 115.7 123.6 123 121.5 124.3 128 135 139.9 142.2 146.3 153.7 157.5 160.7 169 189.4 197.4 196.8 195.8 189.7 185.3 178.2 170.1 160.8 148 148.6 155.3 148.5 134.2 119.3 107.5 99.1 98.1 97.2 93.8 93.1 99.5 106.9 114.1 117.2 117.8 113.1 113.6 111.9 108.3 96.3 85.5 71.7 56.9 44.6 38.1 38.1 38.1 38.1 38.1 38.1
116.1 129.6 141.8 151.8 149.8 142.4 132.7 121.9 108.6 94.8 84.5 85.4 89.6 92.4 83.6 72.4 60.3 52 58.5 62.7 66.7 72.2 79.4 87.2 96.9 106 115.8 119.5 114.9 113.5 117.3 123.3 131.2 137.3 137.6 141.1 142.9 146.9 156.4 172.2 179.6 183.9 187.7 187.1 182.1 176.6 170.7 163.8 154.1 144.2 150.3 148.7 134.8 126.3 116.9 109.3 97 95.4 94 92.4 96.7 104.3 113 117.9 121.7 114.3 114.9 113.4 110.3 97.2 83.3 70.7 60.8 50.1 39.6 38.1 38.1 38.1 38.1 38.1 38.1
116.8 130 141.7 146.2 143.5 137.3 129.3 118.6 103.9 87.3 77.4 78.6 79.8 78.3 75.3 66.4 49.7 52.7 59.8 62.2 66.1 72.4 82.4 91.6 101.5 108.8 114.9 111.6 105 105.8 111.9 118.8 126.5 129.3 129.8 131.6 135.7 142.4 157.3 168.3 170 174.4 178.2 178.1 173 168 163 159 150.3 142.6 146.1 138.1 129.7 121.3 111.5 103.1 97.1 95.3 93.2 92.7 101.3 107.3 113.7 121.9 119.9 117.3 116.4 111.8 102.3 88.6 74.1 60 52.3 45.8 39.5 40.2 38.1 38.1 38.1 38.1 38.1
117.4 130.3 140 139.1 136.8 133 125.6 114.1 99.5 83 74.7 69.6 68.6 72.1 69 57.7 50.7 58.3 61.8 64.2 68.4 77.3 87.4 96.3 102.5 109.9 108.8 102.1 95.3 97.5 104.6 114.8 119.7 121.1 121.6 126.3 130.6 140.6 156.3 161.5 162.3 164.1 166.1 166.8 165.5 161.8 158.4 155.3 146.4 140.7 138.1 132.3 127.7 115.6 109 103.6 97.6 95 93.2 92 101.7 105.6 112.5 120.7 116.8 117.4 115.6 107.2 95.1 82.2 71.1 58.5 50.8 44.3 41.1 38.1 38.1 38.1 38.1 38.1 38.1
119 131.1 136.5 135.4 133 128.3 118 107.3 93.9 80.7 70.1 65.2 63.5 67.8 62.6 49.1 52.5 58.8 62.4 67.5 73 79.9 89.7 95.9 101.1 104.1 98.2 93 91.6 93.3 98.8 108.1 111.7 113.7 117.5 122.5 124.5 139.4 150.3 153.1 154.4 157.6 160.3 162.5 162.4 158.6 155.6 152.1 147.2 139.2 132.5 126.8 119.6 114.9 109.8 103.2 97.9 96.9 94.3 91.9 97.9 105.3 112.2 116.8 114.9 116.3 110.1 99.9 89.7 81 73.4 63 54.6 47.7 43.3 38.1 38.1 38.1 38.1 38.1 38.1
121 129.8 132.7 131.7 124.4 114.9 106.6 98.4 87.9 74.5 66 63.7 61.7 59.9 57.3 43.4 53.5 59.8 64.6 69.1 75.6 82.2 90.6 92 93.8 94.3 88.4 89.2 89.1 93.1 99 104 107.7 109.9 113.8 118 126.1 134.1 142.6 146.5 148.3 151.8 154.3 161.9 159.8 153 150 149.6 145.5 134.7 127.9 119.6 117 114.6 108.7 101.8 99.3 96.9 95.2 92.8 95.8 96.5 110.8 113.8 109.7 104.9 99.2 93.7 87.4 80.7 81.1 71.1 61 52.9 46.3 38.1 38.1 38.1 38.1 38.1 38.1
118.1 122.5 121.2 113.7 103.7 96.5 90.8 85.4 76.9 66.7 64.5 62.5 60.6 59.9 60.1 41.9 52.6 62 67.5 71.5 77.5 84.1 89.4 91.8 91.2 87.7 85.5 87 89.4 94.7 99.1 105.5 107.8 107.5 109.8 119.7 128 134.1 139.5 143.1 146.8 150.4 154.7 160 157.3 150.6 147.2 145.1 140.1 134.1 127 120.7 116.8 114.1 108.5 102 103 98 93.5 93.7 94.6 96.6 107.2 110.6 105.3 101.6 96.7 93.3 85.6 75.2 78 68.9 59.4 54.8 45.3 39.8 38.1 38.1 38.1 38.1 38.1
102.5 103.2 100.1 92.6 84.5 77 74.5 72.8 69 62.8 64 63.2 62.5 62.1 60.8 55.5 44 59.9 67 71.7 76.2 81.8 89.5 90.9 86.4 83.6 83.4 86.4 90.7 98 101 104.6 105.2 104 111.1 123 129.1 135.2 140.7 145.1 148.8 154.4 159.3 157.8 153.3 147.5 149.7 145.8 142.5 131.3 128.4 115.7 114.7 111.8 107.9 106.1 103.7 98 93 98.1 96.7 100.4 104 106.4 106.5 106.3 102.3 96 85 70 58.7 50.8 42.5 38.2 38.1 38.1 38.1 38.1 38.1 38.1 38.1
86.4 86.2 82.5 75.5 68.5 66.6 65.8 66.2 64.1 63 63.9 64 63.3 63 59.2 57.3 44.9 56.3 66.4 71.2 75.9 83.6 85.7 86.3 82.7 82.1 82.8 86.8 91 96.9 99.4 100.3 98.7 104.1 117.8 123.9 129.8 135.8 141.1 145.3 148.5 153.9 156.2 156.3 153.2 148.7 151 152.7 141.1 125.5 117.7 114.3 116.3 114.6 109.3 105.6 102.2 100.8 92.2 93.3 95.3 101.2 101.4 104.5 108.6 108.6 106.5 99.8 88.3 69.6 55 44.4 38.1 38.1 38.1 38.1 38.1 38.1 38.1 38.1 38.1
76.2 74.5 68.5 66.9 65.4 63.5 63.2 62.3 62.6 63.1 65.1 63.7 63.2 63.2 58.5 58.4 44.3 56 67.3 75.8 82.9 85.6 83.9 83.6 81.2 81.5 83.6 86.9 91.1 95.9 96 92.4 98 111.4 119.5 125.3 131.2 137.1 141.9 145.7 150 153.2 155.6 156.9 152.7 150.8 150 144.9 131.1 121.6 117.5 121.7 119.8 115.6 109.6 106.3 104 103.9 94.8 88.3 93.9 100.3 96.9 101 106.6 109.1 109 101.6 88.5 70 54.3 44.8 38.1 38.1 38.1 38.1 38.1 38.1 38.1 38.1 38.1
64.5 61.7 60.5 65.6 63.6 62.9 62.7 61.9 62.8 64.4 64.1 64.7 64 61 58 58.6 41.9 56.1 67.6 81.4 85.2 81.7 82.1 81.6 81.3 82 83.5 85.9 88.7 91.8 89.1 91.1 104.8 114.2 121.8 126.7 132.8 138.3 142.7 146.6 151.9 154.5 156 154.3 153 150.3 142.6 136.6 127.2 122.7 132.9 125.3 120.9 115.8 110.6 108.4 105.1 99.1 90.1 87 91.9 98.3 95 98.1 104.4 109.3 111.9 102.8 85.8 71 56 44.8 38.1 38.1 38.1 38.1 38.1 38.1 38.1 38.1 38.1
53.8 56.6 60.5 63.6 64.3 64.4 63.9 62.3 62.8 64.5 64.9 66.5 63.3 57.3 56.8 55.5 36.8 56.2 67.5 79.8 80.6 77.2 79.6 82.3 81.9 82.9 82.7 83.8 85.4 84.1 86.5 96.6 108.8 117.8 123.3 127.9 133.3 135.9 141.3 147 153.2 154.6 154.6 153.1 150.2 149 142.5 133.8 133.7 129.8 128.9 124.9 120.9 116.1 111.6 106.6 100.6 95.1 90.1 85.4 88.1 91.7 90.9 94.3 103.2 108.5 107.1 96.1 81.6 69.6 55.3 43.1 38.1 38.1 38.1 38.1 38.1 38.1 38.1 38.1 38.1
55.3 59.4 63.3 64.7 64.7 64.2 63.1 62.2 65.5 66.5 68.2 69.5 63.2 52.7 52.6 50.2 39 54.3 66.4 76 75.7 75.6 81.1 83.9 83.8 84.1 80.8 79.8 79 80.5 89.2 102 112.2 120.4 124.8 128.9 131 133.1 139.4 146.8 154.5 156.5 155.1 152.2 155.8 146.5 141.1 140.3 135.5 132.1 127.1 123.2 119 115.6 111.1 104.5 99.9 95.4 91.7 85.8 84.7 85.3 86.6 91.5 100.3 103.6 99.7 89.2 79 64.2 49.7 38.1 38.1 38.1 38.1 38.1 38.1 38.1 38.1 38.1 38.1
