GeneralExemplars/GeoExemplars/data/LakeDistrict/terrain-50-dtm_3563996/sd/SD48.asc
ncols 200
nrows 200
xllcorner 340000
yllcorner 480000
cellsize 50
[rows 156 to 194 of 200, columns 88 to 175 of 200]
5.6 5.3 4.9 4.8 5 5.2 5.4 5.3 5.5 9.9 21.1 34.8 34.5 31.3 20.3 10.2 9.6 9.5 9.6 9.6 9.7 9.8 10.1 10 9.9 9.8 9.8 9.7 9.6 9.5 9.4 9.4 9.2 9 8.7 8.5 8.3 8 7.3 6.6 6.3 5.9 5.5 5.1 5 4.9 4.7 4.6 4.5 4.5 4.7 4.8 4.9 5 5.2 5.3 5.4 5.6 5.7 5.8 5.9 6 6.1 5.7 4.6 3.1 1.2 -0.7 -2.8 -2.8 -2.8 2.6 4.1 4.5 4.9 5.1 5.4 5.7 5.8 6 6 5.7 5.8 6.1 6.7 6 5.4 4.8
5.7 5.3 5 4.7 5 5.5 5.4 5 5.4 13.4 23.3 39.8 37.4 33.3 22.8 9.7 9.2 8.9 9 9.1 9.3 9.7 10.1 10 10 9.9 9.8 9.7 9.6 9.5 9.5 9.4 9.2 8.9 8.7 8.5 8.2 8 7.3 6.9 6.5 6.1 5.7 5.2 4.9 4.8 4.7 4.5 4.6 4.6 4.7 4.9 5 5.1 5.2 5.4 5.5 5.7 5.8 5.9 6.1 6.2 6.3 5.7 4.5 -2.8 -2.8 -2.8 -2.8 -2.8 -2.8 1.8 4 4.3 4.7 5 5.2 5.4 5.5 5.7 5.8 5.6 5.3 5.4 5.8 6.2 5.6 4.9
6.4 5.3 4.9 4.6 4.9 5.3 5.3 5.1 5.6 13.5 26.3 39.4 35.7 30.7 16.8 8.5 8.4 8.4 8.5 8.9 9.4 9.8 10.2 10.1 10 9.9 9.8 9.7 9.7 9.6 9.5 9.4 9.1 8.9 8.7 8.5 8.2 8 7.6 7.1 6.6 6.1 5.6 5.2 4.9 4.7 4.6 4.7 4.7 4.7 4.8 4.9 5.1 5.2 5.3 5.4 5.6 5.7 5.8 6 6.2 6.5 6.7 5.7 -2.8 -2.8 -2.8 -2.8 -2.8 -2.8 -2.8 1.1 3.9 4.3 4.6 4.8 4.9 5.1 5.2 5.4 5.5 5.4 5.1 4.8 4.9 6.5 5.8 5.1
7.2 6 5 4.7 4.2 5.1 5.5 5.5 5.3 9.5 23 32.6 28 25.1 14.9 6.9 6.9 8 8.9 9.1 9.4 9.8 10.2 10.1 10 9.9 9.9 9.8 9.7 9.5 9.4 9.1 8.9 8.6 8.4 8.2 7.9 7.6 7.1 6.7 6.4 6 5.6 5.1 4.8 4.7 4.8 4.8 4.9 4.9 4.9 5 5.1 5.3 5.4 5.5 5.6 5.7 5.8 5.9 6.1 6.3 6.6 5.4 -2.8 -2.8 -2.8 -2.8 -2.8 -2.8 -2.8 1.1 3.9 4.2 4.4 4.5 4.6 4.8 4.9 5.1 5.2 5.2 4.9 4.6 4.3 5.1 6.2 6
7.9 7 6.3 5.7 3.9 5.2 5.7 5.7 5.5 6.4 17.5 28.7 28.7 23.3 11.5 6.6 7.8 8.5 9.3 9.5 9.7 9.9 10.2 10.1 10 9.9 9.8 9.7 9.6 9.4 9.2 8.9 8.6 8.3 8.1 7.9 7.6 7.2 6.6 6.3 5.9 5.5 5.1 4.8 4.8 5 5 5 5 5 5 5.1 5.2 5.3 5.4 5.6 5.7 5.8 5.9 6 6.1 6.3 6.5 5.4 -2.8 -2.8 -2.8 -2.8 -2.8 -2.8 -2.8 1.3 3.8 3.9 4.1 4.2 4.4 4.5 4.6 4.8 4.9 5.1 4.8 4.5 4.3 5.4 5.5 6.8
8.3 7.7 6.9 6.2 5.5 5.3 5.7 5.6 5.5 5.7 6.2 19.2 22.6 20.1 11.2 5.8 9.2 9.9 9.7 10.1 10.3 10.2 10.3 10.1 9.9 9.8 9.7 9.6 9.4 9.2 9 8.7 8.4 8.1 7.8 7.6 7.3 6.7 6.1 5.8 5.4 5.2 5.3 5.2 3.2 5.1 5.1 5.1 5.1 5.1 5.1 5.1 5.3 5.4 5.5 5.6 5.7 5.8 5.9 6 6.1 6.2 6.4 5.4 -2.8 -2.8 -2.8 -2.8 -2.8 -2.8 -2.8 1.3 3.8 3.9 3.9 4 4.1 4.2 4.3 4.5 4.6 4.8 4.6 4.3 4.3 4.3 4.8 5.6
8.5 8 7.3 6.5 5.8 5.2 3.9 5.8 5.9 5.8 5.5 8.3 18.1 16.9 8.8 7.4 13.5 13.7 12.8 10.3 10.2 10.3 10.3 10.2 9.9 9.7 9.6 9.5 9.3 9 8.7 8.4 8.1 7.8 7.5 7.3 6.9 6.3 5.7 5.5 5.4 5.3 5.1 5 2.1 5.2 5.2 5.2 5.2 5.2 5.2 5.3 5.3 5.5 5.6 5.7 5.8 5.9 6 6.1 6.2 6.3 6.4 5.4 -2.8 -2.8 -2.8 -2.8 -2.8 -2.8 -1.1 1.4 3.8 3.9 3.9 4 4 4.1 4.1 4.2 4.3 4.5 4.5 4.3 4.3 4.3 5.9 5.8
8.7 8.2 7.6 6.8 5.7 5.5 5.4 6.2 6 5.7 5.7 6.7 9.2 14.3 6.4 11.6 20.8 17.3 11.4 10.3 10.4 10.5 10.3 10.2 10.1 9.8 9.5 9.3 9.1 8.8 8.5 8.2 7.9 7.6 7.3 7 6.4 6 5.6 5.2 5.1 4.9 4.8 4.9 2.3 5 5.2 5.3 5.4 5.4 5.4 5.4 5.4 5.5 5.7 5.8 5.9 5.9 6 6.1 6.2 6.2 6.2 5.4 -2.8 -2.8 -2.8 -2.8 -2.8 -2.8 -0.8 1.4 3.7 3.9 3.9 4 4 4.1 4.1 4.1 4.2 4.2 4.3 4.2 4.1 -2.8 4.6 5.4
8.9 8.4 7.9 6.8 5.7 5.7 5.6 5.4 5.9 6 6.9 7.4 7.3 5.7 8.2 19.7 25.5 20.7 12.4 10.5 10.5 10.5 10.4 10.3 10.3 9.9 9.5 8.8 8.7 8.5 8.3 8 7.7 7.4 7 6.7 6.4 6 5.6 5.1 4.7 4.7 4.7 4.7 4.7 4.8 4.9 5.1 5.3 5.4 5.5 5.5 5.5 5.6 5.7 5.8 5.9 6 6 6 6 6 6 5.4 -2.8 -2.8 -2.8 -2.8 -2.8 -2.8 -0.6 1.5 3.6 3.9 3.9 4 4 4.1 4.1 4.2 4.2 4.3 4.2 4 3.9 -2.8 4.7 5.6
9 8.5 8 6.9 5.8 5.6 5.5 5.6 6.2 6.5 7 7.2 6.6 5.6 8.8 21.9 33.9 22.9 13.3 11.7 10.7 10.6 10.7 10.8 10.3 9.7 8.6 8.1 8 7.8 7.7 7.6 7.3 6.9 6.4 6.3 6.3 6 5.6 5.1 4.7 4.6 4.7 3.9 4.8 4.9 5 5.1 5.2 5.3 5.4 5.5 5.6 5.7 5.8 5.8 5.8 5.8 5.9 5.9 5.9 5.9 5.9 5.3 -2.8 -2.8 -2.8 -2.8 -2.8 -2.8 -0.3 1.6 3.6 4 4.2 4.3 4.3 4.2 4.2 4.2 4.2 4.3 4.1 -2.8 -2.8 -2.8 4.7 5.5
9.1 8.6 8.1 7 5.8 5.5 5.5 5.5 6 6.6 6.7 6.9 6 5.5 7.4 22.1 29 23 15.9 15.8 11.6 11.2 11.3 11 10.2 8.5 7.9 7.5 7.3 7.1 7 6.9 6.7 6.2 5.8 5.9 5.9 5.9 5.6 5.2 4.7 4.7 4.8 4.7 4.9 5 5.1 5.2 5.3 5.4 5.4 5.5 5.6 5.7 5.7 5.7 5.7 5.7 5.7 5.7 5.7 5.7 5.7 5.2 -2.8 -2.8 -2.8 -2.8 -2.8 -1.8 0 1.8 3.7 4 4.2 4.4 4.6 4.8 4.8 4.8 4.8 4.5 -2.8 -2.8 4.3 4.3 4.8 5.3
9.2 8.7 8.1 7.2 6 5.6 5.6 5.6 5 6.3 6.5 6.3 5.9 5.7 5.6 16.1 20.3 20.8 19.2 19 15.1 12.8 13.8 12.1 11.5 10.3 7.9 6.9 6.6 6.5 6.3 6.2 6 5.6 5.4 5.4 5.4 5.5 5.5 5.2 4.8 4.5 3.6 4.9 4.9 5 5.1 5.2 5.3 5.4 5.5 5.6 5.7 5.8 5.7 5.6 5.5 5.5 5.5 5.5 5.5 5.5 5.6 5.4 -2.8 -2.8 -2.8 -2.8 -2.8 -1.4 0.4 2.1 3.8 4 4.2 4.4 4.6 4.9 5.1 5.3 5.3 -2.8 -2.8 4.2 4.3 4.2 4.1 4.6
9.4 8.8 8.2 7.4 6 5.9 5.9 5.9 5.9 6.5 6.3 6.1 5.7 5.6 5.9 13.9 18.2 17.3 27 21.8 19.8 18.3 20.8 19.6 20.7 13.1 9 7.2 5.9 5.8 5.6 5.5 5.4 5 4.9 5 5 5 5 5.1 4.8 4.5 4.8 4.9 4.9 5.1 5.2 5.3 5.4 5.5 5.5 5.6 5.7 5.9 5.9 5.6 5.5 5.4 5.4 5.4 5.4 5.4 7.4 -2.8 -2.8 -2.8 -2.8 -2.8 -2.8 -0.7 1 2.7 3.9 4.1 4.3 4.5 4.7 4.9 5.1 -2.8 -2.8 -2.8 -2.8 -2.8 -2.8 -2.8 -2.8 -2.8
9.4 8.8 8.2 7.2 6.1 6.1 6 5.9 5.8 3.7 5.5 5.6 5.7 6.6 8.4 12 10.8 15.3 28.1 23.9 22.8 22.8 23.9 20.1 22.3 15.5 9.3 7.1 6 5.2 5 4.8 4.7 4.4 4.5 4.5 4.6 4.6 4.6 4.6 4.7 4.4 4.4 5 5 5.1 5.2 5.3 5.4 5.5 5.6 5.7 5.8 5.9 6 5.8 5.6 5.4 5.4 5.3 5.2 5.4 4.7 -2.8 -2.8 -2.8 -2.8 -2.8 -1.6 0.1 1.7 3.4 3.8 4.1 4.3 4.5 4.7 4.9 4.9 -2.8 -2.8 -2.8 -2.8 5.4 5.2 5.2 4.7 -2.8
9.4 8.6 7.7 6.7 6 6 6 5.8 6 5.7 6 5.5 5.4 5.4 8.9 7.2 7 15.8 25.1 22.7 25.1 27.9 28.7 27.9 27.9 20.3 11.7 7 6.1 5.2 4.5 4.3 4.2 4.2 4.3 4.3 4.4 4.5 4.5 4.6 2.8 4.5 4.6 4.7 5.1 5.2 5.3 5.4 5.5 5.5 5.6 5.8 5.9 6 6 6 5.7 5.5 5.4 7.4 5.3 4.6 -2.8 -2.8 -2.8 -2.8 -2.8 -2.8 -0.8 0.8 2.4 3.8 3.8 4 4.2 4.4 4.6 4.7 4.2 -2.8 -2.8 -2.8 -2.8 7.1 6.7 6.5 5.6 4.6
8.9 8.1 7.3 6.2 5.9 5.9 5.9 5.9 5.8 4.2 6 5.3 5.4 6.6 7.2 6.9 6.7 16.3 20.8 19.1 21.8 26.9 30 33.8 31.9 27.7 13.3 6.2 5.5 4.7 4.2 4.2 4.2 4.2 4.2 4.4 4.5 4.6 4.6 4.7 4.5 4.6 4.7 4.8 4.9 5.2 5.3 5.4 5.5 5.6 5.7 5.8 5.9 6 6.1 6.1 5.9 5.6 6.3 5.3 4.7 -2.8 -2.8 -2.8 -2.8 -2.8 -2.8 -1.6 -0.1 1.5 3.1 -2.8 -2.8 3.9 4.1 4.2 4.4 4 3.8 -2.8 -2.8 -2.8 -2.8 8 7.4 7.4 7.4 6.5
8.5 7.6 6.8 5.7 5.8 5.8 5.8 5.8 5.8 2.5 6.1 5.3 6.2 6.1 6 5.9 10.9 14.5 19 16.9 17.9 25.4 31.9 36.3 35.4 31.5 17.2 6.7 4.6 4.2 4.2 4.2 4.2 4.2 4.2 4.4 4.5 4.6 4.7 4.6 4.6 4.7 4.8 4.9 5 5.2 5.4 5.5 5.5 5.7 5.8 5.9 6 6.1 6.2 6.2 7.1 6.2 5.6 4.8 -2.8 -2.8 -2.8 -2.8 -2.8 -2.8 -2.8 -0.9 0.7 2.3 3.8 -2.8 -2.8 -2.8 -2.8 4 3.8 3.8 -2.8 -2.8 -2.8 -2.8 11.3 7.2 6.9 6.9 7 7.1
7.7 7.2 6.3 5.6 5.6 5.6 5.6 5.7 5.7 4.4 6.1 5.7 5.9 6.3 6.5 6.6 8.2 11.5 12.9 13.7 14 19.9 31.2 35.7 30.6 26 10.4 6.3 4.9 4.3 4.2 4.2 4.2 4.2 4.2 5.1 5 4.9 4.6 4.6 4.8 4.8 4.9 5 5.1 5.2 5.4 5.5 5.6 5.7 5.8 5.9 6.1 6.2 6.2 7.8 5.8 5.2 4.7 -2.8 -2.8 -2.8 -2.8 -2.8 -2.8 -2.8 -1.6 -0.1 1.5 3 3.8 -2.8 -2.8 -2.8 -2.8 -2.8 3.8 3.8 -2.8 -2.8 -2.8 -2.8 6.6 8.3 8 6.9 6.9 7.1
6.7 6.6 5.9 5.5 5.5 5.5 5.4 5.1 5.1 5.5 6.8 6.8 7 7.1 7.3 7.4 7.6 9.8 9.7 8.9 14.2 19.3 27.8 32.5 29.2 20.7 8.6 6.2 5.1 4.5 4.2 4.2 4.2 4.2 4.4 5 5.7 5.2 5.1 5.1 5 5 5.1 5.2 5.3 5.4 5.5 5.6 5.7 5.8 5.9 6 6.1 6.2 6.1 6.1 5.5 5 4.4 -2.8 -2.8 -2.8 -2.8 -2.8 -2.8 -2.8 -2.3 0.7 2.2 3.8 3.8 3.8 -2.8 -2.8 -2.8 -2.8 3.8 3.8 -2.8 -2.8 -2.8 6 7.5 10.1 9.5 7.7 6.7 6.7
5.8 5.7 5.4 5.3 5.3 5.2 5.2 5.2 5.2 5.5 6.2 6.3 6.5 6.7 6.9 7.1 7.1 7.2 7.6 8.3 8.5 17.9 20.1 27.3 30.5 25.3 13.2 6.1 4.9 4.4 4.2 4.2 4.2 4.2 4.5 2.9 5.3 5.2 5.2 5.1 5 5 5.2 5.3 5.4 5.5 5.5 5.4 5.5 5.7 5.9 6.1 8.1 6.1 6.1 5.8 5.3 4.7 -2.8 -2.8 -2.8 -2.8 -2.8 -2.8 -2.8 -2.8 -2.8 -1.1 1.9 3.8 3.8 3.8 -2.8 -2.8 -2.8 -2.8 -2.8 -2.8 -2.8 -2.8 6.5 10 9.2 11.4 13.9 11.9 6.7 6.6
5 5.2 5.4 5.6 5.5 5.5 5.5 5.5 6 5.8 5.6 6.5 6.2 6.4 6.6 6.8 6.5 6.7 6.8 6.9 8.3 14.7 17.7 21.2 24.6 17.1 10.8 5.3 4.7 4.4 4.3 4.2 4.2 4.3 4.7 5 5.2 5.3 5.1 5.1 5 5 5.3 5.5 5.6 5.6 5.5 5.3 5.3 5.3 5.5 6.3 6.1 5.7 5.4 5.1 4.8 4.4 -2.8 -2.8 -2.8 -2.8 -2.8 -2.8 -2.8 -2.8 -2.8 -2.8 3.4 3.8 3.8 3.8 -2.8 -2.8 -2.8 -2.8 -2.8 -2.8 12 11.6 11.7 14.2 12.7 15.1 18.9 15.6 7.5 7.3
4.9 5.1 5.3 5.6 5.8 5.8 5.8 6.1 5.8 5.8 5.8 6.5 6.1 6.1 6.3 6 6 6.1 6.3 6.6 6.5 12.6 15.8 19.2 15.3 8.7 7.3 5 4.8 4.5 4.8 4.8 4.7 4.7 4.8 4.9 5.2 5.2 5.1 5.1 5 4.9 5.2 5.5 5.7 5.5 5.4 5.2 5.1 5.1 6.4 6 5.5 5.1 4.7 4.4 -2.8 -2.8 -2.8 -2.8 -2.8 -2.8 -2.8 -2.8 -2.8 -2.8 -2.8 -2.8 3.8 3.8 3.8 3.8 -2.8 -2.8 -2.8 8.6 10.7 11.6 14.7 16.2 18 19.9 19.7 18.7 20.4 18.7 17.5 10.9
4.9 5.1 5.3 5.6 5.9 6.1 6.2 6.1 6.1 6.2 6.3 4.4 5.8 5.8 5.7 5.3 5.5 5.8 6.1 6.1 6 5.9 9.3 12.8 7.3 7.4 6.4 5.2 4.9 4.7 5.2 2.8 5 4.9 4.9 5 5 5.1 5.1 5 5 4.9 5.2 5.5 5.4 5.4 5.3 5.1 7.1 6.3 6.1 5.8 5.3 4.7 4.2 3.8 -2.8 3.8 -2.8 -2.8 -2.8 -2.8 -2.8 -2.8 -2.8 -2.8 -2.8 -2.8 3.8 3.8 3.8 3.8 -2.8 -2.8 8.5 9.5 15.3 16.4 21.3 23.4 23.7 25.2 27.7 29 31.2 31.2 27.6 22.2
4.9 5.1 5.2 5.5 5.9 6.2 6.4 6.4 6.4 6.4 5.9 5.1 5 4.9 4.3 4.9 5.3 5.5 5.7 5.6 5.6 5.7 7.4 6.7 9.1 9.2 6.9 5.1 5.1 5.1 4.8 6.4 5.2 5.1 5.1 5.1 5 5.1 5.1 5 5 5 5.2 5.2 5 5 6.2 6.2 5.9 5.9 5.7 5.4 5.1 4.6 4 3.8 3.8 3.8 -2.8 -2.8 -2.8 -2.8 -2.8 -2.8 -2.8 -2.8 -2.8 3.8 3.8 3.8 3.8 -2.8 -2.8 7.7 13.6 14.8 26 28.1 29.9 31.5 31.8 32.7 33.9 35.1 38.3 37.8 36.8 32.7
5.1 5 5.2 5.5 5.8 6 6 5.8 5.8 6 6 5.6 5.1 5.1 5.1 4 4.9 5.3 5.2 5.3 5.3 5.6 6.8 5.9 6.5 7.1 7.5 5.1 4.9 5.1 5.1 7.8 5.3 5.4 5.2 5.2 5.1 5.1 5 5 5 5 5.1 6.1 6.1 6.1 5.8 5.4 5.1 5.1 5.1 5 4.8 4.4 3.9 3.7 3.8 -2.8 -2.8 -2.8 -2.8 -2.8 -2.8 -2.8 -2.8 -2.8 -2.8 3.8 3.8 3.8 3.8 -2.8 -2.8 9.3 17.3 15.4 35.2 38.2 39.3 37.6 39.6 40.3 40.8 41 44.6 45.4 44.3 42.5
5.3 5.2 5.2 5.4 5.8 5.6 5.5 5.9 5.8 5.8 5.8 5.9 5.6 5.3 5.2 5 2.5 5.1 5.1 5 5.3 5.4 5.6 4.7 4.8 5 6.1 5.2 4.9 4.7 6 6.2 5.2 5.1 7.4 5.3 5.2 5.1 5 5 6.7 4.5 5.2 5.3 5.2 5.1 4.9 4.5 4.4 4.4 4.4 4.3 4.3 4.2 3.7 3.7 3.8 -2.8 -2.8 -2.8 -2.8 -2.8 -2.8 -2.8 -2.8 -2.8 -2.8 3.8 3.8 -2.8 -2.8 -2.8 7.5 7.9 12.8 14.6 37.8 44.4 45.5 47.1 48.1 47 48.5 50.3 52.2 52.7 52.5 50.6
5.4 5.4 5.2 5.3 5.7 5.5 5.4 5.7 5.7 5.8 5.6 5.7 5.7 5.6 5.4 5.1 4.7 3.1 4.7 4.9 5.2 5.2 4.9 5 5.3 5.4 5.2 4.3 3.5 4.5 5.6 6.5 6.3 7.4 7.3 6 6.4 5.1 4.2 3.4 2.9 3.3 4.1 4.4 4.3 4.1 4 3.7 3.7 3.6 3.6 3.6 3.6 3.6 3.5 3.7 3.8 3.8 3.4 -2.8 -2.8 -2.8 -2.8 -2.8 -2.8 -2.8 3.8 3.8 3.8 -2.8 -2.8 7.3 17.7 10.8 13.4 14.4 20.9 55.7 56.9 58.2 57 54.4 55.1 57.3 60.2 60.4 60 57.5
5.6 5.5 5.4 5.4 5.7 5.6 5.2 5.6 5.7 5.7 5.6 5.6 5.5 5.6 5.6 5.3 4.9 4.7 4.9 5.6 3.7 5.2 4.8 4.9 3.6 5.8 6.6 5.9 6.2 4.6 4.1 5.1 7.4 9.5 8.7 4.8 2.7 2.7 3.4 3.8 3.8 3.8 3.8 3.6 3.4 3.2 3.1 3 2.9 3 3.2 3.3 3.4 3.6 3.6 3.6 3.7 3.8 1.5 -2.8 -2.8 -2.8 -2.8 -2.8 -2.8 3.8 3.8 -2.8 -2.8 -2.8 7.6 16.3 29 16.2 14.9 15.5 27 71.5 72.4 71.1 66.2 65.7 63.6 63.2 67.2 67.1 66.1 63
5.8 5.7 5.6 5.5 5.6 5.7 5.2 5.5 5.6 5.6 5.6 5.5 5.5 5.4 5.7 5.3 5.4 5.4 5.3 5.2 5 5.1 5.1 3.4 7.2 7.9 7.6 5.7 5.3 5.3 4.6 4 3.8 5.4 12.4 3.3 3.8 3.8 3.8 3.8 3.8 3.5 2.8 3.2 3 2.8 2.8 2.9 3 3.2 3.3 3.5 3.6 3.7 3.7 3.7 3.8 3.1 -2.8 -2.8 -2.8 -2.8 -2.8 -2.8 -2.8 -2.8 -2.8 -2.8 -2.8 7.3 12.1 24.2 30.1 20.4 16.3 15.7 34.1 37.3 83.7 84.4 76.6 76.6 74.7 73.1 74.4 73.1 70.5 67.4
5.7 5.8 5.7 5.5 5.4 5.7 5.3 5.3 5.5 5.5 5.5 5.5 5.5 5.4 5.7 5.6 5.5 5.3 5.2 5.2 5.1 4.9 5.1 -2.8 7.7 7.4 7 6.7 5.2 4.4 3.8 3.8 3.8 3.8 3.8 3.8 3.8 3.8 3.7 3.7 3.5 3.2 3 2.8 2.6 2.7 2.8 2.9 3.1 3.2 3.4 3.6 3.7 3.8 3.8 3.8 3.8 0.7 -2.8 -2.8 -1 -0.2 1.6 6.1 6.4 9 8.6 7.3 7.5 11 16.4 29.1 31.3 27.2 18.5 21.2 33.2 32.9 94.4 93.9 88.7 88.2 86.7 85.1 83 80 75 71.4
5.6 5.6 5.7 5.5 5.4 5.5 5.4 5.1 5.4 5.4 5.4 5.4 5.4 5.4 5.6 5.5 5.4 5.3 5.1 5.1 5 4.9 4.8 -2.8 -2.8 7.3 6.9 5.9 4.4 3.8 3.8 3.8 3.8 3.7 3.6 3.6 3.5 3.5 3.5 3.5 3.4 3.1 2.9 2.6 2.7 2.8 2.9 3 3.1 3.3 3.4 3.6 3.8 3.8 3.8 3.8 2.3 -0.7 -2.8 -0.5 1.6 3 6.6 10.7 9.9 11.2 11 9 10.9 14.8 21.2 34.6 37.4 24.6 18.3 14.3 23 32.2 86.9 97.2 96.6 100.8 100.1 97.2 93.2 88.3 79.8 73.7
5.6 5.4 5.5 5.5 5.5 5.5 5.4 5.1 5.3 5.3 5.3 5.3 5.3 5.4 5.5 5.4 5.3 5.2 5 5.1 5 4.8 5 -2.8 -2.8 7.2 6 4.8 3.8 3.8 3.8 3.7 3.5 3.4 3.3 3.2 3.2 3.3 3.3 3.4 3.3 3 2.7 2.5 2.7 2.8 2.9 3 3.2 3.3 3.5 3.6 3.8 3.8 3.8 3.8 1.1 -2.8 -2.8 -2.8 3.1 6.1 15.4 13.6 13.1 12.9 11.2 11.2 12.9 14 23.3 36.5 52.1 37.5 20.3 16.1 15.8 14.8 64.4 100 102.1 106.7 106.8 102 96.6 89.2 80.9 72.1
5.5 5.4 5.3 5.4 5.4 5.4 5.5 5.2 5.1 5.2 5.2 5.2 5.2 4.6 5.5 5.5 5.3 5.1 4.8 5 4.9 4.9 4.9 -2.8 -2.8 5.9 5.5 4.5 3.8 3.8 3.8 3.6 3.5 3.3 3.2 3 3 3.1 3.1 3.2 3.1 2.9 2.6 2.6 2.8 2.9 3 3.1 3.2 3.3 3.5 3.7 3.8 3.8 3.8 3.2 0.7 -2.8 -2.8 -2.8 7.2 7.6 18.4 15.3 14.8 12.4 13.5 11.7 14.4 20 25.6 36.4 55.9 40.1 22 20.2 16.8 13.5 48.2 101.5 104.1 106.7 106.9 103.6 98 88.2 78.1 69.2
5.5 5.4 5.3 5.2 5.3 5.4 5.4 5.2 5 5.1 5.1 5.3 5.3 5.4 5.7 5.5 5.4 5.1 3.6 4.5 4.5 4.5 5.5 -2.8 -2.8 4.6 4.5 3.8 3.8 3.8 3.8 3.7 3.6 3.4 3.2 3.1 2.9 2.9 2.9 3 3 2.7 2.5 2.7 2.8 3 3.1 3.2 3.3 3.4 3.5 3.7 3.8 3.8 3.8 2.2 0.2 -2.8 -2.8 -2.8 7.2 11.9 18.9 15.9 15.6 15.6 13.3 12.8 21.9 21.6 26.9 34.3 46.6 44.7 24.6 21.7 19.3 29.1 47.9 98.2 105 105.4 105.6 102.9 97.3 86.3 75.3 66.1
5.4 5.3 5.2 5.2 5.1 5.2 5.1 5.2 5.2 5.1 4.9 4.5 4.3 5.3 5.7 5.7 5.4 5.4 5.3 5.2 5 4.8 7.4 -2.8 4.1 3.8 3.8 3.8 3.8 3.8 3.7 3.7 3.6 3.5 3.3 3.2 3 2.9 2.7 2.8 2.8 2.6 2.5 2.7 2.9 3 3.2 3.3 3.4 3.4 3.6 3.7 3.8 3.8 3 1.3 -0.6 -2.8 -2.8 -2.8 8.1 17.8 14 18.1 17.8 15.3 12.9 15.1 21.5 25.8 28.2 34.1 42.6 54.6 42.7 25.3 25.5 25.3 48.2 71.2 102.6 103.3 102.6 99.4 95.5 85.4 71.6 62.5
5.4 5.3 5.2 5.1 5.1 5.2 5.3 5.8 6 6.1 5.8 5.5 5.5 5.5 5.6 5.6 5.4 5.3 5.3 5.5 5.4 5.6 5 -2.8 4.7 4.5 3.8 3.8 3.8 3.8 3.7 3.7 3.7 3.6 3.4 3.3 3.1 2.9 2.8 2.6 2.6 2.5 2.6 2.8 2.9 3.1 3.3 3.4 3.5 3.5 3.6 3.7 3.8 3.1 1.9 0.4 -1.3 -2.8 -2.8 6 14 16.9 19.2 20.3 19 15.3 14.3 15.8 19.7 26.6 28.3 32.6 40.6 49 56.1 43.3 24.1 25.7 44.8 52.4 99.9 99.5 97.9 94.9 90.2 81.7 68.5 56.9
5.4 5.4 5.4 5.5 5.5 5.4 5.6 5.8 5.8 5.9 5.9 5.7 5.5 5.6 5.6 5.6 5.4 5.3 5.3 5.4 5.2 6.9 5.2 -2.8 3.8 3.8 3.8 3.8 3.8 3.7 3.7 3.7 3.6 3.6 3.5 3.3 3.2 3 2.9 2.7 2.6 2.5 2.6 2.8 3 3.1 3.3 3.5 3.6 3.6 3.7 3.8 3 2 0.9 -0.6 -2.8 -2.8 -2.8 10.1 14.2 19.8 20.9 22 19.2 15.4 16.7 17.5 20.6 26.6 25.6 29.5 37.5 46.3 52.5 51.6 28 22.9 23.8 47.8 72.9 94.2 92.4 89.6 85.1 75.8 62.4 52.5
5.6 5.7 5.7 5.8 5.9 5.3 5.5 5.6 5.6 5.7 5.8 5.8 5.6 5.5 5.6 5.5 5.4 5.2 5.2 5.4 5.4 5.1 5.3 -2.8 3.8 3.8 3.8 3.8 3.8 3.7 3.7 3.7 3.6 3.6 3.6 3.7 3.9 3.8 3.7 3.5 3.4 3.2 2.8 2.9 3 3.2 3.4 3.5 3.7 3.7 3.8 3 2.1 1.1 0 -1.4 -2.8 -2.8 -2.8 10.3 19.4 21.5 21.6 22.5 18.8 16.6 19.6 23.6 22.8 24.8 23.8 27.1 39.6 45.2 49.4 52.8 43.6 25.7 46.3 48.8 66.2 89.4 86.5 83.6 79.7 70.6 58.1 49.2
5.5 5.5 5.6 5.6 5.7 5.3 5.3 5.4 5.5 5.5 5.6 5.6 5.7 5.5 5.5 5.5 5.3 5.2 5.2 5.4 5.6 5.3 -2.8 -2.8 3.8 3.8 3.8 3.8 3.8 3.8 3.7 3.7 3.7 3.6 3.6 3.6 3.8 4 4.2 4.4 4.4 4.2 3.6 3.2 3.3 3.4 3.5 3.6 3.8 3.7 3 2.1 1.3 0.2 -0.8 -2.8 -2.8 -2.8 6.6 9.8 20 22.5 22.3 22.1 19.7 20.8 21.4 23.7 26 21.7 24.1 34.9 41.2 46.6 50.3 55.7 44.6 53.6 61.9 70.3 81.9 84.3 80.8 76.8 75.3 65.7 53.3 45.1
