GeneralExemplars/GeoExemplars/data/LakeDistrict/terrain-50-dtm_3563996/sd/SD48.asc
ncols 200
nrows 200
xllcorner 340000
yllcorner 480000
cellsize 50
[rows 117 to 155 of 200, columns 88 to 175 of 200]
38.3 32.1 28.2 25.7 20.1 15.3 12.4 9 8.9 17.7 18.1 25.6 24.6 22.6 17.8 12.5 10.5 8.2 6.4 5.1 4.6 4.2 3.8 4.7 5.1 5 5 5 5.3 5.8 6.3 6.8 7.1 8.5 8.6 8.7 8.6 7.3 5.8 5.3 5.3 5.4 5.4 5.4 5.3 4.7 4.9 5.1 5.3 5.2 5.2 5.1 5 -2.8 -2.8 -2.8 -2.8 -2.8 6.3 5.2 5 5.1 -2.8 -2.8 -2.8 -2.8 6.4 6.3 -2.8 -2.8 -2.8 6.1 6.2 6.4 6.2 6.2 6.1 6 6 6 5.9 5.7 5.4 5.4 5.6 5.7 6.4 6.2
31.9 29.5 28.7 23.9 21.6 22.1 20 12.3 7.4 11.5 16.1 19.8 17.8 18 14.6 15.2 12 6.9 6.3 5.5 4.1 4.7 4.4 4.5 5.1 5.1 5 5.1 5.2 5.7 6.2 6.7 7.1 8.6 8.7 8.7 8.6 8.5 7 5.5 5.5 5.5 5.4 5.3 5.2 4.8 4.8 5 5.2 5.4 5.4 5.3 -2.8 -2.8 -2.8 6.1 6.3 6.4 6.7 6.6 6.4 6.6 8 6.7 -2.8 -2.8 -2.8 -2.8 -2.8 -2.8 6.3 6.1 6 5.8 5.5 5.5 5.5 5.7 5.7 5.7 5.5 5.4 5.6 5.7 5.9 6 6.2 6
32.2 30.6 26.8 24.1 27.6 27.6 18.2 10.4 6.8 6.8 9.7 14.6 15.9 14.2 12.5 11.3 11.3 7.1 6 5.3 6.5 4.3 4.6 4.7 5.2 5.2 5.2 5.3 5.4 5.6 6.1 6.6 6.8 8.8 8.8 8.7 8.6 8.5 7.5 5.8 5.5 5.5 5.4 5.3 5.3 4.5 4.7 4.9 5.1 5.4 5.6 5.5 -2.8 -2.8 4.9 6.1 6.3 6.1 6.6 6.6 6.6 6.8 6.6 6.9 6.6 6.6 6.2 5.1 5.1 5.3 6 6.1 6 5.6 5.4 5.4 5.4 5.4 5.4 5.4 5.5 5.6 5.7 5.8 6 6.1 6.1 5.9
28.3 31.9 32.2 28.4 29.5 27.6 17.4 7.5 7.1 6.8 7 7.9 16.8 17.4 11.7 6.5 7.5 6.6 5.6 6.6 4 4.3 4.6 4.9 5.2 5.2 5.3 5.4 5.5 5.6 6 6.4 7.3 8.9 8.8 8.7 8.7 8.6 7.7 5.6 5.3 5.4 5.4 5.5 3.3 4.4 4.6 4.8 5.1 5.4 5.6 -2.8 -2.8 5.1 6 6.5 6.2 6.2 6.5 6.5 6.5 6.7 6.9 7.1 6.9 6.7 6.4 6.4 6.9 7.1 6.8 6.3 5.8 5.4 5.4 5.4 5.4 5.5 5.4 5.3 5.3 5.5 5.6 5.7 5.8 5.9 6 5.8
28.5 33.8 32.8 28.9 31.8 25.7 16.1 6.1 7.3 6.3 6 5.8 9.6 13.2 8.8 6.1 5.5 5.7 4.3 4.3 4.4 4.4 4.7 5 5.1 5.3 5.4 5.5 5.6 5.7 5.9 6.9 8.6 8.9 8.9 8.8 8.7 8.7 7.7 5.3 5 5.1 5.2 5.3 4.7 4.4 4.5 4.7 5 5.1 5.2 -2.8 -2.8 6.1 6.4 6.6 7.4 6.3 6.3 6.3 6.5 6.6 6.8 6.9 6.9 6.7 6.4 6.6 6.8 6.9 6.6 6.1 5.7 5.4 5.5 5.5 5.6 5.5 5.4 5.3 5.2 5.3 5.4 5.5 5.6 5.7 5.8 5.7
20.9 32.1 28.4 23.5 30.4 21.8 12.2 5.1 5.8 10 7.1 5.1 5.8 8.5 5.6 5.7 8.4 5.4 4.8 4.8 4.9 4.9 5 5 5.3 5.4 5.5 5.6 5.7 5.9 6.3 7.9 8.7 8.8 9 8.9 8.8 8.6 7.1 5 4.8 4.9 5 5.2 4.8 4.5 4.4 4.7 4.9 5.1 5.2 -2.8 -2.8 6.1 6.1 6.1 6.1 6.7 6.2 6.2 6.4 6.5 6.6 6.7 6.8 6.7 6.8 6.6 6.6 6.7 6.4 6 5.6 5.6 5.6 5.7 5.6 5.5 5.4 5.2 5.1 5.1 5.2 5.4 5.5 5.6 5.7 5.7
21.9 22.3 23.5 22 19.9 17.1 6.4 5.1 5.8 5.5 5 4.6 5 5.1 7.8 4.8 5.8 5.4 4.9 5 5.1 5.2 5.3 5.4 5.5 5.7 5.8 6 6.2 6.4 7.4 8.5 8.7 8.8 8.9 9 8.8 8 6.4 4.9 4.7 4.8 5 5.1 4.9 4.5 4.5 4.7 4.8 5.1 5.4 -2.8 -2.8 6 6 6 6 6.2 7.3 6.2 6.2 6.3 6.4 6.4 6.6 6.7 6.8 6.6 6.5 6.5 6.3 5.9 5.8 5.7 5.8 5.7 5.6 5.5 5.3 5.2 5.1 5 5.1 5.2 5.3 5.4 5.5 5.6
24 15.1 16.7 15 10.9 6.6 4.9 4.7 4.9 5.2 5.4 5.8 6.5 5.1 4.7 4.7 5.4 5.5 5 5.1 5.2 5.3 5.4 5.5 5.5 5.8 6.3 6.5 6.5 7.5 8 8.5 8.7 8.8 8.9 9 8.3 7.5 6.2 4.9 4.7 4.8 4.9 5 4.7 4.6 4.6 5 5 5.1 5.2 -2.8 -2.8 6 5.9 5.9 6 6.2 6.5 6.7 6 6.1 -2.8 -2.8 -2.8 -2.8 -2.8 -2.8 6.3 6.3 6.1 6.1 6 5.9 5.8 5.7 5.6 5.4 5.3 5.2 5 4.9 4.9 5 5.2 5.3 5.3 5.4
15.6 13.3 14.8 16.3 15.4 9.9 4.6 4.5 4.6 4.8 5 6.3 4.6 4.5 4.7 4.9 5 5.6 5.2 5.3 5.3 5.4 5.5 5.5 5.6 5.7 6.7 6.8 6.9 7 8.4 8.6 8.7 8.7 8.8 8.9 8.3 7.5 6.2 4.9 4.7 4.8 4.9 4.6 4.3 4.8 4.7 5.2 5.3 5.3 5.5 -2.8 -2.8 -2.8 5.7 5.8 6 6.3 -2.8 -2.8 -2.8 -2.8 -2.8 -2.8 -2.8 -2.8 -2.8 -2.8 -2.8 -2.8 -2.8 6.3 6.1 5.9 5.8 5.7 5.5 5.4 5.3 5.1 5 4.9 4.8 4.9 5 5.1 5.2 5.2
16.1 13.7 21.4 20.2 20.2 7.5 4.7 4.4 5.7 6.2 4.1 4.2 4.3 4.4 4.6 4.9 5.1 5.4 5.3 5.4 5.5 5.5 5.5 5.5 5.7 5.8 6.3 7 8 8.6 8.5 8.5 8.5 8.6 8.7 8.7 8.3 7.3 6.1 4.9 4.7 4.7 4.8 2.8 4.4 4.5 4.8 5 5.5 5.6 5.5 -2.8 -2.8 -2.8 5.1 5.1 -2.8 -2.8 -2.8 -2.8 -2.8 -2.8 -2.8 -2.8 -2.8 4.2 -2.8 -2.8 -2.8 -2.8 -2.8 6.4 6 6 5.9 5.7 5.5 5.4 5.2 5.1 5 4.8 4.7 4.7 4.8 4.9 5 5.1
22.3 20.3 22.5 14.1 8.2 4.8 4.3 5.6 6.3 4.2 4.2 4.4 4.5 4.6 4.7 4.9 5.1 5.3 5.4 5.5 5.5 5.5 5.5 5.6 5.7 5.9 6.3 7.5 8.6 8.6 8.6 8.5 8.4 8.4 8.5 8.6 8.2 7.2 6 5 4.7 4.7 4.7 4.4 4.6 4.7 4.8 4.9 5.7 5.5 5.5 4.9 -2.8 -2.8 4.1 -2.8 -2.8 -2.8 -2.8 -2.8 -2.8 -0.5 0.7 3.3 4.3 4.7 5.1 4.8 -2.8 -2.8 -2.8 -2.8 6 6.1 6 5.9 5.7 5.5 5.3 5.1 4.9 4.8 4.7 4.6 4.7 4.8 4.8 4.9
22.9 18.3 16.6 15.9 9.2 5.7 3.3 6.3 4.4 4.4 4.4 4.5 4.7 4.8 4.9 5.1 5.2 5.4 5.6 5.5 5.5 5.6 5.6 5.6 5.8 6 6.6 7.7 8.7 8.7 8.6 8.5 8.4 8.3 8.4 8.4 8.2 7.1 6 5.5 5.1 4.9 4.8 4.1 4.6 4.7 4.9 4.8 5.6 5.6 5.7 5.6 -2.8 -2.8 -2.8 -2.8 -2.8 -2.8 -2.8 2.4 3.5 3.1 3.3 4.5 5.2 5.5 5.8 5.8 -2.8 -2.8 -2.8 -2.8 6 6.1 6.1 6 5.9 5.6 5.4 5.2 5 4.8 4.6 4.5 4.5 4.6 4.7 4.7
23.5 17.9 14.4 15.6 8.3 5.2 6.1 4.8 4.6 4.6 4.7 4.8 4.8 5 5.1 5.2 5.4 5.6 5.9 6.2 5.9 5.6 5.6 5.7 5.9 6.2 7 7.9 8.8 8.7 8.7 8.6 8.5 8.4 8.3 8.3 8.2 7 6.5 6.1 5.6 5.2 5 4 4.5 4.9 5 5.1 4 6 6.5 6.5 -2.8 -2.8 -2.8 -2.8 -2.8 2.4 3.8 3.8 3.8 3.8 4.1 5.5 5.1 4.8 4.8 4.8 3.9 -2.8 -2.8 -2.8 -2.8 6.1 6.1 6.1 6 5.8 5.6 5.4 5.2 5 4.8 4.6 4.2 4.2 4.3 4.3
20.9 19.8 10.5 12.1 6.5 6.1 5 5 4.8 4.8 4.9 5 5.1 5.2 5.2 5.4 5.6 5.9 6.2 6.5 6.8 6.4 6.3 5.8 6.1 6.6 7.4 8.2 8.9 8.8 8.7 8.6 8.5 8.4 8.3 8.2 8.2 7.5 7 6.6 6.2 5.7 5.3 4.3 4.9 5.4 5.6 5.7 5.4 6.4 6.9 6.8 -2.8 -2.8 -2.8 -2.8 4.3 4.4 4 3.8 3.8 4 5.7 5.4 5.1 4.7 4.4 4 3.8 3.8 -2.8 -2.8 -2.8 6.2 6.1 6.1 6.1 6 5.8 5.6 5.4 5.2 4.8 4.2 3.7 4 4.3 4.6
20.6 17.5 10.9 6.3 6.7 4.7 4.7 5.1 5.1 5.1 5.1 5.2 5.3 5.4 5.5 6.1 5.9 6.2 6.4 6.7 7 8.2 7.6 6.8 6.8 7.6 8.2 8.9 8.9 8.8 8.7 8.6 8.6 8.5 8.4 8.3 8 7.2 6.8 6.4 6.1 5.7 5 4.7 5.4 5.9 6.1 6 5.8 6.2 6.1 6.2 6 -2.8 -2.8 -2.8 3.8 3.8 3.8 3.9 3.9 4.4 5.7 5.4 5.1 4.8 4.4 4.1 4 5.2 3.1 -2.8 -2.8 -2.8 6.2 6.2 6.1 6 6 5.8 5.6 5 5.2 5.4 3.7 4.3 4.5 4.8
18.6 10.9 7.2 6.7 3.5 4.8 4.9 5.1 5.2 5.3 5.4 5.5 5.6 5.7 5.8 6.8 7.1 6.9 6.7 7.6 8.4 9.2 9.2 9 8.8 8.7 8.9 9.1 9.1 9 8.8 8.7 8.6 8.5 8.4 8.3 7.8 6.2 5.8 5.4 5.1 5.3 2.8 4.8 5.5 6.2 6 5.9 5.7 5.8 5.8 5.9 7.1 6.3 5 3.8 3.8 3.8 3.8 3.9 4.2 5.9 5.7 5.6 5.3 5 4.6 4.3 3.8 3.8 3.8 -2.8 -2.8 -2.8 6 6 6 6 6 6 5.9 5.7 5.6 5.5 3.7 4.4 4.8 5.1
11.9 5.9 6.1 4.4 4.6 5 5.2 5.3 5.4 6.3 6.5 6.4 6.2 6.1 6.1 7.4 8.3 8.1 7.5 7.7 8.5 9.3 9.3 9.1 9 9 9.1 9.3 9.3 9.2 9 8.9 8.7 8.5 8.4 8.4 7.7 5.8 4.8 4.9 5 5.2 3 5.3 5.9 5.9 5.7 5.6 5.7 5.7 5.8 5.6 5.5 6.5 6.2 5.9 3.8 3.9 3.8 3.8 4.3 5.9 5.8 5.6 5.5 5.1 4.8 4.5 4 3.8 3.8 3.8 -2.8 -2.8 -2.8 6.3 6.3 6.3 6.1 5.9 5.7 5.6 5.6 5.6 3.8 4.8 5.1 5.4
7.2 4.9 4.9 4.5 4.8 5.3 5.4 5.6 5.7 6.7 7.7 8 7.8 7.6 7.6 8.6 9.4 9.1 8.4 7.8 8.6 9.4 9.4 9.3 9.2 9.3 9.4 9.5 9.6 9.4 9.2 9.1 8.9 8.8 8.6 8.4 7.3 4.9 4.7 4.9 5.1 5.3 2.8 5.5 5.7 5.5 5.5 5.5 5.6 5.6 5.7 5.8 5.7 6.4 6.1 5.8 5.4 5.6 6.2 6 5.9 5.7 5.7 5.7 5.6 5.3 5 4.6 4.1 3.8 4.2 4 -2.8 -2.8 -2.8 6.5 6.6 6.4 6.1 5.9 5.6 5.4 5.1 5.1 4.4 5 5.2 5.3
5.3 7.3 4.5 4.5 4.7 5.1 5.7 5.8 6 7.1 8.1 9.1 9.4 9.1 8.7 9.1 9.9 9.9 9.2 8.5 8.8 9.6 9.6 9.4 9.4 9.5 9.6 9.7 9.8 9.6 9.4 9.2 9 8.7 8.5 8.1 5.7 5 4.9 4.7 5 5.2 4.4 5.5 5.4 5.3 5.4 5.4 5.5 5.6 5.6 5.7 5.7 6.8 6 5.7 5.4 6 6 5.8 5.7 5.6 5.6 5.6 5.6 5.5 5.2 4.8 4.2 3.8 5.1 4.8 1.6 -2.8 -2.8 -2.8 6.6 6.3 6.1 5.8 5.6 5.3 5.1 4.8 4.6 4.9 5.2 5.2
5.4 4.4 4.6 4.6 4.7 4.9 5.6 6.1 6.4 7.5 8.5 10.8 9.7 9.2 9.2 9.6 9.9 10 10 9.4 8.9 9.7 9.7 9.6 9.7 9.8 9.9 10 9.8 9.5 9.2 9 8.7 8.4 8.4 6.4 5.7 5.2 5 4.8 4.8 5 5.6 5.2 5.2 5.2 5.3 5.4 5.4 5.5 5.5 5.6 5.7 5.5 6 5.7 5.8 5.9 5.7 5.6 5.4 5.3 5.4 5.4 5.4 5.4 5.4 4.9 4.4 3.9 3.8 4.7 1.8 -2.8 -2.8 -2.8 6.5 6.3 6 5.8 5.6 5.3 5.1 4.8 4.6 4.9 5.2 5.3
7.9 4.6 3.1 4.8 4.8 4.8 5.4 6.1 6.8 8.9 11.1 12.1 9.9 9.8 9.8 10 10 10 10 10.1 9.5 9.8 9.8 9.9 10 10 9.9 9.7 9.7 9.3 8.9 8.7 8.4 8.3 7.4 6.7 6 5.3 5.2 5 4.8 4.9 5.3 5.1 5.1 5.1 5.2 5.3 5.3 5.4 5.4 5.4 5.4 5.5 5.6 5.8 5.7 5.6 5.5 5.3 5.2 7.3 6.2 5.8 6.1 5.7 5.5 5 4.6 4.1 3.8 3.8 1 -2.8 -2.8 -2.8 6.6 6.5 6.3 6.1 5.9 5.7 5.4 5.2 4.9 5 5.3 5.4
4.1 4.7 4.9 4.9 4.9 5.5 6.5 7.1 8.3 11.4 15 12.1 9.8 9.8 9.8 9.9 10 10 10.1 10.1 10.2 10 10.1 10.1 10 9.8 9.7 9.5 9.5 9.5 8.8 8.4 8.3 8.4 7.6 6.9 6.2 5.5 5.3 5.2 5 4.9 5.1 4.9 5 5 5.1 5.2 5.1 5.2 5.3 5.4 5.5 5.5 5.6 5.6 6.5 5.4 6.1 5.5 5.5 5.7 8.5 6.4 6 5.8 5.6 5.1 4.5 4.2 3.8 3.6 -0.2 -2.8 -2.8 -2.8 6.3 6.3 6.2 6.2 6.1 6.1 5.9 5.7 5 5.1 5.3 5.5
4.3 4.6 3.6 5.3 5.9 6.5 8 7.9 8.6 12.1 13.7 10.6 9.6 9.7 9.8 9.9 9.9 10 10 10.1 10.2 10.2 10.1 9.9 9.8 9.6 9.5 9.3 9.3 9.4 8.4 8.5 8.6 8.5 8.3 7.5 6.8 6 5.6 5.4 5.3 5.2 5 4.8 4.9 4.9 5 5 5.1 5.2 5.3 5.4 5.4 5.5 5.5 5.6 5.6 5.5 5.5 5.5 5.5 5.7 8.1 6.3 6.1 5.9 5.7 5.4 4.4 4.1 3.9 1.9 -2.8 -2.8 -2.8 6.3 6.3 6.2 6.2 6.1 6 6 5.9 5.7 5 4.8 5.2 5.4
4.6 4.9 3.2 5.7 6.6 7.5 7.8 8 8.7 10.4 10.8 9.4 9.5 9.6 9.8 9.8 9.9 9.9 10 10.1 10.1 10.1 9.9 9.8 9.6 9.4 9.3 9.1 9.1 8.2 8.2 8.6 8.5 8.4 8.3 8.2 7.4 6.6 6 5.7 5.4 5.2 5 4.7 4.8 4.9 5 5 5.1 5.2 5.3 5.3 5.4 5.4 5.4 5.5 5.5 5.4 5.4 5.4 5.5 5.6 8.2 6.2 6.2 6.1 5.9 5.7 4.8 3.9 2.6 0.3 -2.8 -2.8 -2.8 6.4 6.4 6.3 6.2 6.2 6.1 6 5.7 5.2 4.7 4.5 4.9 5.2
5 5 4.9 5.3 5.9 6.1 5.9 6.1 7.7 7.6 7 9.3 9.5 9.6 9.7 9.8 9.8 9.9 9.9 10 10 9.9 9.6 9.6 9 9.4 9.1 8.9 8.2 8.7 8.6 8.5 8.6 8.5 8.3 8.1 8 7.1 6.4 6.1 5.8 5.6 5.1 4.6 4.8 4.9 4.9 5 5.1 5.2 5.2 5.3 5.3 5.3 5.4 5.4 5.4 5.3 5.3 5.3 5.4 5.5 7.9 6.4 6.2 6.1 5.9 5.8 5.1 3.4 1.2 -2.8 -2.8 -2.8 -2.8 6.5 6.5 6.4 6.3 6.3 6.2 5.8 5.2 4.7 4.2 4.2 4.6 5
5.1 5.2 4.8 5.4 6.8 6.9 6.3 5.8 6.2 6.7 6 8.9 9.5 9.6 9.7 9.7 9.8 9.8 9.8 9.8 9.8 9.8 9.6 9.4 9.2 8.6 8.2 9 9 9 8.9 8.7 8.7 8.7 8.5 8.4 8.1 7.7 6.7 6.5 6.2 5.5 4.8 4.4 4.8 4.9 4.9 5 5.1 5.2 5.2 5.2 5.2 5.2 5.3 5.3 5.3 5.2 5.2 5.2 5.2 6.8 6.4 6.4 6.3 6.1 6 5.8 4.3 2.2 0 -2.8 -2.8 -2.8 -2.8 6.6 6.5 6.5 6.4 6.3 5.8 5.3 4.7 4.5 4.2 4.1 4.4 4.7
5.2 5.2 5.2 5.5 6.2 6.8 6.1 5.5 5.5 5.6 6.4 8.4 9.4 9.5 9.6 9.7 9.7 9.7 9.7 9.7 9.7 9.7 9.5 9.1 9.1 9.3 9.2 9.2 9.1 9.1 9 9 8.9 8.9 8.7 8.6 8.1 7.7 7.1 6.5 5.8 5 4.8 4.5 4.6 4.9 4.9 5 5 5.1 5.1 5.1 5.1 5.2 5.2 5.2 5.2 5.2 5.1 5.1 5.1 6.3 6.3 6.2 6.2 6.1 5.9 5.6 3.5 1.1 -1.1 -2.8 -2.8 -2.8 -2.8 6.6 6.6 6.6 6.3 5.8 5.5 5.2 4.9 4.6 4.3 4.3 4.5 4.8
5.7 5.3 5.2 5.4 6 6.4 6 5.3 5.4 5.8 6.8 9 8.9 9.5 9.6 9.6 9.6 9.6 9.6 9.6 9.6 9.5 9.4 8.8 9.4 9.4 9.4 9.3 9.3 9.3 9.2 9.1 9.1 9 8.9 8.6 8.2 7.7 7.3 6.4 5.6 5.1 5.1 4.7 4.8 4.9 4.9 4.9 5 5 5 5 5 5.1 5.1 5.1 5.1 5.1 5.1 5 5 4.8 6.4 6.3 6.2 6 5.9 4.9 3 0.4 -2.8 -2.8 -2.8 -2.8 -2.8 7.9 6.8 6.4 6.2 5.8 5.5 5.2 4.9 4.7 4.5 4.3 4.6 4.9
5.8 5.8 5.4 5.4 5.7 5.8 5.7 5.3 5.9 6.9 7.9 8.9 9.3 9.4 9.5 9.5 9.5 9.5 9.5 9.5 9.5 9.4 9.2 9.3 9.5 9.4 9.4 9.3 9.3 9.3 9.2 9.2 9.2 9.1 9.1 8.7 8.3 7.9 7.3 6.5 5.9 5.6 5.4 4.2 5.1 4.9 4.9 4.9 4.9 4.9 4.9 4.9 5 5 5 5 5 5 5 4.9 4.8 4.7 6.2 6 5.9 5.6 5.3 4.5 2.3 -0.5 -2.8 -2.8 -2.8 -2.8 -2.8 6.2 8.1 6.5 6.1 5.8 5.6 5.3 5.1 4.8 4.5 4.4 4.7 4.9
5.3 5.3 5.3 5.1 5.3 5.2 5.2 5.4 6.2 7.1 7.9 8.7 7.9 7.9 9.1 9.4 9.4 9.4 9.3 9.3 9.3 9.3 9.3 9.4 9.5 9.5 9.4 9.4 9.3 9.3 9.3 9.2 9.2 9.1 9 8.8 8.4 8 7.4 6.6 6.4 6.2 6 3.4 5.4 5 4.8 4.8 4.8 4.8 4.8 4.8 4.9 4.9 4.9 4.9 5 4.9 4.9 4.8 4.8 4.8 5.8 5.6 5.2 4.9 4.5 4 1.5 -0.5 -2.5 -2.8 -2.8 -2.8 -2.8 5 6.3 7.5 6.1 5.9 5.6 5.4 5.2 5.1 4.7 4.2 4.5 4.8
5.1 5.1 5 5 5 5 5.1 5.5 5.2 6.2 7.3 8.9 8.4 6.5 7.8 8.6 9.3 9.3 9.3 9.3 9.3 9.4 9.4 9.5 9.6 9.5 9.4 9.4 9.3 9.3 9.3 9.2 9.2 9.2 9 8.8 8.5 8.1 7.4 7.2 7 6.7 6.2 3.4 5.2 5 4.8 4.8 4.8 4.8 4.8 4.8 4.8 4.8 4.8 4.8 4.9 4.9 4.8 4.8 4.9 5 6.3 5.2 4.9 4.5 4.1 3.4 1.7 0.2 -1.8 -2.8 -2.8 -2.8 -2.8 4.6 5.6 6.3 6.6 6 5.9 5.8 5.7 5.1 4.7 4.2 4.4 4.9
5 5 4.9 4.8 4.3 4.7 5.1 5.6 6 5.3 6.3 8.9 7.9 6 6.3 7.3 8.2 9 9.2 9.4 9.4 9.5 9.5 9.6 9.6 9.5 9.5 9.4 9.4 9.3 9.3 9.3 9.2 9.2 9 8.7 8.5 8.2 7.8 7.3 6.8 6.4 5.9 4.7 5.3 5.1 4.9 4.8 4.8 4.8 4.8 4.8 4.8 4.8 4.8 4.8 4.8 4.9 5 5.1 5.2 5.3 7.1 5.3 4.8 4.4 4 2.7 1 -0.6 -2.8 -2.8 -2.8 -2.8 -2.8 4.4 5.2 5.6 5.9 6.3 6.4 6.1 5.7 5.3 4.8 4.5 4.6 5.3
5 4.9 4.8 4.9 4.9 4.8 5.2 5.6 6.3 5.8 5.3 7 6.3 5.5 5.8 7.5 9 9.2 9.3 9.4 9.5 9.6 9.5 9.6 9.7 9.6 9.5 9.4 9.4 9.3 9.3 9.3 9.2 9.2 8.9 8.7 8.4 8.2 7.5 7.2 6.8 6.4 5.9 5.5 5.3 5.1 4.9 4.8 4.8 4.8 4.8 4.8 4.8 4.8 4.8 4.8 4.8 5 5.2 5.5 5.7 5.8 5.9 5.5 4.9 4.4 3.8 2 0.1 -1.5 -2.8 -2.8 -2.8 -2.8 -2.8 4.2 4.6 5.1 5.7 6.2 7.7 6.4 6 5.6 5.3 4.9 4.4 5
4.9 4.8 4.8 4.9 4.9 3.9 5.2 5.6 6.3 6.9 6.8 6.8 6.2 6.3 6.6 8 9.2 9.3 9.4 9.4 9.6 9.6 9.6 9.7 9.7 9.6 9.5 9.4 9.4 9.4 9.3 9.3 9.3 9.2 8.9 8.6 8.4 8.2 7.4 6.9 6.5 6.1 5.8 5.5 5.3 5.2 4.9 4.8 4.8 4.8 4.8 4.8 4.8 4.7 4.7 4.8 4.9 5.1 5.3 5.5 5.9 6.2 6.4 5.7 4.9 4.3 3.2 1.1 -0.9 -2.8 -2.8 -2.8 -2.8 -2.8 -2.8 4.2 4.9 5.5 6 6.6 12.2 7.3 5.9 5.5 5.4 5.2 4.4 4.9
4.8 4.8 4.8 4.8 5 4.8 5 5.4 5.8 6.4 6.9 7.3 7.3 8.1 7.8 9.1 9.4 9.4 9.4 9.5 9.6 9.7 9.7 9.8 9.7 9.7 9.6 9.5 9.4 9.4 9.3 9.3 9.3 9.1 8.9 8.6 8.4 8.1 7.4 6.5 6.2 5.8 5.4 5.6 5.5 5.2 5 4.8 4.8 4.8 4.8 4.7 4.7 4.7 4.7 4.9 5 5.2 5.4 5.6 5.8 6 6.5 5.7 4.9 4.1 2.4 0.3 -2.8 -2.8 -2.8 -2.8 -2.8 -2.8 4.1 4.5 4.9 5.5 6.4 6.9 12.8 6.8 5.9 5.8 5.7 5.6 4.6 4.7
4.7 4.8 4.8 4.8 5.2 5.2 4.7 5.1 5.4 5.7 6.6 8.2 8.9 14.3 10.6 9.8 10 9.6 9.5 9.6 9.7 9.8 9.8 9.9 9.8 9.7 9.6 9.5 9.4 9.4 9.4 9.3 9.3 9.1 8.8 8.6 8.4 8.1 7.4 6.5 5.8 5.5 5.5 5.4 5.3 5.1 5 4.8 4.8 4.7 4.7 4.6 4.6 4.7 4.8 5 5.1 5.3 5.4 5.6 5.8 6 6.2 5.8 4.9 3.9 1.8 -0.4 -2.8 -2.8 -2.8 -2.8 -2.8 -2.8 4.3 4.7 5.1 5.5 6 12.2 11.3 6.7 6.3 6.2 6 5.8 4.8 4.5
4.7 4.7 4.7 4.9 4.9 5 4.4 4.8 5.2 5.4 9.4 15.6 17.1 18.2 12.5 11.1 10.5 10.2 9.9 9.7 9.7 9.8 9.9 9.9 9.8 9.7 9.6 9.6 9.5 9.4 9.4 9.3 9.3 9 8.8 8.6 8.3 8.1 7.3 6.5 5.6 5.3 5.2 5.2 5.1 5 4.9 4.8 4.7 4.6 4.6 4.6 4.7 4.8 4.9 5 5.2 5.3 5.5 5.7 5.9 6.1 6 5.9 4.8 3.5 1.3 -0.9 -2.8 -2.8 -2.8 -2.8 -2.8 4.1 4.5 4.9 5.3 5.6 6 11 6.5 6.1 6.3 6.4 6.3 6 5 4
5 4.9 4.8 4.8 5 5.2 4.5 4.7 4.9 6.3 13.9 27.7 29.3 22.9 12 10.2 10.2 10.3 10.4 10.1 9.8 9.9 9.9 9.9 9.8 9.8 9.7 9.6 9.5 9.4 9.4 9.4 9.3 9 8.8 8.5 8.3 8.1 7.3 6.5 5.7 5.3 5.3 5.2 5.2 5.1 4.9 4.7 4.6 4.6 4.5 4.6 4.8 4.9 5 5.1 5.3 5.4 5.6 5.8 5.9 5.9 6.1 6 4.7 3.2 1 -1.2 -2.8 -2.8 -2.8 -2.8 -2.8 4.5 4.9 5.4 5.9 6.4 6.7 6.6 6.3 6 6.3 6.9 6.6 5.9 5.1 4.2
5.4 5.2 4.9 4.8 5.1 5.4 3.9 5 5.2 9.7 17.5 32.9 31.8 26.2 14.1 10 9.8 9.9 10 10.1 10.2 10 10 10 9.9 9.8 9.7 9.6 9.6 9.5 9.4 9.4 9.2 9 8.7 8.5 8.3 8.1 7.3 6.4 6 5.6 5.2 5.1 5.1 5 4.8 4.7 4.5 4.5 4.6 4.7 4.8 5 5.1 5.2 5.3 5.5 5.7 5.7 5.9 6 6.1 5.9 4.6 3.1 1 -1 -2.8 -2.8 -2.8 2.6 4 4.5 5 5.5 5.9 5.8 6.1 6.3 6.2 6.3 6 5.5 6.6 5.8 5.1 4.5
