GeneralExemplars/GeoExemplars/data/LakeDistrict/terrain-50-dtm_3563996/sd/SD48.asc
ncols 200
nrows 200
xllcorner 340000
yllcorner 480000
cellsize 50
[rows 117 to 155 of 200, columns 0 to 87 of 200]
176.7 176.7 178 180.2 180.9 180.6 179.5 177.1 177.3 177.6 173 166.7 160 155.6 151.5 149 149 150.2 147.7 140.7 134.6 122.7 111.1 91.7 70.2 52.7 35.5 31.3 19.8 11.4 7.2 5.8 5.7 4.4 4.8 5.1 5 5 5 5 5 5 5 5.8 6.2 7.1 8.5 7.9 10.2 9.9 11.5 12.6 12.7 12.6 10.8 10.2 21 23.5 28.1 37.7 38.2 34.4 44.9 46.7 50.1 68.2 88.9 109.6 112.8 114.1 111.7 107.7 99.4 73.7 47.3 36.8 33.7 28.9 31.2 37.6 39 43.4 39.5 37.9 38.6 35.8 40.1 40.4
176.7 176.7 179.3 182.1 181.5 181.5 182.7 182.6 183.9 183.3 175.1 166.9 159.8 153.9 148.5 144.2 139.6 135.3 132.3 128.2 120.8 108.8 94.2 76.6 60.5 45.8 33.8 29 17.6 9.9 7.9 6.5 4.9 4.3 4.7 5.4 5 3.4 5.3 5.9 5.2 5 5.1 5.7 7 13.2 8.8 7.9 9 13.6 9.3 12.3 11.3 10.6 8.3 8.4 17.9 20.9 26.5 33.7 36.8 35.1 42 43.6 44.8 55.2 78.8 103.6 112.2 116.3 117.1 114.4 107.9 86.7 47.5 35 33.3 28.5 32.7 37.5 42.3 40.7 38.1 36.3 36.5 36.7 33.6 35.3
176.7 176.7 180.1 183.7 184.6 187.2 187.2 188.3 188.5 186.4 176.8 168.2 163.1 156.2 151 141.3 135.5 129 124.6 118.9 110.4 97.5 84.6 69.4 56.9 46.3 34 26.7 17.2 8.6 6.9 5.4 4.7 4.7 6.3 6.3 5.5 5.5 5.9 6.7 6.5 5.4 5.1 5.5 11.6 15.6 11.4 8.3 8.4 12.2 9.7 10.1 10.5 10.6 13.6 7.3 14.8 20.4 26.4 32 37.1 35 37.7 40.6 44.4 44.1 63.9 88.5 105.1 112.7 116.5 116.6 112.4 90.8 52.4 31.6 26.7 31 32.5 33.5 36 36.1 35.4 35.4 37.2 36.8 34.3 32.9
176.7 178.2 182.4 188.1 194 196.8 197.7 198.8 194.2 191.1 181.8 173 167.1 157 148.4 140.5 138.8 134 127.3 118.1 109.2 98.1 87.3 73.5 57.2 45.1 30.5 23.2 13.4 8.6 6.5 5.2 5.4 5.1 6.7 10 9.9 9.1 7.9 10.1 6.7 5.6 5.7 5.1 7.5 12.1 8.5 8.2 7.5 11.5 12.1 9.4 11 12.2 14 6.9 13.3 22.6 29.8 31.5 39.5 38.2 30.6 36 42.6 41.2 45.4 67.8 86.9 102.5 113.4 113.5 107 89 47.6 27.9 24.3 26.3 30.3 30.2 34.1 35.2 36.8 36.4 36.9 37.1 33.3 25.1
176.7 180.8 186 198.5 203.2 207.3 205.1 202.5 200.8 196.3 186.5 178.6 172.8 159.7 153.4 150.9 150.2 141.2 132.3 121.6 114.5 104.7 90.3 72.8 57.5 43.2 27.3 18.7 12.5 8.4 6.4 5.7 5.6 7.2 13.2 17.2 17.5 14.6 12.1 9.5 9.6 8.9 5.8 5.4 4.9 7.8 9.3 8 7.3 8 9.3 17.5 15.7 9.6 10.3 6.8 11.3 26.5 30.3 31.7 38.6 34.6 30.3 29.6 36.7 41.2 38.9 51.1 67.7 87.5 105.7 109.4 101.8 83.6 40.2 25.6 22.2 20.7 25.4 26.2 27.6 29.1 33.5 40.8 41.1 35.8 31.3 23.3
178.9 183.4 195.5 205.3 207.8 210.1 207 205.6 206.4 197.9 189.3 184.7 177.7 166 162.7 160 156.2 145.4 138.8 129.8 120.4 108.2 93.8 75 59.7 44.2 25.9 17.9 12.4 9.6 7.5 6.2 9.4 10.7 17.8 24.4 22.3 14 13.7 12 15.2 15.8 12.6 6.3 3.7 5.5 8.8 7.7 7 7.6 7.8 15.7 14.1 9.4 10.7 6.1 15.9 29.5 31.7 33.5 37.4 33.3 28.8 27.3 30.6 38 35.7 35.6 55.6 69.9 91.9 105.2 97 76.4 35.6 27 22.8 18.7 17 20.9 23.3 26.9 31.4 29.1 28.9 32.4 30 28.6
184.1 191.9 203.5 209.4 211.1 210.7 209.4 213.2 205.8 196.3 192.2 187.9 180.1 174.5 169.7 165.5 160 150.8 144.4 136.3 124.8 111 96 74.9 60.5 46.2 27 16.7 12.2 10.4 8.2 6.7 8.7 13.5 20.5 28.8 24.8 18.7 15.6 17 15 15.9 9.6 6.1 3.7 6.7 7.5 7.8 12.5 19.7 10.2 8.2 11 7.9 7.7 6.1 18.3 31 32.6 34.4 35.3 31.9 27.2 26.3 28.5 31.5 32.8 32.5 39.7 56.8 78.3 98.9 93.7 63.8 37.2 34.5 28.4 22.6 17.1 18.9 22.4 26.9 22.9 28.1 26.9 28.1 27.3 24.8
190.6 200.7 207.4 215.2 215 213.5 214.8 216.2 204.1 198 193.2 188.2 182.5 178.1 174.4 169.6 162.8 156.1 151.3 140.3 123.3 106.6 93.5 77.2 64.5 47.2 24.4 14.8 10.4 8.9 7.4 7.7 9.7 17.8 24.8 31.8 25.4 18.5 18.3 26.6 18.5 14.1 10.2 7.6 6.3 5.8 6.2 7.1 15.1 23.7 9.5 5.3 6.6 6.2 7 4.3 17.5 30.8 30.4 33.5 34.4 30.4 27.1 25.1 26.5 28.3 29.2 30.5 31.7 46.2 65 84.7 91.5 61 37.9 39.3 30.9 25.3 18.8 15 19.6 24.4 24.7 29.5 29.7 26.6 27.1 23.7
193.9 204.2 216.3 219.8 217.6 215.2 219.8 215 202.6 198.5 193.6 188.4 182.2 177.8 172.8 168.3 164.3 159.9 156.4 141.1 128.7 114.7 98.7 82 62.9 44.8 29.1 16.9 9.4 7.6 8.7 9.4 12.4 21.5 27.7 32.9 27.3 23.9 28.5 24.1 19.3 15.3 9.9 6.9 10.4 7 5.5 6.4 11.9 14.8 9.6 4.2 5.6 3.8 6.1 4.7 7.6 29.2 29.4 32 35.7 32.1 29.3 25 24.9 26.2 27 27.9 28.4 36.8 52.6 72.5 88.4 59.6 39 39.1 35.7 27.8 19.4 14.8 16.9 22.2 25 25.6 22.3 24.2 23.4 22.3
201.1 212.4 220.3 221.5 217.1 220.5 217.7 209.8 202.1 197.9 192.8 186.2 177.9 173.3 168.5 163.4 158.4 157.1 153.1 145.3 130.2 117.1 101 82.3 63.4 51.1 34.8 19.7 8.7 8.6 9.2 9.5 19.8 25.3 31.9 34.6 32.1 31.8 31.5 22.9 21.1 19 11.6 12.2 14.6 6 5.4 5.9 11.1 12.1 7.6 5.2 4.7 4.6 5.2 5 6 24.6 30.3 31.5 37.7 34.9 31.5 25.8 23.2 25 26.6 27.7 29.6 31.3 39.3 57.5 76.2 56.6 32.4 37.2 38.4 31.7 20.5 11.2 11 16.2 21.2 20.2 20.2 19.7 19.7 19.6
204.7 216.4 220.3 215.9 217.3 219.4 212.8 207 201 194.3 189.3 184.1 173.5 167.5 166.3 160.9 155.7 153.7 146.5 142 128.7 113.8 94.5 81.5 72.7 57.3 35.6 18 8.4 7.1 7.2 11.6 22.5 27.8 35.3 37.5 32.7 25.8 26.7 23.7 27.9 23.2 7.1 11.8 12.4 8.9 5.7 6.5 8.4 10.1 7.4 4.9 4.6 4.1 3.2 5.6 6.4 16 24.2 29.7 39.5 37 33.7 32.1 26.8 24.6 25.7 26.8 27.7 26.1 30.9 44.2 59.1 51.1 30 32.8 35.4 31.5 22.1 15.6 12.4 11.4 20.6 19.9 20.8 19.4 18.7 21.2
207.1 212.1 217.1 217.4 215.7 213.7 207.8 202.1 193.9 191.1 187 177.8 170.3 166.5 164.5 160 153.8 151.3 142.1 138.7 124.1 105.9 96.8 92 81.5 61.8 36.3 17.7 8.8 7 7.2 11 19.1 26.9 31.2 30.5 26.9 25.4 23.3 27.8 26.3 18.7 6.6 6.5 8.6 5.7 3.2 5.5 5.6 7.7 6.3 4.6 4.4 4.2 4.8 4.6 4.9 9 19.2 26.8 36.7 37.3 37.9 35.5 30.5 21.8 22.6 24.4 26.9 25.5 20.7 35.9 47.4 38.2 28.1 27.6 30.3 28.4 22.7 17.7 18.3 8.9 16.1 16.8 16.7 17.5 18.3 20.2
201.1 214 216.4 217.4 210.4 205.9 198.5 195.2 193.9 192.6 184.8 174.3 168.8 167.5 162.1 155.2 154.9 144 133.1 126.2 117.2 111.6 104 101.5 91.4 61.5 40.9 22.4 10.4 7.9 7.3 8.7 21.9 23.1 21.8 22.9 24.1 27.1 32.7 26.2 23 15 6.3 5.1 6.2 5.8 5.8 5.5 5.2 4.8 4.8 4.7 5.2 4.3 2.7 4.9 5.2 6.3 17.3 26.1 33 37.3 38.8 34.6 31.9 27.8 21.7 20 21.6 22.8 17.1 26.6 39.9 31 26 23.8 25.8 25.9 21 17.7 17.2 12.4 8 15.5 13.9 15.9 16.6 23
203.9 210.5 207.2 210.4 200.3 194.6 192.1 191.5 193.2 193 178.8 169.2 169 163.7 156.9 152.6 148.8 136.2 128.3 126.9 126.2 119.6 115.1 112 87.7 63.7 42.1 29.4 17.9 11.3 9.1 8.4 11.3 11.7 13.2 13.3 15.9 27.9 29.2 24 21.9 15.7 5.1 5.2 5.5 5.5 5.5 6 5.1 4.8 4.7 5.5 5.4 3.9 2.7 4.6 5.8 5.6 17.2 24.6 30.7 36.9 36.2 32.2 30.2 29.7 22.2 19.4 17.3 16.1 12.1 18.2 34.4 32.5 25.8 22.4 23.7 23.2 17.6 17.3 15 15.3 9 11.3 13.1 16 20.3 29.2
200.4 204 202.1 197.2 192.7 189.3 186.3 186.4 187 185.1 173.4 166.3 160.3 158.7 157.2 152.7 145.7 136.7 134.4 135.3 133.4 131.8 128.9 114 90.6 64.8 46.2 33.5 23.3 14.2 9.6 8.5 7.9 7 9.5 9.5 12.9 15.7 21 16.2 15.8 9.2 5.6 5.3 5.3 5.8 5.2 5.2 6.1 5.2 5.2 6.4 5.6 4 3.6 3.9 5.9 6 11.4 22.9 30.5 35.8 33.4 29.6 29 24.9 20.3 16.6 15.3 9.4 7.7 13.2 27.3 30.6 26.8 21.1 21.7 22.2 17.8 16 14 16.5 9.1 7.8 11.8 12.8 22 29.5
196.5 202.6 190.9 190.9 187.4 184.3 182 182.8 178.9 172.9 161.6 159.7 156 156.4 156.4 150.8 143.1 142.7 140.3 142.1 144.8 144.7 139.7 118.8 92.4 65.5 46.5 34.4 25.7 19.9 9.3 8.4 8.2 11.5 8.9 6.3 6.3 9 15.4 14.8 9.6 5.4 4.9 4.6 3.8 7.2 8.9 7.5 11.4 6.6 6.7 8.6 5.7 4.4 4.5 4.6 5.6 5.4 6.1 20.8 28.8 35.4 33.6 30 26.9 24.2 20.5 14.2 11.9 9.2 5.5 7.3 21.4 27.7 26 21.1 20.4 20.9 18.2 14.2 14.1 16.4 18.1 7.7 8.3 10.6 18.6 20.7
193.3 195.2 187 183.9 186.3 178 173.1 172.1 168 160.8 157.2 155.7 155.6 155 154.1 151.8 152.1 150.5 150.2 153.3 154.9 155.8 143.1 119.4 94.6 71.7 48.9 39 35.7 20.3 11.5 10.5 9.5 14.2 12.3 8.2 6.4 6.1 14.7 13.4 9.6 6.8 4.8 4.8 4.3 8.6 11.9 5.5 7.4 6 5.3 4.7 4.8 5.1 5.1 5.1 5.3 5.6 5.5 14.5 24.8 34.5 32.2 28.1 25.1 23.9 21.5 14.5 10.3 7.5 5 5.4 10.6 21.7 24.4 19.1 20 23 18.3 15.4 15.3 13.5 19 15 5.1 9.5 14.7 16.7
182.7 181.7 179 176.2 177.1 171.2 164.4 164.2 161.6 156.9 157 157 156.6 156.2 157.9 158.6 157.8 158 160.3 162.8 163.4 162.6 146.6 127.7 104.6 83.5 54.8 47.6 39.5 26.4 13.9 11.2 11.3 13.9 8.9 6.6 6.1 5.8 15.1 16 19.3 12.5 5.6 5.6 3.5 7.1 6.3 5 5.7 6.4 5.5 4.6 4.9 6.8 6.4 5.8 5.6 5.8 6.1 7.5 19.1 32 29.8 26.6 23.4 22.3 21.8 16 10.2 7.1 5.1 6.5 6.5 12 19.1 18.6 20.9 25.7 19.6 16.5 14 16 21.3 19 6.8 5.7 8.9 12
178.5 171.8 173.1 165.7 163.6 157.2 154.3 160.5 154.2 155.8 158.1 162.5 161.5 160.1 161.1 164.8 165.5 167.3 168.1 168.7 173.1 169.2 157.5 137.6 121 89 61.1 48.5 40.2 26.8 13.4 12.7 10.5 10 9.4 6.4 5.7 6.3 20.4 28.9 26.5 10.1 5 5.5 3.9 5.5 6.1 6.7 5.3 5 5.8 5 4.9 7 8.5 8 7.8 7.7 7.1 6.4 11.4 24.9 28.4 26.2 23.6 21.7 21.1 16.4 10.1 7.6 7.1 9.9 6.4 6.3 8.7 16.6 21.2 25.7 19.5 16.8 18.3 17.5 21.1 20.6 11 4.7 5.7 6.2
164.2 161.3 159.8 155.6 148.7 145.5 150.4 153.9 151.3 156.5 163.1 163.8 165.2 164.7 168.3 175.5 176.3 177.8 178.6 176.5 179.1 175.3 165.1 149.3 120.9 93.5 65.2 50 37.5 25.5 13.4 10.8 13.4 12.5 14.2 10.9 6.1 7.4 20 25.9 15.6 6.3 5.1 5.1 5.1 5.7 7 6.4 5.2 4.4 5.4 5.8 5.1 5.7 6.9 8.5 9.4 8.8 8.1 7.3 6.1 15.9 24.4 25.9 23.4 21.3 19.8 15.7 9.6 7.1 7.8 10.6 9 6.4 6.1 9.5 21.3 25 19 23.1 21.4 15.4 19.9 15.9 8 6 5.2 5.2
149.8 156.3 153.7 144.2 136.6 136.6 143.2 145.2 154.8 159.3 164.1 167.1 171.4 173.5 178.6 185.6 187 187.9 186.4 183.9 183.6 176.2 163.6 148.4 125 99.7 72.7 56.2 41 30.8 16.8 9.3 11.6 10.7 13.6 11.9 5.5 6.1 11.3 15.3 9.3 6.8 4.9 5.2 5.5 5.8 7 5.4 5.3 4.9 5.7 7.7 5.9 6.6 7.7 9.6 10.1 9.8 9.2 8.1 10 11 13.9 18.4 23.4 21.6 17.7 14.6 9.7 6.8 6.6 10.7 9.3 6.5 6 6.7 18.4 28.4 24.2 24.4 19.4 8.9 15.9 10.7 7.3 6.5 5.3 4.5
140.9 144.8 145.5 134.3 128.7 133 138.7 148.7 156 160.6 168.2 174.8 177.6 183.7 189.4 197.2 197.2 194.8 192.2 189.6 184.1 172.6 160.8 146.8 131 105 78.2 60.5 43.7 31 16.6 9.3 8.7 10.3 8.3 6.4 5.3 5.3 5.4 5.4 5 4.6 4.7 5.1 5.4 4.8 5.5 6.4 5.6 5.5 5.8 6 7.2 7.1 8.9 10.1 10.2 10.3 10.3 9.8 9.4 9 7.9 12.4 22.3 20.9 17.1 13.9 10.8 7 6.5 9.8 9.4 6.8 5.6 6.4 16.3 27 30.5 34.5 16.9 7.8 14.5 12 9.3 6.5 5.3 7
136.4 134.4 133.3 127.3 125.6 132.9 143.6 155.3 161.6 167.6 174.3 182.8 187.7 194 202.2 204.5 205.3 201.2 197.2 192 184.4 171.5 158.7 153 136.2 105.9 78.9 63.6 48.2 36.9 23.7 11.7 8.2 10.3 9.5 5.4 5.3 5.3 5.4 5.4 5.1 4.7 4.7 5 5.4 5 5.6 7.5 6.4 5.4 5.6 5.7 7.1 7.4 8.5 9.3 9.7 10.2 10.4 10.2 9.9 9.5 8.4 9.3 19 19.8 17 11.5 12.5 7.8 6.8 8.4 8.1 7 5.4 6.3 10.9 24.8 28.4 34.7 37.2 14.7 13 12 12.5 10.5 6.2 8.5
127.1 128.6 125.7 121.9 126 140.4 151.6 155.8 165.6 177.7 181.8 187.8 194.6 205.6 211.9 212.8 211.4 207.8 200.1 194.2 185.2 174.1 168 151.6 128.2 103.9 82.8 65.7 52.9 41.2 26.9 15.4 7.2 7.2 6.9 5.4 5.3 5.3 5.4 5.4 5.2 4.8 4.8 4.9 5.3 5.7 5.6 6.2 5.7 5.5 5.5 6.4 6.9 8.2 9 9.6 10 10.3 10.5 10.3 10.1 9.9 9.8 11.7 17.6 18.7 16.5 11.1 10.7 8.3 7.4 9.5 9.3 8.2 6.3 6 8.8 22.5 28.2 31.2 38.6 16.4 8.3 10.8 11.8 10.5 8.7 4.1
120.2 121.7 121.2 121.5 126.9 140.5 146.9 158.1 172.1 181.5 183.3 188.3 203.1 210 210.4 216.1 212.9 211 206.9 198.2 185.6 182.8 164.8 141.5 123.4 103.9 86 68.3 55.5 45.5 31.7 16.4 9 6.9 5.9 5.5 5.3 5.3 5.4 5.4 5.3 4.9 4.9 5 5.2 5.6 5.5 5.7 5.5 5.3 5.4 5.8 6.3 8.1 9.3 9.9 10.2 10.4 10.5 10.4 10.2 10.1 8.9 7.4 9.7 14.9 17.4 11.8 9.7 8.5 7.8 9.9 10.6 9.2 7.2 5.7 6.7 19.5 27.2 24.5 29.7 12.9 6.8 11.4 13 9.3 8.7 4.4
117.7 119.7 121.3 121.7 124.4 129.3 141.3 157.6 168.2 177.2 174.8 183.4 198.1 203.8 211.6 216.4 219 215.3 208.5 196.1 189.4 182 162.5 141.3 116.5 102.3 86 71.3 57.6 48.7 34.3 20.8 11 9.8 7.3 5.7 5.4 5.3 5.3 5.4 5.4 5 5 5.1 5.2 5.5 5.8 5.6 5.5 5.5 5.4 5.8 6 7.7 9.7 10 10.2 10.4 10.6 10.5 10.3 9.6 8.2 7.6 7.5 11.1 20.4 13.2 11.3 9.5 8.7 9.8 10.6 9.7 7.9 6 6.7 15 24.8 23.5 22 7.1 6.8 6.9 9.4 8.8 5.1 5.1
123.1 123.2 123.6 123.5 125.5 125.3 127.3 136.2 143 161.2 171 171 191.3 204.4 210.7 216 214.7 214.1 207.9 198.1 187.9 174.2 155.3 131.1 115.9 103.1 90 75 61.3 51.7 41 30.6 20.4 16.6 13.8 6.6 5.6 5.5 5.3 5.3 5.4 5.1 5.1 5.2 5.3 5.4 5.8 5.3 5.2 5.1 5.4 5.5 5.7 7.4 9.6 10.1 10.3 10.5 10.7 10.6 10.4 9 8.5 8.3 8.1 7.3 18 15.6 13.7 11.7 10.7 12.2 14.7 11.9 8.1 7.4 6.8 8.4 21.6 20.5 19.6 6.1 6 5.6 6.7 8.8 6.2 5.2
129.1 128.3 127.7 127.8 127.4 124.6 124.3 125.1 131.5 144.4 151.1 168.7 181.2 205.9 204.8 207.4 210.2 209 197.3 184.6 176.2 165 151.9 130.2 117.1 102.9 92.3 83.4 65.6 53.8 43.3 36 26.9 20.9 15.9 8.6 5.9 5.1 5.5 5.3 5.4 5.2 5.2 5.3 5.4 5.5 5.8 5.7 5.4 5.4 5.3 5.7 5.6 6 8.3 9.1 10.4 10.6 10.8 10.7 9.7 9.4 9.1 8.9 8.8 7.4 10.2 15.8 16.9 13.9 12.8 14 15.4 13.2 9.6 8.4 7.7 6.4 15.4 18.9 16.3 7.1 5.9 5.2 8.6 6.2 6.3 6.2
131.9 130.9 132.3 132.6 130.2 126 124.2 124.3 126.6 131.8 140.6 161.1 181 187.1 195 202.5 199.8 197.2 189.7 181.9 179.3 168.1 150.1 136 118.6 103.1 97.5 87.7 72.3 57.1 49.4 40.8 30.6 19.2 15.5 8.8 5.7 5.3 5.8 5.5 5.3 5.3 5.3 5.4 5.6 5.9 3.6 5.8 5.7 5.8 6.5 5.9 5.4 5.5 6.3 7.9 8.8 10.1 10.9 10.5 10.2 10 9.8 9.6 9 7.5 5.5 14.3 17.4 16.5 14.9 14.2 15 14.9 13.8 9.5 7.9 6.3 7.2 13.9 11.8 9.9 6.1 8.2 5.7 5.8 5.8 5.8
130.1 133.9 136.4 137.7 135.4 128.6 124.9 125.1 124.4 126 132.9 155.5 167.1 172.4 191.2 192.9 195.6 192.5 187.4 180.6 175.6 167.7 153.9 137.8 122.5 111.7 104.4 93.1 76.5 62.6 54.2 46.3 28.8 21.1 17 8 5.5 5.2 4.8 5.8 5.5 5.3 5.4 5.6 5.4 5.5 5.6 6 6.4 7.4 7.6 5.7 7 6.6 6.1 7.2 9.1 9.7 10.7 10.9 10.8 10.6 10.4 10.2 9 7.5 6.1 8.6 17 18.6 19.3 18.9 18.2 18 19.5 14.8 10.1 7 4.9 5.2 4.7 5.7 5.6 7 5.4 5.4 5.3 5.3
138 137.9 139.2 141 138.5 132.7 128.5 127 126 124.1 127.6 141.3 155.3 167.9 179.7 185.6 193 195.3 193.3 186.7 177 172.2 159.1 143.2 129.9 124.2 111.6 96.8 82.7 72.1 61.5 46.7 32.1 23.6 18.8 9.9 5.9 5.4 5.2 5.8 5.6 5 5.3 5.6 5.8 6 6.2 4.4 7.7 7.6 8.5 10.2 10.7 9.7 7.8 8.1 8.8 9.9 10.8 11 10.9 10.8 10.6 10.5 9.8 7.9 7.2 6.9 20.8 19.5 22.4 23.7 21.3 20.3 21.1 19.6 15.2 8.7 6.1 5 4.9 5.3 7.8 5.1 5.3 5.3 5.2 5.2
139.6 141.1 135.6 135.9 141.5 136.4 133.2 130.4 127 124.9 127.2 135.1 154.6 168.8 182 189.9 198.2 199.8 191.7 186.1 182.5 176.1 167.1 152.7 140 129.1 116.5 101.1 90.3 80.6 65.6 51.2 40.1 26.4 17.3 9.1 5.9 5.2 5.7 5.7 5.5 5.4 5.4 5.4 5.4 5.7 6.1 5.7 6 9.2 12.7 13.5 13.6 12.2 9.5 8.7 9 10.1 10.9 11.1 11 10.8 10.7 10.6 10.5 9.5 7.7 7 25.1 25.1 23.4 22.6 25.7 23.6 21.2 20.3 17.3 13.5 10.3 7 5.2 7.5 5 5 5.2 5.2 5.1 5.1
140.3 143.4 140.6 136.4 136.8 139.8 136.8 133.5 128.8 125.1 126.9 141.1 156.3 169.9 189.5 195.2 201.7 196.5 191.7 192.7 188.3 183.2 173.2 158.7 147.6 128.9 118.8 106.8 98.5 86.2 71 58.4 42.4 28 15.3 6.8 6.1 5.4 5.5 5.6 5.4 5.4 5.4 5.5 5.6 5.7 5.3 5.8 5.6 5.9 13.8 15.1 12.1 10 8.8 9.6 9.2 9.6 11 11.2 11 10.9 10.8 10.7 10.6 10.5 9.3 8.1 13.3 22.4 19.9 19.8 25.7 25.4 24.5 22 16.4 12.6 9.6 7.3 6.7 5.1 5 5 4.9 5.1 5.1 5
141.6 144.8 146.3 144.5 138.7 137.4 140.3 135.5 128.9 124.6 127.2 134.5 157.7 170.2 179.3 190.2 195.1 196.7 198 205 200.1 188.2 173.8 166.5 145.5 132 123.5 111.7 102.3 91.3 78.7 62.5 46.9 33.7 19.2 10.6 6.3 5.3 5.4 5.5 5.3 5.3 5.4 5.5 5.6 5.7 5.7 2.9 5.6 6.3 14.5 17.2 16.2 13.5 9.5 9 8.9 9.2 10.7 11.2 11.1 11 10.9 10.8 10.7 10.6 10.5 10.6 8.4 8.2 14 17.6 20.2 22.3 21.8 22.4 19.2 14.7 9.3 7.3 7.1 5.2 5.1 4.9 4.9 5 5 4.9
143 146.1 148.5 148.9 147.6 138 140.3 139.6 131.9 124.5 124.9 130.4 143.2 161.3 173.3 186.6 194.4 205.2 208.8 211.7 201.7 187.9 177.8 164 148.6 141.6 130.2 117.6 105.2 96.5 80.6 65 52.4 34.7 20.6 18.7 10.6 5.4 5.3 5.3 5.3 5.3 5.4 5.5 5.6 5.7 5.9 5.8 5.5 3.4 11.4 17.8 17.6 10.9 9.5 9.4 9.2 9.4 10.6 11.3 11 10.9 10.8 10.7 10.5 10.4 10.3 10.1 8.6 8.4 8.7 7.7 14.8 14.4 11.9 13.9 12.1 12.8 8.2 6.7 6.4 5.4 5.2 5 4.9 4.8 4.9 4.8
143.3 147.3 150.8 151.8 150.6 147.6 137.7 142.9 135.1 125.1 123.4 127.9 138.8 152 174.3 182.7 196.3 206.5 209.5 206.8 200.1 183 172.6 161.9 157.4 148.7 135.6 121.8 105.6 96.9 81.3 66.6 56.1 42.7 29.4 19.3 12.1 5.8 5.2 5.1 5.2 5.3 5.4 5.5 5.7 5.7 5.8 5.9 5.9 6 6.5 11.6 9.5 6.9 7.3 9.1 9.5 10.2 10.8 11.5 11.2 10.9 10.6 10.5 10.4 10.3 10.2 9.3 8.8 8.8 8.7 8.8 7 5.6 5.1 6 10.5 10.3 6.6 7.7 7 5.5 5.3 5.2 5 4.8 4.8 4.8
145.4 150.8 154.3 154.5 154.1 150.1 146.3 138.2 138.4 127.5 123.9 126.6 138.3 154.3 169 182 191 200.3 199.5 196.5 194.9 184.4 170.2 160.5 159.1 150.1 138.8 126.6 106.5 95.1 84 74.3 58.1 43.2 34 22.3 13.8 9 6.5 6 5.2 5.3 5.4 5.5 5.6 5.7 5.7 5.7 5.9 6 6 6.1 6.8 9.5 13.8 12.3 14.2 10.8 11 11.7 11.4 11.1 10.8 10.5 10.3 10.1 10.1 9.3 9.2 9.2 9.1 9.1 7.4 5.9 4.9 4.9 4.7 7 6.7 7.7 5.6 5.5 5.6 5.4 5.2 5 4.8 4.7
148.1 152.2 160.5 158.3 155.6 151.9 147 139 139.7 134.3 123.1 123.7 133.3 155 169.8 169.3 178 192.6 190.4 188 191.3 184.5 167.1 161.4 159.5 153.8 143 129.5 112.3 98.9 84.9 79.1 62.4 50.2 40.7 24.7 15.6 11.4 6.4 5.6 5 5.2 5.3 5.4 5.5 5.5 5.5 5.5 5.7 5.9 6.1 5.6 9.1 11.6 12.2 16.6 19.8 14.8 11.6 11.9 11.6 11.3 11 10.6 10.3 10 9.8 9.7 9.6 9.6 9.5 9.3 7.9 6.6 5.5 5.1 5.2 7 5.2 5.6 5.8 5.7 5.7 5.7 5.5 5.3 5.4 5
153.4 156.6 160.8 160.8 157.3 152.4 147.2 144.6 137.2 135.5 123.2 122 129 144.6 153.8 157 164.8 178.3 186.8 186.3 181.3 175.3 164.4 160.5 158.3 153.5 144.6 135.8 117.9 107.2 93.2 83.6 67.6 55.3 41.2 28.4 18.5 11 5.2 5.2 4.9 5.1 5.2 5.3 5.4 5.4 5.3 5.3 5.5 5.7 5.6 5.5 5.5 8 14.9 16.8 26.5 17.7 13.4 11.9 11.6 11.2 10.9 10.5 10.2 9.8 9.3 9.2 9.1 9 9 8.8 8.5 7.2 6.1 5.6 5.5 7.1 5.5 6.1 6.3 6.3 6.2 6.1 6.4 6.9 6.1 5.5
