GeneralExemplars/GeoExemplars/data/LakeDistrict/terrain-50-dtm_3563996/sd/SD48.asc
ncols 200
nrows 200
xllcorner 340000
yllcorner 480000
cellsize 50
[rows 0 to 38 of 200, columns 88 to 175 of 200]
97.9 93 86.4 78.6 59.7 45.5 30.6 19.2 13.7 11 16.5 25.2 20.5 9.1 6.2 6.6 6.1 5.6 5.2 4.4 4.8 5.1 8.9 7.2 4.4 4.3 4.5 12.3 16.4 15.1 16.2 13.6 6.5 5.9 6.9 8.6 9.8 8.4 5.6 5 4.7 4.8 4.7 4.5 4.2 3.7 4 4.5 4.5 4.5 4.4 4.4 4.4 4.5 4.7 5.5 5.2 4.9 4.9 4.8 6.6 6.6 5 5.7 6.5 11.2 19 25 31.9 31 42.6 51.7 76.4 83.4 88.1 93.3 105.2 135.4 172.5 171.2 165.9 165.7 181 191.4 195.7 191.7 185.1 186.5
102.3 96.5 92.3 86.4 75.7 63.2 51.7 38.7 27 18.8 18.3 23.5 24.1 15.7 7.6 6.3 5.7 5.9 5.3 4.8 5.1 7.2 6.7 5.2 4.6 4.3 4.5 6.4 8.7 13 14.7 9.7 5.4 5.7 6 6.8 7.9 7.8 5.5 5 4.7 4.8 4.6 4.4 4.4 4.4 3.6 4.4 4.4 4.4 4.3 4.4 4.4 4.5 4.7 4.9 4.7 4.7 4.6 4.6 4.6 4.7 5.3 5.9 6.5 10 14.6 22.2 30.3 32.1 38.6 44.1 66.3 82.8 96 94.3 112.7 135.3 171.8 177 175.9 173.7 182.8 193.4 197.2 193.1 186 186.5
107.1 102.2 96.2 92.6 81.8 71.6 63.1 54.1 44.8 35.7 27.3 26.9 24.4 18.9 12 9.6 5.8 6.3 5.7 5.1 6.3 11 8.8 5.5 4.4 4.5 4.7 4.9 6.7 8.6 10.6 6.4 5.2 5.5 5.8 6.1 6.4 7.5 6.1 5.1 4.8 4.7 4.6 4.7 4.7 4.6 4.4 4.4 4.3 4.3 4.3 4.4 4.5 4.5 4.6 4.6 4.5 4.5 4.5 4.4 4.4 5.2 5.3 5.9 6.5 7.3 10.4 16.2 27.8 28.4 34.7 42.4 62.5 85.4 97.5 94.6 108.1 128.4 166.3 173.8 177.9 178.2 182 194.9 198.1 188.9 184.1 186.9
111.1 105.8 98.2 92.1 84.8 76.5 67.3 59.7 51.6 46.8 42.2 36.3 31 21.2 17.3 12.5 6.8 6.4 6 5.3 7.1 11.6 9.6 5.3 4.5 4.5 4.7 4.8 5 5.3 5.7 5.1 5 5.3 5.6 5.9 6.2 6.6 7.1 5.7 4.9 4.8 4.7 4.5 4.4 4.3 4.3 4.3 4.3 4.3 4.4 4.5 4.5 4.6 4.7 4.7 4.6 4.5 4.5 4.5 4.4 5.2 6.7 5.8 6.1 6.3 7.8 13.3 21.9 25.7 34 39.2 47.8 81.4 92 91.3 100.1 122.4 158.2 169.4 174.1 177.9 180.6 192.5 196.3 185.1 183.9 185.7
112.6 107.2 101.3 93.9 86.3 79 71.3 64.5 57.3 53.4 50.8 43.8 42.8 37.1 25.9 19 9.5 5.5 5.4 5.3 9.5 17.2 13 6.4 4.5 4.5 4.4 4.8 5.1 5.3 5.9 5.7 4.8 5.1 5.4 5.7 6 6.4 6.7 6.1 4.8 4.6 4.5 4.4 4.3 4.3 4.3 4.3 4.3 4.4 4.4 4.5 4.6 4.8 4.8 4.9 4.8 4.6 4.5 4.5 4.4 5.1 4.6 5.5 6.5 6.9 7.7 14.3 19.4 21 31.1 37.3 42.1 62.9 85.9 87.8 91 116.4 147 164 169.7 176.2 180.6 183 189 181.7 182 186.3
114.6 109 102.4 95.2 88.2 80.3 74.6 69.1 64.4 59.5 55.5 55.5 55.5 48 35.6 25.4 16.7 7 5.4 6.1 14.5 18.1 16.2 7.5 4 4.3 4.7 4.9 5.1 5.7 5.6 5.6 4.6 4.9 5.2 5.5 5.8 6.2 6 4.6 4.6 4.5 4.4 4.3 4.3 4.3 4.2 4.2 4.4 4.4 4.5 4.7 4.9 4.9 4.8 4.8 5 4.8 4.7 4.5 4.5 5 5.1 6 6.9 10.5 10.8 9.8 19.7 21.8 28.1 33.2 35.3 44.9 71.7 85.4 84.6 107.8 134.4 159.9 165.5 172.3 177.7 177.8 174.5 174.7 179.3 184.1
116.7 110.8 103.4 96.1 89.1 82 74.9 71.4 67.5 63.4 60.4 60.4 59.4 53.1 43.5 32.5 23 13.1 6.4 9.4 14.3 17.3 12.8 6.7 4.6 4.6 4.5 4.9 5.2 5.5 5.4 5.3 5.2 4.7 5 5.3 5.6 5.9 4.5 4.5 4.4 4.4 4.3 4.3 4.3 4.2 4.2 4.2 4.3 4.5 4.7 4.9 5.1 5 4.9 4.9 5.1 5.1 4.9 4.8 4.6 4.7 5.5 6.3 7.2 13.3 14.5 9.1 14.9 13.4 23.3 28.4 34.6 39.4 55.9 83.1 84.3 96.9 120.6 150.9 160.7 167.6 173.3 172 170.4 163.1 170.7 178.6
117.6 111 104.5 97.1 90 82.4 74.9 70.5 66.9 64.2 63.2 62.3 58.6 54.8 45.8 37.5 28 18.8 8.6 6.5 10.2 15 9.5 5.4 4.9 4.5 4.7 5.1 5.3 5.2 5.2 5.1 5 4.5 4.8 5.1 5.4 4.4 4.4 4.4 4.4 4.4 4.4 4.3 4.3 4.2 4.2 4.2 4.4 4.7 4.9 5.1 5.2 5.1 5 4.9 4.9 5.3 5.2 5 4.8 4.7 4.9 5.7 6.3 14.8 15.3 8 9.3 10.4 16.5 26.6 34 35.6 44.8 71.9 82.4 84.8 107.1 133.6 154 161.1 166.3 166.8 164.7 157.8 162.3 168.7
117.1 109.9 104.1 98.5 90.3 82.5 75.5 71.4 68 65.7 65.3 64.1 60.2 56.8 50.5 41.1 31.1 19.7 11.7 5.8 7.6 8.6 5.7 6 5.6 5 5 5 5.1 5 4.9 4.9 4.8 4.6 4.6 4.9 4.3 4.3 4.4 4.4 4.5 4.5 4.5 4.4 4.4 4.3 4.4 4.7 4.4 4.8 5.1 5.3 5.3 5.2 5.1 5 4.9 5.3 5.4 5.3 4.9 4.9 5.1 5.1 5.4 9.7 11.1 9.7 9.2 8.9 12.6 23.8 27 32.4 35.6 57.7 75.9 80.2 95.1 117.2 142.8 151.7 157 158.9 158.4 153.7 156 162
115.3 110 104.1 98.6 91.4 85.7 78 72.5 68.4 65.4 63.6 61.3 57.5 52.8 49.7 44.8 36 24.1 12.3 5.4 6 6.9 6.4 6.5 6.4 5.7 5 4.9 4.8 4.8 4.7 4.6 4.6 4.5 4.4 4.3 4.3 4.3 4.4 4.5 4.6 4.6 4.5 4.5 4.5 4.7 5.3 5.2 4.9 3.4 6.7 5.3 5.3 5.3 5.2 5.1 5 5.1 5.7 5.8 5.1 4.7 4.6 4.6 4.8 8.2 8.1 9.8 6.9 6.9 7.4 10.3 26.5 31 29.4 50.3 63.6 73.4 85 106.3 125.2 140.9 145.8 151.1 151.3 149.9 152 155
115 109.9 105.1 98.8 90.2 84.5 76.5 71.6 67.1 64.4 61.4 58.1 54.5 50.9 47.7 43 36.6 29.6 15.8 6.3 4.5 6.3 6.3 5.7 5.6 5.3 5 4.8 4.7 4.6 4.5 4.4 4.4 4.3 4.2 4.3 4.3 4.4 4.5 4.6 4.7 4.7 4.6 4.6 5 5.5 5.9 5.6 5.3 4.7 4.6 4.6 4.6 4.9 5.1 5.2 5.1 5.1 5.6 5.2 4.7 4.6 4.5 4.4 5.1 6.1 5.9 5.6 5.4 6 6.6 7.5 9.9 24.6 27.3 43.5 58.2 64.1 75.8 95 110 129.5 137.2 142.3 145.6 145.8 147.2 149.8
114.5 108.9 104.3 97.1 89.4 82.3 75.8 72.8 69.3 65.8 61.3 56.2 52.6 49.1 45.6 42.2 37.6 32.1 22.5 9.6 5.8 5.4 5.5 5.6 5.4 5.1 5 4 4.7 4.6 4.5 4.4 4.4 4.3 4.3 4.3 4.4 4.5 4.6 4.7 4.8 4.8 4.7 5.2 5.8 6.4 6.3 6 5.4 4.7 4.6 4.7 4.6 4.5 4.3 4.4 4.7 4.5 4.7 5.1 4.7 4.6 4.4 4.2 4.8 4.8 4.4 4.9 4.9 6.9 5.8 7 8.5 12.5 24.4 37.6 52.9 62.2 63.7 82 100.9 114.8 129 136.9 142.7 143.2 144.6 147.9
114.9 106.6 101.5 96.6 90.6 84.9 79.3 74.7 69.8 64.9 59.1 55 50.8 47.3 43.8 40.3 35.8 31.2 27.5 14.5 8.7 7.8 5.6 5.4 5.3 5.3 5.2 4.8 4.6 4.6 4.6 4.4 4.4 4.3 4.4 4.4 4.5 4.6 4.7 4.7 4.8 4.9 5.5 6 6.6 7 6.8 6.1 5.5 4.9 4.8 4.7 4.6 4.5 4.4 4.3 4.2 4.4 4.5 6.1 4.7 4.5 4.4 4.5 4.8 3.8 4.1 4.6 4.7 6.9 5.7 5.6 7.1 10.7 25.9 36.8 47.1 55.4 60.8 71.2 98.6 107.2 119.7 128.2 136.9 140.3 142.9 146.3
117 112.1 107.4 99.6 91.8 85.8 80.3 75.1 69.1 64.3 58.8 52 48.6 45.1 41.9 37.2 32.5 29.1 25.7 18.9 11 8.3 6.9 4.9 6 5.4 5.1 5 3.4 4.7 4.5 4.5 4.4 4.4 4.5 4.5 4.6 4.7 4.8 4.8 4.9 5.7 6.3 6.9 7.4 7.5 6.9 6.3 5.8 5.3 4.9 4.8 4.7 4.6 4.5 4.4 4.4 4.4 4.5 4.5 5.2 4.5 4.3 3.5 3.7 4 4.5 4.7 4.8 5.1 5.4 5.5 5.7 7.5 23.5 32.8 40.5 46.3 52.7 58.7 82 102.5 111.9 120.1 128.3 135 140.1 145.9
121.2 119.5 111.9 102.9 94.8 87 81.7 76.8 68.9 62.4 56.1 50.4 46.6 43.3 40.1 35.2 30 26 21.9 16.5 14.1 10.5 9.6 6.2 4.6 5.5 5.2 5 4.7 4.6 4.6 4.5 4.4 4.5 4.6 4.6 4.7 4.8 4.8 4.9 5 6.1 7 7.7 8.2 7.7 7.2 6.6 5.9 5.2 4.6 4.6 4.6 4.6 4.6 4.6 4.5 4.3 4.3 4.3 4.2 4.6 4.2 3.7 4 4.3 4.4 4.6 4.7 5 5.3 5.3 5.4 6.9 15.1 28.8 34.4 40.5 47.7 53.9 69 91.8 102.7 111.3 120.5 128.8 136.5 144.6
127.7 123.1 117 109.6 99.1 91.5 81.7 76.3 68.8 61.7 55.3 50 45.5 41.7 38.5 33.2 27.3 23.4 21 25.2 18.6 15.2 12.6 10 6.3 5.4 5.2 5.1 5.1 4.8 4.6 4.4 4.6 4.6 4.7 4.7 4.8 4.9 4.9 4.9 5.4 6.5 7.4 8.3 8.5 7.9 7.2 6.6 6 5.3 4.3 4.3 4.4 4.4 4.5 4.5 4.5 4.4 4 3.9 3.6 5.7 6.1 3.9 4.1 4.2 4.3 4.5 4.6 4.9 5.1 5.2 5.3 6.4 8.3 24.8 30.9 36.3 45.2 49.8 60.9 74 92 102.3 111.9 121.2 129 138.8
132.3 127.2 120.6 112.5 103.5 93.8 84 75.5 68.9 62.9 57.5 53.4 49.2 42.8 37.5 31.7 29.4 28.3 27.9 25.1 19.1 17.4 14.9 11.8 6.4 4.7 5.7 5.4 5 4.8 4.6 4.5 4.7 4.7 4.8 4.8 4.9 4.9 5 4.7 5.7 6.9 7.8 8.7 8.8 8.2 7.5 6.9 6.1 5.3 4.5 4.4 4.3 4.3 4.3 4.2 4.3 4.3 4.2 5 4.4 4.2 3.7 3.7 4 4.1 4.2 4.4 4.5 4.8 5 5.1 5.1 5.1 5.6 18.7 26.1 30.6 38.4 44.4 54.5 62.4 72 90.4 105 114.4 123.1 131.3
135.3 128.3 121 113 104.2 95.6 86.1 78.9 72 66.4 60.4 56.2 51.8 47.1 41 34.7 34.1 32.1 28.8 26.7 22.8 19.4 16.3 13.1 8.4 5.4 5.5 5 5 4.9 4.6 4.8 4.8 4.8 4.9 4.9 5 5 4.8 5 6 6.6 7.5 8.5 8.8 8.5 7.9 7.1 6.2 5.3 4.8 4.4 4.4 4.3 4.3 4.3 4.3 4.4 4.4 4.5 4.3 3.9 4 4 3.9 4 4.1 4.3 4.4 4.7 4.9 5 5.1 5.2 5 16 21.7 27.7 34.6 41.7 48.8 54.8 64.7 78.2 98 108.6 118 126.6
137.1 129.1 121.3 113.6 104.8 96.2 89.4 83.9 77.6 71.1 64.7 58.9 54.3 48.7 43.2 40.4 38.9 36.2 33.2 28.9 25.9 20.4 16.1 12.3 9.7 7.5 4.9 5.1 5 5.2 4.9 4.8 4.9 5 5 5 5.1 4.9 4.7 5 5.6 6.2 7.1 7.6 7.7 8 7.8 7 6.1 5.5 4.8 4.3 4.2 4.2 4.1 4.1 4.5 4.6 4.6 5.4 4.2 4.2 4.3 4.3 4.2 4.1 4.1 4.2 4.3 4.6 4.9 5 5 5.1 4.9 9.2 18.2 25.1 31.5 38.5 43.7 49.5 58.8 69.8 91.7 103.4 113.9 122.9
138.9 130.4 122.5 114.1 105.4 96.9 89.9 85.1 80.1 75.4 69.5 63.2 57.2 51.1 46.4 44.8 40.5 36.5 33.4 30.3 27.2 23 19.9 16.6 11 7.2 5.1 5.2 5.1 5.1 5 4.9 3 5 5 5.3 6.8 6.5 5.9 4.9 5.2 5.8 6.4 6.8 7.5 7.6 7.3 6.6 6.1 5.5 4.8 4.3 4.1 4 4 4.2 4.4 4.6 4.8 4.7 4.5 4.5 4.6 4.5 4.5 4.4 4.3 4.2 4.4 4.7 4.9 5 5 5.1 3.9 6.5 14.7 20.3 28.3 33.8 38.7 44.8 54.1 65.5 86 99.4 111.1 119.8
140.7 132.2 123.9 114.7 106.1 97.6 90.4 84.4 79.3 75.1 70.2 66.3 61.2 56.8 51.5 49 44.4 40 34.2 31.2 28 23.2 19.6 15.8 12.6 10.7 6.8 5.3 5.3 5.3 5.1 5.1 5.1 4.9 6 6.5 7 10.6 6.4 5.1 5.4 5.5 6.3 7 7.2 7 6.7 6 5.9 5.5 4.8 3.8 4.1 3.7 3.9 4.1 4.3 4.4 4.6 4.3 4.4 4.8 4.9 4.8 4.7 4.6 4.5 4.5 4.7 4.8 4.8 4.9 5 5.1 4.6 6.1 12.4 19.1 24.4 31.1 34.8 40.1 49.9 61.1 79.8 94.6 108.5 118.3
143.3 133.4 125.9 118.5 109 100 92.8 85 79.9 77.3 72.6 68.4 64.1 60.3 58.6 54.5 49.7 41.6 36.1 31.4 27.4 25.6 23 19.7 15.3 11.7 7.9 4.8 5.6 5.6 5.6 5.5 5.4 5 5 5.1 5.7 8.5 9.7 5.3 5.3 6 6.6 6.8 6.6 6.4 6.1 5.9 5.6 5.2 4.8 4.7 4 4 4.3 4.5 4.6 4.8 4.9 6.3 3.8 4.6 5.1 5 4.8 4.7 4.6 4.8 4.9 4.8 4.8 4.8 4.9 5 5.3 6.7 10.6 17.1 21.7 28 32.2 37.5 45 55.5 75.4 90.3 104.4 116
146.1 135.6 129.9 124 116.3 107.3 98.4 89.5 83.7 81.4 76.2 71.1 67.5 65.3 61.7 57 50.5 42.6 37.5 34.4 32.5 30.9 27.1 22.9 19.6 16.5 12.1 6.9 5.1 6 5.9 6 5.5 5.2 4.4 5.2 5.3 6.8 9.8 7.7 6 7.4 6.5 6.1 5.9 5.8 5.5 5.9 5.4 5 4.6 4.3 3.7 4 4.5 4.6 5 5.1 4.7 4.5 4.2 5 5.2 5.1 4.9 4.8 5 5 4.9 4.8 4.9 4.7 4.7 4.8 5 5.6 9 11.5 18.1 23.9 27.9 34.2 39.2 48 63.8 87 100.9 112.7
146.3 141 138.1 132.5 125.9 117.9 109.9 99.1 90 85.6 81.4 76.9 72.9 67.1 66 59.7 50.8 46.4 41.9 37.8 36.6 36.1 33.6 28.1 25.3 22.1 17.6 11.1 7.4 6.4 6.5 6 5.4 5.2 5.1 4.9 5 5.2 8.4 9 5.6 6.1 5.5 5.3 5.2 5.2 5.1 5.6 5.3 4.8 4.4 4.2 3.8 4.2 4.7 4.8 5 5.4 4.5 4.6 5.1 5 5.2 5.2 5 5.1 5.1 5 4.9 4.9 4.9 4.8 4.6 4.7 5 6 7.2 7.4 8.8 17.8 23.8 31.5 36.7 42.7 56 79.4 97 109
147.1 146.1 145 140.7 133.4 125.5 119.4 107.8 99.7 95.3 88.7 81.8 76.9 71.3 71.9 66.1 56.9 49.8 44.4 42.1 40.6 39.3 39.8 33.8 29.4 25.5 21.7 17.3 11.5 8.7 6.9 6.2 5.2 5.3 5.4 5.2 4.8 5.1 6 9.5 7.7 5.8 5.1 5.1 5.1 5.1 5.1 5.1 5.1 4.7 4.3 4.4 3.8 4.4 4.9 5.1 5.2 4.3 4.8 5.2 5.3 5.3 5.2 5.3 5.2 5.2 5.1 5 4.9 4.9 4.8 5 4.7 4.5 4.9 5.5 6.1 6.9 7.7 9.3 20.3 28.9 34.5 40.3 53 67.7 93.1 107.4
152.5 153 150.3 144.6 137.3 129 123.6 115.1 110 105.8 99.8 87.9 81.6 75.8 75.7 67.3 62 54.4 51 47.5 44.7 42.4 42.3 41.5 34.5 30 26.5 19.5 14.1 11.4 11.5 7.4 5 5.7 5.4 5.2 5.3 5 5.4 6.8 8.9 5.7 5.1 5 5 5 5 4.8 5 4.5 4.3 4.3 2.9 4.4 5 5.4 5.3 4.4 4.8 4.9 5 5.1 5.2 5.3 5.3 5.2 5.1 5 5 4.9 4.7 5 4.8 4.2 4.6 5.3 5.9 6.5 7.2 8.5 13.9 25.5 32.7 39.4 48.9 61.1 83.1 105.7
154.2 157.2 152.2 146.5 137.3 132.5 128 121.9 114.9 108.7 97.8 93.3 86.6 80 78.8 73.2 66.3 58.8 55.6 52.1 49.2 45.4 43.3 43.1 37 33.2 29.9 21.6 17.4 14.6 13.2 9.2 5.4 4.3 5.1 5.2 5.5 3.4 5.2 5.2 8.9 6.8 5 4.9 4.9 4.9 4.9 4.7 4.8 4.4 4.2 4.3 4.6 4.5 5.1 4.1 4.1 4.4 4.6 4.7 4.8 5 5.1 5.2 5.2 5.2 5.1 5 5 4.9 4.6 3.6 4.1 4.2 4.2 4.6 5.3 6 6.7 7.9 12.8 20.5 30.3 39.2 45.7 62.6 71.8 97.7
153.2 153.8 149.9 141.2 135.2 135.2 131.8 126 119.1 109.7 100.9 96.5 89.2 85.7 81.8 75.3 68.7 62.8 59.2 56 54.1 50.6 48.2 46.3 42.2 36.2 33 27.4 21.1 15.1 12.4 14.4 5.4 5.4 5.5 5.6 5.6 5.6 4.8 5 6.8 6.8 5.9 4.8 4.8 4.8 4.8 4.7 4.6 4.3 4.2 2.6 4.8 5.4 3.8 4.7 4.5 4.5 4.5 4.6 4.8 4.9 5 5.2 5.2 5.1 5 5 5 4.9 4 4.1 4.2 4.3 4.4 4.4 4.7 5.3 6 7.3 11.2 18.7 30.1 40.5 45.8 62.2 73.9 87.3
151.2 151.5 146 141.6 135.8 130.3 126.4 128.2 120.6 108.5 103.1 96.4 88.9 87.7 82.1 74.8 71.3 67 64.1 61.3 58.2 54.1 52.5 50.2 45.2 39.5 35.1 27.6 21.9 13.7 10.4 13.2 8.5 5.6 5.3 4.2 5.4 5.5 5.8 5.3 5 4.9 5.1 5.5 5 4.7 4.7 4.7 4.4 4.6 4.8 5.2 5.3 5.2 4.6 4.6 4.5 4.5 4.5 4.6 4.7 4.8 5 5.1 5.1 5 4.9 4.9 4.9 4.1 4 4.1 4.2 4.3 4.4 4.6 4.7 4.7 5.3 6.6 9.9 16.1 28.1 40.6 49.3 61.5 73.1 84
146.1 147.7 145.3 141.7 135.8 130.6 124.5 119.2 116.4 111.4 104.6 97 89.3 88.2 82.4 78.2 74.2 71.4 70.7 67.2 60.9 57.2 56.3 53.3 48.3 43.3 37.1 29.7 21.3 13.9 9.7 9.3 12.2 5.1 5 5.3 7 5.2 5.3 3.9 4.9 4.9 4.6 4.6 4.7 4.6 4.3 4.8 4.6 5.1 5.3 5.7 6.3 5.3 4.6 4.7 4.6 4.6 4.6 4.6 4.6 4.8 4.9 5 5.1 5 4.9 4.8 4.5 4.2 4 4.1 4.1 4.3 4.4 4.5 4.7 4.8 4.9 5.4 7.7 13.4 28.4 41.2 49 58 72.4 82.6
144.4 145.1 143.8 141.5 135.7 129.5 123.4 118 113 108.4 102.5 96 91.4 90.5 83.6 79.9 79.8 76.2 72.3 73.2 65.4 61.2 59.6 56.3 52.9 46 39.3 32.7 26.4 16.6 10.2 6.9 5.5 5.6 4.8 5.1 5.3 5.6 5.7 6.3 5.2 4.9 4.6 3.5 3.9 4.1 4.1 4.6 4.7 5.5 5.8 6.2 4.5 3.1 4.8 4.7 4.7 4.7 4.7 4.7 4.6 4.7 4.8 5 5 4.9 3.6 4.2 4.5 4.3 4.1 4.1 4.2 4.3 4.4 4.5 4.6 4.8 4.9 5.2 6.4 11.3 28.3 42.4 50.7 55.2 70 80.3
144.2 138.9 136.8 136.3 132.5 127.2 124.6 121.8 118.8 112.4 105.4 98.2 95.9 92.6 85.5 81.9 80.9 77.5 74.6 71.9 65.3 66.7 66.4 65.3 58.6 50.8 41.6 34.5 28.1 20.6 13.6 8.1 5.3 4.5 4.7 5.1 5.6 5.8 5.7 5.3 5.1 4.8 4.4 4.4 4.5 4.6 4.7 4.8 4.9 5.8 5.5 4.7 4.6 4.5 4.4 4.8 4.8 4.7 4.7 4.7 4.7 4.7 4.8 4.9 4.9 4.6 4.4 4.3 4.2 4.4 4.2 4.1 4.1 4.2 4.4 4.5 4.6 4.8 4.9 5.1 6.3 11.3 27.4 43.6 51.6 55.1 65.6 80.9
143.1 137.9 134.6 133 133.1 127.7 124 124.4 118.7 114.6 107.9 101.9 98.8 92.4 88.9 85.1 80.4 77.6 74.4 69.8 64 70.4 66.4 60.8 56.3 48.6 39.6 32.5 29.2 21.9 16.3 9.7 6.4 5.3 5.7 5.4 6.2 6.7 5.4 5.5 5.5 5.6 4.9 4.9 5 5 4.9 5 5.2 6.1 4.8 4.5 4.5 4.5 4.5 4.3 4.5 4.7 4.8 4.8 4.8 4.8 4.8 4.9 4.9 4.6 4.4 4.3 4.3 4.4 4.3 4.2 4.1 4.2 4.3 4.5 4.6 4.8 4.9 5.1 6.4 10.1 25 44.4 53.4 55.9 64.1 79.9
143.3 137.8 133.7 129.5 126.3 124 122.1 121.7 119.9 114.8 108.2 103.9 101.7 93.8 90.7 87.1 80.2 73.3 70.2 66 61.7 57.4 62.3 57.6 53.2 46 37.4 30.7 28.5 19.9 15.1 11.8 9.7 7.7 5.2 5.1 7.2 6.1 5.6 5.5 5.1 5.9 5 5.1 5 5 5.2 5.3 5.5 6.2 6 4.4 4.5 4.5 4.4 4.5 3.9 4 4.1 4.3 4.4 4.6 4.7 4.9 4.8 4.6 4.4 4.3 4.3 4.3 4.4 4.2 4.2 4.2 4.3 4.5 4.6 4.8 5 5.1 6.2 10.3 23.8 43.6 56.6 60.2 64.2 74.4
144.6 137.3 131.2 128.2 123.6 118.8 115 118.6 118.5 113.5 106.8 104.7 102.7 95.3 94.7 87.1 79.9 73.4 69.6 64.2 59.2 54.6 54.6 54.6 49.1 43.5 35.6 28.7 25.1 17.4 12.9 12.9 7.9 6.8 5.7 4.4 5.8 5 5 4.9 4.9 4.9 6.2 5 5.1 5.3 5.5 5.6 5.8 6.5 4.9 4.3 4.2 4.3 4.3 4.4 4 4 4.1 4.1 4.2 3.2 4.1 4.4 4.6 4.5 4.3 4.3 4.4 4.3 4.4 4.3 4.2 4.2 4.3 3.9 4.2 4.4 4.6 4.9 5 8.3 23.7 41.1 55.6 62.8 65.6 72.6
145.1 136.9 130.8 127 123.1 116.2 111.4 113.4 110.5 107.6 105.4 104.4 99.1 92.2 90.1 84.6 79.1 75.4 71.1 62.5 57.8 53 48.3 51.7 44.9 39.4 33.6 26.3 21.8 15.4 10.4 9.9 6.6 5 5 5.7 5.3 5.2 5.2 5.3 5.3 5.3 6.3 5 5.3 5.6 5.8 5.9 6.1 6.4 5.2 4.2 4.3 4.4 4.4 4.4 4.4 4.1 4.1 4.1 4.5 4.2 4 4 4 4.3 4.2 4.2 3.9 4.6 4.6 4.6 4.5 4.5 4.5 4.5 4.6 4.6 4.6 4.6 4.5 7.3 21.7 37.5 52.1 64.3 67.9 71
144.6 137.4 134.7 130 124.4 116.9 108.2 104.5 104.3 104.7 101.3 101.5 96.9 92.1 89.4 85.1 79.3 71.7 64.1 56.5 51 48.9 44 45.4 40.8 34.2 29.4 23.9 18.6 12.7 7.5 5.4 5.2 5 4.8 5.5 5.4 5.4 5.4 5.5 5.5 5.6 6.6 5.3 5.5 5.8 6 6.3 6.4 4.8 4.9 4.4 4.4 4.4 4.4 4.4 4.4 4.5 4.7 4.6 4.3 4.1 3.9 3.7 3.6 3.9 4.1 4.2 4.5 4.5 4.6 4.6 4.7 4.7 4.7 4.7 4.8 4.8 4.8 4.7 4.5 6.7 19.2 33.7 49.2 63.6 69.5 72.4
144.5 137 134.3 130.8 123.7 116.5 108 99.3 97.6 97.9 99.1 98.5 93.1 87 89.9 81.8 73.9 64.8 57.9 51.5 47.3 42.6 40.2 40.4 37.9 31 24.9 20.3 14.6 10.6 6.7 5.2 5 4.9 4.8 5.3 5.5 5.6 5.5 5.5 5.5 5.4 5.4 3.8 5.6 5.9 6.2 6.6 5.2 4.9 4.5 4.5 4.4 4.5 4.6 4.6 4.7 4.7 4.8 4.5 4.2 3.9 3.7 3.6 3.6 3.9 4.1 4.2 4.4 4.5 4.7 4.8 4.8 4.9 4.9 4.9 4.9 5 5 4.9 4.7 6.2 19.1 33.8 45 63.6 70.9 73.6
144 136.7 132.8 129.3 122 114.7 107.2 96.7 91.8 92.3 92.8 91.7 86.5 80.5 82.7 76.3 68.1 59.9 52.8 48.1 42.3 39.2 38.6 40 35.5 29.4 22.5 15.4 11.9 9.2 6.6 6.2 5.9 5.6 4.9 5 5.7 5.5 5.5 5.4 5.3 5.3 5.4 6.7 5.6 6.1 6.5 6.7 4.9 5 4.6 4.5 4.5 4.5 4.5 4.5 4.6 4.7 4.7 4.4 4.1 3.8 3.6 3.7 3.8 3.9 4.2 4.3 4.4 4.6 4.7 4.8 4.9 5.1 5.1 5.1 5.1 5.2 5.2 5 4.9 5.3 15.2 32.2 45.4 62 69.8 73.6
