GeneralExemplars/GeoExemplars/data/LakeDistrict/terrain-50-dtm_3563996/sd/SD49.asc
ncols 200
nrows 200
xllcorner 340000
yllcorner 490000
cellsize 50
[rows 105 to 139 of 200, columns 0 to 78 of 200]
85.3 92.6 92.8 91.2 104.9 120.2 134.4 142.9 142.4 139.2 133.4 127.7 125.8 137.2 130.6 118.3 112.5 112.9 120.3 129 131 134.3 130.8 129.2 127.6 123.1 119.8 118.8 112.8 107 100.5 99.6 102.3 104.2 109.5 121.5 130.8 132.6 135.5 138.1 145.2 156.6 164.4 163.7 163.1 160.6 157 157.3 161.9 162.9 166.3 167 165.1 162 158.2 155.8 150.6 142.9 138.5 131.8 122.7 121.3 117.8 112.2 105.8 99.8 94.2 94.8 100 105.4 108.4 111.8 115.7 120 121.5 126.7 127.3 127.6 127.4
89.5 100.2 99.3 93 105.1 118.2 127.6 133.1 138.7 136.9 131.5 122.8 115.7 120.1 123.9 110.7 106.7 111.2 118.9 123.8 124.1 129.6 130.3 127.9 128.2 128.1 123.3 122.7 118.3 107.8 99.8 100.3 102.5 103.2 105.9 117.7 127.4 136.6 132.7 137.8 144.6 146.9 152.4 157.7 159.8 158.1 154.6 154.4 155.7 157 161.5 160.7 159.2 153.4 151.1 146.3 145.7 139 131.6 126.1 121.7 118.3 114.8 110.3 103.9 97.3 93.3 93.7 98.8 103.8 106.8 112.8 123.4 124.4 124.8 125.7 125.9 127.2 128.1
91.7 101.4 101 94.5 103 111.9 121.3 129.4 135.1 130.6 125.7 117.2 107.1 106 111.8 109 108 109.8 112.2 114.8 115.4 118.7 126 129.9 127.4 123.2 125.6 121.2 113.5 101.3 99.6 100.2 101.2 103.1 105.2 114.3 124.3 132.6 132.2 138.6 141.6 143.7 149.3 154.7 156.4 152.1 150.7 149.6 148.8 153.7 156.9 156.8 157.8 154 149.5 147.5 142.7 134.4 128 123.3 120 117.1 114.5 106.9 99.6 94.3 91.7 95.5 104 105.8 110.1 116.1 125.2 125.9 126.3 126.7 128.9 131.6 130.2
95.1 99.6 101.1 94.3 98.6 107.3 112.8 119.2 122 121.2 117.4 111.3 102.7 99 99.2 104.4 105.9 104 103 106.4 113.9 120.3 123.3 125.3 123.6 117.6 113.7 110.7 106.6 99.6 100.3 101.3 101.4 102.8 105.2 111.7 119.2 124.6 128.3 133.2 136.5 143.3 151 153.7 151.4 149.4 149.3 149.2 148.8 148.8 150.2 152.1 154.6 156.3 154.8 149.3 144.2 140.3 134.5 127 122.4 117.5 113.7 105.3 98.1 93 90.7 94.7 105.8 109.7 109.5 115.2 123.8 129.3 134.7 134.6 131.5 136 135.9
94.2 97.7 98.8 93.7 96 102 106.9 109.1 107.9 106.7 106.1 103.3 102.7 101 97.9 98.6 99.8 99.3 103 112.1 112.9 118.1 118.1 118 118 116.8 111.2 108.6 100.4 97.3 101.8 103.8 103.3 104.4 105.5 111 116.1 118.9 120.3 127.8 136.3 142.1 150.1 147.3 150.2 149.6 149 148.9 149.8 151.3 150 150 155.6 155.2 150.1 148.9 148.9 144.1 139.9 129.9 124.7 120.5 113.2 106.4 100.3 92.7 90 91.1 103.9 108.7 109.1 115.8 126.3 136.9 144.6 143.2 137.4 141.8 144.5
91.7 98.2 98.4 93 94.8 97.9 98 99.6 104.4 105.7 103.9 102 101.7 99.9 102.3 101.2 96.2 99.3 106.4 105 104.5 109.7 110.5 108.1 107.4 109.9 103.3 97.9 94.4 97.7 103.5 107.8 109.9 107.2 107.5 108.2 110.3 114.8 116.3 128.2 131.4 136.4 142.3 146.7 149.4 150.3 151 150.4 151.3 154.7 152.3 147.8 147.5 148.7 149.6 150.8 155.1 148.4 137.9 130 124.4 120 109.6 103.9 97 93.6 90.8 88.9 99.5 105.4 110.6 117.9 128 135.2 142.6 146.8 144.6 146.8 150.6
93.4 97.1 96.2 92.9 91.6 91.8 92.5 100.5 105.6 108 109.2 106 104.6 104.7 107.8 104.5 100.8 93.6 98.1 95.8 96.8 98.8 100.9 99.6 98.6 97.7 95.1 92.8 93.3 100.2 105.8 112.2 111.9 109.6 108.6 108.5 108.2 114.7 119 121.6 127.8 130.8 138 145.4 150.2 154.8 154.4 157.8 157.8 154.5 147.9 144 144 144 145.4 149.5 151.6 147.2 139.5 132.6 124.3 115.6 111 108.4 103.4 100.6 95.5 87.7 93.1 103.8 110.5 118.6 127.7 135.4 143.2 147.9 150.5 155.5 161.4
95.6 96.2 95.9 90.9 90.9 90.7 93.2 101.1 108.3 112.1 113.3 110.1 106.7 105.5 104.4 103 100.3 94.6 92.3 91.4 88.1 88.2 91.8 93.3 90.5 90.6 90 90.1 100.1 102.4 102.9 105.6 109.3 108.2 108.5 108.5 107.6 114 119.9 119.8 124.2 128.1 138.4 148.8 160.9 163.6 163 161.5 159.5 150.8 144 144 144 144 144 146.7 148.6 148.9 143.3 134.4 127 119.2 116.6 107.9 101.7 102 96 88.6 90.4 101.1 110.8 116.9 125.6 135.7 144.6 153.4 161.6 168.1 172.3
95.2 94.4 91.7 90.9 91 92 96.4 106.6 111.1 115.4 115.3 112.2 112.4 111.8 109.3 108.9 107.5 100 96.9 93.9 88.2 80.5 80.9 85.6 85.6 83.8 88.7 91.6 95.7 98.9 95.3 98.7 104.5 107.6 108.5 108.5 112.4 118.4 120.6 121 122.7 129.3 139.5 150.2 166.3 170.3 162.1 158.7 151.5 147.6 149.8 149.1 149.4 146 144 143.9 141.9 145.7 145 136.1 126.1 118.5 111.6 106.2 99.4 96.4 93 86.9 90.4 101.6 110 118 128.3 140 149.6 160.8 168.9 177.2 181
94.5 92.2 92.7 93 96.5 96.1 102 107.4 112.5 117.5 120.9 120.8 118.5 118.1 115.3 111.6 108.1 104.4 96.4 90.4 85.2 80.5 78 78.2 79.8 82.8 87 89.5 89.7 91.2 99.6 98.5 102.4 108 105.9 109.2 112.6 118.9 118.3 119.4 121.4 128.2 136.4 144.8 157.5 160.4 156.9 153.1 151.5 151.1 155.5 156.6 155.2 151.6 147.9 142.8 139.1 138.4 137.9 130.8 124.5 114.6 106.2 97.5 91.3 89.1 84.3 83.7 93.7 102.1 109.6 121.6 134.8 148.9 161.7 174.1 178.1 186.2 189.2
92.6 96.4 98.6 99 100.6 104.1 110.3 114.4 119.8 124.1 126.8 125.1 126.2 122.8 116.3 113.6 111 104.9 97.5 90.8 87.3 86.8 88.1 78.3 77.8 85.4 83.2 85.1 86.1 84.9 92.3 94.3 98.5 102.8 103.2 105.6 108.8 112.9 118.6 121.8 121.3 125 132.4 140.3 149 155.5 157.7 154.1 154.2 157.5 161.8 161.4 158.4 153.6 153.5 151.4 138.7 129.5 129 128.3 118.5 106.9 99.5 92.5 88.3 83.3 81.4 88.8 96 101.7 110.7 124.6 140 156.1 170.8 179.7 182.9 188.9 190.9
97 104.1 109.5 107.2 106.5 111.1 115.7 122.9 128.8 133 129.6 127 124.7 122.9 119.3 118.1 115.7 112.1 107.9 96.4 90.4 90.3 86.2 84.2 77.1 80.4 82 79.6 80.7 81.5 86.3 94.1 92.6 93.3 102.4 106.9 113.5 117.8 120.5 122.2 124.9 121.3 130.6 138.7 147.2 153.8 156.4 157.2 155.8 156.9 157.2 161.3 163.6 165.8 158.7 158.8 147.5 133.2 124.6 118.2 110.7 100.7 94.3 88.8 83.9 77.3 80.7 93.4 94 102.3 114.2 127.7 143.9 160.6 178.2 185.4 185.8 188.9 187.4
101.7 107.8 117.6 118.9 113.9 116.6 122.1 125.8 129.7 133.1 131.1 129.7 126.5 123.7 124.7 127.3 125.1 121.6 115.8 108.1 100.8 94.3 95.4 91.5 81 76.6 77.8 76.8 75.7 77.8 79.1 83.4 85.9 92.8 102.2 110.4 120.8 123.5 123.4 123.3 122.4 120.4 128.8 136.8 146.8 153.8 155.6 161.1 157.9 157.9 161.3 166.5 168.8 163.9 164.6 164.3 155.2 136.6 119 109 102.4 93.1 86.9 83.8 77.2 75.5 83.1 87.9 90.4 102.2 115.3 127 148.4 167 182.2 187.5 188.8 186.6 188.3
102.8 113.2 123.5 124.2 121.2 121.9 124.7 125.6 127.4 132 131.8 131 134.3 137.3 133.5 133.8 131.5 129.5 125.9 121.9 114.2 102.6 102.7 93.2 83.8 72.2 71.8 79.1 73.8 73.7 74.3 76.1 84.8 96.3 104.8 112.2 121.3 119 119.8 118.1 121.7 120.9 126.9 133.9 146.1 156.5 163.8 161.9 162.6 164.1 167.1 166.6 168.6 169.9 170.3 160.6 149.6 133.6 114.6 101.9 92.5 88.9 84.2 78 72.8 77.3 76.1 78.7 88.4 101 110.5 129.9 152.3 170.3 181 188 187.1 186.5 189.2
103.3 114.7 123.3 123.6 124.7 126.5 126.2 128.1 130.9 134.4 135.8 138.1 141.8 141.3 136.9 133.8 136.2 136.8 134.2 127.5 117.1 103 98 96.7 87.7 79.1 70.2 68.7 68.8 68.9 70.4 70.9 80 90.1 100.3 111.2 115.4 116.3 115.1 114.1 117.7 119.1 125 133 149.2 164.2 169.6 172.7 171.7 171.8 171.5 173.3 170.3 166.5 158 151.4 143.3 132.4 116.1 103 95.2 85.5 79.8 72.2 70.5 69.8 71.5 78.1 87 97.5 113.4 136 155.8 171.3 177.8 183 186.8 183.7 181.9
105 114.3 120.5 123.8 131 132.7 129.9 133.6 136.1 138.8 142.8 146.8 150.3 148.1 145.5 145.4 141.8 142.5 138.2 130.9 121.7 111.9 102.5 95.3 86.8 82.2 69.6 67.5 69.4 67.3 67.2 68.1 73.4 81.6 95.2 103.9 109.2 111.4 110.5 116.3 116.1 116 120.7 133.7 150.1 171.6 178.2 177.8 177.5 181.2 178.2 175.9 170.9 161 151.9 146.3 136.7 126.1 115.8 104.4 92.8 80 73.8 69.6 69.1 69.9 73.1 80.3 89.5 99.5 113.4 136.5 154.2 167.3 175.7 177.1 180 178.9 186.7
111.5 115.8 118.6 122.8 128.6 132.1 131.3 135.7 138.2 140.8 149.8 152.4 149.4 149.1 153.9 152.8 150.5 145.2 141.4 131.7 123.1 113.9 104.6 96.6 90 79.4 73.4 67.7 66.1 66.2 65.4 66.8 74.5 86.7 91.2 97.5 99.6 104.7 111.7 117.8 122.2 116.4 116.9 134.8 153.9 168.1 174.2 180.7 182.3 178.7 176 172.2 164.5 156.1 153.3 145.6 138.6 130.3 116.5 102.3 86 75.8 68.9 68 68.3 69.8 76.7 84.4 93.2 101 112.9 132.7 151.1 159.8 168.9 174.1 178.1 185.4 191.4
112.4 119.3 121.7 125 128.9 130.3 129.4 133.8 138.3 142.9 151.1 153.6 151.2 154.1 157.5 156.9 155.1 146.5 140.1 131.8 121.8 110.9 101.9 94.4 85.1 77.5 68.9 68.3 69.4 63.9 65.1 69.4 73.8 83.4 87.5 91.9 96.8 102.5 119.9 124.8 129.2 127.7 115.7 131.9 151.4 164.3 172.2 174.3 177.5 175 169.6 162.3 160.8 155.8 149.6 148.3 142.3 133.1 117.5 96.6 80.5 72 67.6 67.1 67.4 75.3 82.4 86.9 95.6 101.9 113.9 130.2 144.2 156 165.3 175.7 185.8 188.6 182.1
114.2 122 123.3 124.3 126.6 125.9 128.9 132.6 139.1 142 147.8 149.9 153.9 156.6 157.4 153 154 147.3 138.9 132.4 121.7 108.5 95.5 92.9 87.6 78.3 75.2 67.3 68.5 62.7 62 69.4 70.8 75.8 80.4 86.5 95.1 102.3 117.5 121.8 128.5 128.4 119.7 125.9 145.2 160.7 168.9 173.9 171.1 165.9 162 162.6 158.7 155 148.8 144.8 137.8 122.8 101.9 89.9 83 76.3 70.4 66.8 67.6 78.4 86.8 91.7 96.4 103.1 116.2 131.6 145.6 152.8 169.2 180.5 188.1 177.8 171.4
114.4 122.9 123.6 122.5 121.8 123.6 126.5 134.2 140.1 141.6 145.4 152.8 154.3 153.2 153.5 151.6 148.1 143.8 133.6 125.1 119.3 107.4 96.5 90.7 88.1 87.1 76.8 65.8 62.3 61 60.6 63.7 68.7 72.8 77.3 87.9 93.2 98.4 107.1 115.2 122.7 129.6 121.1 126.6 140.6 160.8 167.2 167.6 168.9 167 164.8 165.8 160.7 151.8 143.2 135.8 124.9 109.7 99.7 90.5 88.9 82.3 76.1 65.9 67.5 77.8 88.6 90.2 94.9 106.6 118.2 135.9 145.7 154.4 168.4 174.2 175.6 171.6 170.4
112 121.4 125.4 119.3 120.5 124.9 129.6 135.5 141.5 143.2 148.1 147.5 146.9 151.7 156.3 154.2 142.6 134.6 129 122.1 114 106.7 99 89.1 81.1 77.7 72.7 63.2 60.2 60 60.1 63.5 70.7 72.2 78 83.1 88.6 95.1 104.7 120.9 130.3 126.9 122.4 128.3 140.8 156.3 160 159.9 165.7 169.6 169.9 163.8 154.9 143.6 133.3 119.7 107.4 101.6 99.5 95 91.2 82.7 73.9 67.8 65.9 75.9 85.8 86 95.9 106.2 118.2 135.1 148.5 162 163.7 167.3 177.7 174 164.7
112.8 120.9 126.2 119 120.3 126.7 129.3 134 140.9 140.4 144.5 145.4 149.1 157.5 160 152.4 144.5 132.8 127.2 124.9 117 104.3 91.7 83 77.1 72.3 67.1 61.2 59.2 59.2 59.8 62.6 69.2 73.7 80.2 84.2 88.5 91.4 103.3 117.6 124.4 126 122.3 124.6 140.3 144.5 151.5 155.9 162.3 171.1 177.5 160.7 145.7 133.4 119.3 110.7 107.2 105.5 105.2 99 89.7 82.4 75 67.4 63.7 70.7 77.3 82.9 96.4 105.6 116.7 132.8 147.3 154.2 156 158.4 162.1 158 150.9
114.3 120.3 124.8 118.7 120.5 122.5 126.4 130.2 137.5 144 148.8 152.4 160.4 165.9 168 159.9 149.7 138.8 130.2 119.5 107.6 94 84.4 80.2 71.3 64.5 60.7 59.1 58.8 59.3 64.8 66.4 68 76.2 77.4 81.9 86.3 88.9 98.8 110.1 119 122.8 116.8 121.3 131.1 138.1 149.7 158.1 167.3 174.6 173.7 152.1 133.9 127 122 115.5 112.6 111.9 104.3 95.7 91.4 80.6 73.4 66.2 62.6 65.7 72.9 82.6 93.8 103.8 113.1 128.4 141.5 148.9 148.7 149.4 150.9 149.3 151.3
116.6 117 122 120.6 120.8 123.5 126.7 129.9 137.5 144.3 149.7 157 166.6 168 168.9 160.2 147.6 138.3 130.4 116.1 103.2 92.5 78.6 73.2 71.2 68.6 63.8 59 58.8 60.8 64.4 67.9 69.1 70.6 73.1 76.7 82.9 87.6 95.6 104.1 111 116.7 108 111.4 123.8 134.8 142.4 156.4 166 162 151 139.7 132.4 129.9 126.3 122.1 117.9 114.8 107.2 97.9 86 79.2 73.3 63.2 61.7 64.9 69.1 80 89.4 103.6 107.9 122.4 132.6 137.9 139 138.2 146.8 147.6 146.5
116.5 117.4 119.1 119.7 123.3 126.1 128.3 130.6 135.3 140.6 145.5 153.5 160.3 164.8 165.4 155.4 150.3 139.8 128.1 116 102 88.4 79.4 75.5 74 70.8 65.2 60.4 58.9 60 63.2 66.3 69.1 72.6 72.7 74.1 78.8 84.8 90.2 100.7 108.6 114.6 99.8 105.1 116.9 131.8 143.2 149.7 151.3 147.8 143.3 135.9 135.7 132.6 130.5 131.8 128.5 120.4 107.5 102.5 90.7 81.5 73.9 65.5 61.8 62 65.7 76.1 88.4 99.4 105.6 116.3 126.1 127.9 131.4 133.8 139.2 139.8 150.7
118.3 117.4 118.6 120.3 124.2 126.1 126.1 126.2 129.6 134.3 142 150.4 156.1 162.7 160.7 156 144.9 137.9 126.4 114.6 101.7 93 84.5 79 74.4 69.4 64 60.1 58.3 58.4 60.8 67.2 70.9 74.4 73.7 74.3 76.6 82.7 88.2 97.8 105.6 108.4 96.9 104.5 122 137.4 147.9 145.2 140.8 143.2 139.6 135.9 135.6 138.5 142.1 137.6 134.8 125.6 116.8 106.6 97.5 88.4 75.1 63.8 60.3 61 64.9 74.7 83.3 96.3 103.7 107.5 118.5 121.2 125.2 127.3 136.3 145.1 157.5
117.4 120.3 119.4 119.5 123.3 124.4 122.6 121.9 123.9 129.6 142.7 155.7 160 160.5 158.9 151.8 142.5 133.4 122.3 114.3 106.4 98 83.5 75.6 70.6 63.7 60.1 59.1 58.1 58.2 61.1 64.8 69.7 73.1 73.1 75.5 77.7 80.9 85.6 92.5 98.2 99 95.8 107.8 127.1 138.1 137.8 137.8 135.7 137.9 135.6 132.2 137.4 144.3 144.6 143.4 141.2 134 125.4 112.5 97.8 83.8 70.8 61.4 59.4 60.1 64.3 74.3 82.1 93.3 97.2 101 111.8 114.1 119.4 128.4 141.8 151 160
114.8 118 118.6 120.3 120.8 120.2 118.2 118.9 121 123.6 137.2 150.7 154.1 157.3 153.5 145.3 137.1 133.1 129.6 123.2 109.8 95.4 84.1 75.1 68.2 65.2 62.1 63.7 58.7 58.1 60 67 69.9 72.8 73.5 76.9 81.1 81.1 82.9 83.7 90.8 95.9 93 112.2 124.9 127.5 131.6 132.8 129.8 131.3 130.2 131.5 138.5 142.4 150.3 146.7 140.3 132.6 125.5 107 93.1 84.8 74.6 62.5 59.3 59.8 63.2 72.6 78.5 87.9 94.9 98.4 103.9 110.4 118.3 132 143 149.9 154
120.2 117 118.5 118 116.4 117.2 117.5 123.8 120.2 119.7 126.3 138.2 147.9 147.6 148.3 147.6 142.8 139.7 137.5 125.3 109.9 98.5 87.9 72.4 69.6 65.3 65.3 61.5 59 58.1 59.4 68 70.6 71.9 75.9 79.9 82.8 82 80.2 81.1 89.9 95.9 91.9 111.9 120.2 123.9 125.8 124.4 125.1 128.8 130.2 133.8 140.6 151.9 153 146.2 137.9 125.8 112.8 105.2 98.8 88.6 76.4 63.3 59.1 59.2 59.5 69.6 74.8 82.5 91.9 91.1 101.6 107.3 120.5 134 143.8 147.3 153
115.8 116.3 116.4 116.8 116.5 117.5 119.9 126 120.6 119.4 120 129.4 137.3 142.9 144.7 149.4 146.6 142.3 137.1 125.7 110.6 92.6 77.6 68.3 66 65.5 59.6 59 59.2 58.3 60 72.8 75.7 76.8 79.3 81.1 82.7 83.2 82.6 81.3 84 86 94.7 106.9 114.8 117.5 117.9 121.7 126.9 131.8 134.9 137 150.2 156.1 153.3 143.1 133.6 124 113.4 108.1 101.2 92.8 75 63.8 58.4 57.6 58.3 61.9 70.1 78.2 84.8 85.3 94.5 107.9 123.3 131.1 137.5 144.9 155
123.7 117 116.3 120.7 122.9 122 123 119.7 119.8 119.4 119.4 125.6 129.6 133.8 138.5 146.4 148.7 144.2 140.1 126.5 109.5 93.8 80.4 69.2 67.7 65.7 62.7 59.5 58.4 59.1 64.6 70.8 74.6 77.8 79.1 82.4 85.9 86.2 83.4 80.2 79.2 82.1 93.9 101.9 107.8 110.3 114.8 124.9 134.3 136.1 139.3 147 154.1 152 148.6 138.3 129 121.8 117.5 110.9 107.7 96.6 87.3 70.1 58.9 56 56.8 61.3 67 71.6 79.3 77.1 87.7 104.4 116 124.6 133.1 146 156
121.9 118.6 119 120.5 123.9 124.1 119.6 118.9 119.4 119.3 119.3 122.1 124.8 132.9 138.2 147 147.8 149.7 140.2 126.9 110.6 92.8 79.8 75.4 74.4 70.9 67.8 60.5 57.9 59.5 63.5 68.2 72.9 79.1 84.2 86.6 88.5 88.5 87 82.4 75.6 78.7 88.7 95 101.6 111.6 117.6 128.9 141.1 147.2 146 151.5 149.6 149.6 142.6 134 126.8 122.9 121.1 117.4 113.8 101.7 89.6 74.3 62.2 55.6 54.7 63.8 63.6 64.9 71.9 71.2 81 97.2 110.1 120.1 135.1 143.4 151.4
118.5 121.5 123.1 119 118.8 118.9 118.8 118.7 120.3 124 119.8 120.5 122.5 129.6 137.4 140 144.7 146.2 141.6 127.4 111.1 94 80.8 79.6 78.1 72.3 64.1 60.4 58 57.7 64.7 72.5 78.4 83.6 86 87.4 89.3 91.5 90.1 85.3 76 76.3 85.3 92.8 102.8 108.3 119.6 133.9 143.3 152.7 153.5 152.9 153.6 147 142 134.6 128.5 128.6 127.6 125.4 116.8 103.6 87 68.8 57.7 55 54.4 59.9 59.1 59.9 63.4 70.3 82.9 94.1 108.3 120.5 135.7 141.1 144.6
119.9 124 122 118.9 118.6 118.9 122.9 123.7 124.3 124.1 120.9 121.8 125.2 127.4 130.2 139.2 144.4 146.5 142.4 125.5 109.3 98.7 87.8 80.3 75.2 66.2 62.5 57.6 57 61.3 68.7 74 79.9 84.5 87.3 86.1 88.4 90.6 89.5 85.7 76.6 76.9 88.3 92 98.7 114.7 127.5 143.2 147.1 151.3 156.8 160.7 155.8 148.8 143.8 138.7 133.1 134.9 132.7 129 119 100.7 83.8 73.4 64.9 56 50.3 53.9 54.4 57.6 60.6 67.3 80 90.6 105.8 119.3 128.6 136.9 140.1
118.2 120 118.5 121.9 118.9 118.8 119.8 121.7 122.2 121.3 121.3 124.4 128.7 131.9 134.4 137.8 142.4 140.7 134.4 122.4 110.3 98.2 85.6 75.4 69.2 61.8 59.1 56.9 58.1 60.9 65.6 72.3 79.8 83.1 87.2 87.2 87.7 86.2 87.9 86.1 79.5 73.5 82.8 91.2 104.2 115.6 125.8 133 146 157.7 163.5 164.3 159.7 153.9 148.3 142.6 141.6 138.9 134.8 125 110.1 100.1 92.2 75.6 64.4 51.6 49.3 50.9 51.7 55.4 61.2 70.1 81.9 93 103.5 110.3 120.4 131.2 139.6
