GeneralExemplars/GeoExemplars/data/LakeDistrict/terrain-50-dtm_3563996/sd/SD49.asc
ncols 200
nrows 200
xllcorner 340000
yllcorner 490000
cellsize 50
[rows 35 to 69 of 200, columns 79 to 157 of 200]
140.4 140.5 139 140.2 141.7 142.6 152.1 156.2 147.9 143.2 136.3 132.9 130.2 132.5 143.1 147.4 142.9 136.7 136.5 134.9 126.3 128.3 124.9 122.4 116.9 114.8 117.1 117.1 119 115.9 113.6 113.5 113.8 114.3 117.2 130.4 132.9 130.8 123.3 113.2 117.4 126.3 119.5 109.1 106.8 108.1 113.8 108 107.3 106.2 104.9 102.2 101.8 100 99.7 99 97.2 97.4 97.1 97.3 96.1 93.4 94.6 95.6 95.9 95 91.8 94 95.6 98.1 96.7 96.6 96.3 95.2 94.6 93.9 93.2 92.9 92.6
141.5 141.4 140.7 146 150 149.7 153.7 162.4 161.2 153.2 145.5 138 133.4 132.4 142.9 145.1 132.1 128.9 127.6 127.5 132.8 134.9 131.6 122.9 117.5 118.3 122.2 124.6 125.6 123.4 120.5 116 115.4 115.5 114.5 125.2 128 122.1 115.6 114.1 114 124.9 127.1 112.2 110.7 110.8 110.4 116 109.5 109 105.7 105.1 106 106.4 104.9 101.3 100.8 98.9 98.5 98.5 96.2 94.7 93.8 94.2 94.1 94.4 94.2 91.6 94.2 94.7 95.5 95.8 96.2 94.7 94 93.3 93.2 93.5 93.2
145 140.9 142.1 148.7 152.3 151.5 151.9 161.7 166.1 162.4 156.4 147.7 140.8 134.9 143.1 142.2 131.5 129.8 129.9 129 127.5 132.2 136.7 135.4 127.1 125.9 127.1 130.6 130.1 136.3 129.3 120.8 117 120.4 118.9 119.2 120.8 117.6 114 113.3 114.6 117.1 122.9 114.9 112.4 113.4 116.4 112.5 115.9 113.7 114.1 110.5 111.1 114.5 107.5 102.5 101.2 103.7 98.2 98.2 97.1 96.1 93.8 92.3 93.4 93.6 92.7 94.5 98.5 101.1 101.6 97 94.8 94.9 93.7 93.4 93.8 95 95.5
145.7 142.8 144 147.2 153.4 154.2 151.9 155.1 157.7 157.3 158 157.1 153.1 147.1 148.2 148.2 135.8 137 134.3 132.1 133.5 133 134 138.8 136.9 131.9 129.8 137.6 136.4 138.9 135.5 124.1 121.8 123.7 124.1 123.8 120.6 118.8 118.8 120.1 120.6 119.5 118.2 118.9 121.1 119.7 122.4 119.2 117.4 115.9 115.7 114.5 114.9 113.6 110 103.6 101.7 100 98.7 103.4 97.9 97.6 96.4 93.6 92.6 92.1 91.7 93.3 98.2 102.8 102.8 99.3 95.5 93.3 93.2 92.9 93.2 93.4 93
146 145 146.8 152.1 158.9 159.6 154.7 153.6 154.3 153.6 153.8 154.3 159.5 158.4 155.1 153.6 145.5 144.1 145.5 146.1 146 144.5 140 140.4 145.6 143.1 135.6 139.9 143.4 138.6 136.4 133.1 127.1 125.6 127.8 126 125.2 127.7 128 125.7 124.2 125 124.4 128.7 123.3 124.6 128.6 127.1 121.9 117.6 115.5 114.5 114.7 109.9 107 104.9 101.1 100.7 99.3 100.3 100 100.4 99.3 95.9 93.1 91 91.7 91.4 95.3 97.3 97.8 98.4 96 93.2 92 91.4 91.2 91.9 96.2
150.7 146.3 151.5 161.1 163.8 163.3 159.7 155.4 153.7 154 154.2 161.4 159.2 159.3 159 153.2 153.7 157 158.3 158.3 157.9 154.8 150.7 147.2 146.1 148.3 144.4 139.5 143.2 140.8 138.3 135.7 131.5 130.1 131.5 133.9 136.7 137.4 136.4 133.3 132.1 133.7 129.8 132.1 131.2 131.4 133 132.4 127.6 122.6 118.6 115.1 112.8 110.2 113.2 108.5 103.2 100.4 100.2 101.4 100 100.4 100.8 99.2 97 93.1 91.7 91.3 92.2 94.9 96.6 98.6 96.3 93 91.6 91.8 90.9 91.3 93.2
150.5 149.3 154.5 164.1 167.3 164.8 162.1 159.2 157.1 158.1 160.9 169.2 165.2 161.7 159.6 158.8 162.5 165.7 171.1 172.2 168.3 165.6 161.9 157.6 154.1 148.6 147.3 143.3 142.7 143.4 140.1 138.1 136.5 136.3 142.3 143.6 145.3 147.2 146.9 144.6 142.1 139.9 139.8 140.4 138.6 137.5 138.8 136.5 135.2 129.5 123.3 118.4 114.3 111.5 110.2 108.5 105.6 103.8 102.5 102.1 101.2 100.4 100.8 100.5 99.2 96 90.5 91.1 90.6 91.8 95.7 97.7 95 93.9 93.2 93.3 91.1 89 88.8
150.4 154.4 154.3 163 166.4 162.2 159.9 160.8 159.9 160.6 169.7 174.1 171.2 165.3 163.1 165.3 169.8 175.5 178.6 182.2 179.5 174 170.7 169.9 163.2 157.9 154.1 150 145 144.6 141.3 142.1 141.6 141.2 147.9 153.8 156 157.5 160.5 160.2 158 154.4 152.6 150.5 149.4 147.1 146.2 141.9 141.8 138 130.4 126.2 119.1 113.6 110.9 110.6 107.9 105.4 105.4 102.5 101.4 100.9 101.3 101 99.1 98.4 93.2 91.1 90.7 90.2 90.6 92.9 93.2 90.7 88.7 88.6 88.5 88.4 87.8
156 158.6 156.3 157.9 161.3 159.5 159.6 159.7 161.4 162 163.3 169.6 173.4 167.4 165.9 174.3 179.1 183 186.5 188.5 186.1 188 183.4 184.8 176.5 169.6 161.5 152.3 150.1 147.3 147.7 147.8 143.5 146.3 152.1 161.8 166.2 168.2 173.9 180.3 173.2 163 161.6 159 156.2 154.3 151.1 148 146.2 143.9 139.6 133.9 124 116.3 112.6 108.4 111.1 108.4 106.9 104.2 105 107.5 103.7 102.5 101.6 99 95.8 91.7 90.7 90.3 90.2 89.8 89.4 89.6 89.6 89.2 88.6 88.6 87.8
158.8 159.9 161.8 159.3 159.9 161.3 160.7 159.7 160.6 161.9 165.3 171.1 174.1 171.5 174 181.4 184.9 190.3 191.9 193.6 198.4 197.6 195.7 193 187.4 180.1 168.1 162 159.6 155.3 150.2 149.8 149.7 150.5 156.7 166.4 174.5 178.4 182.2 185.2 177.6 166.6 162.5 161.2 160.7 159.4 156.2 155.5 154.4 155.7 152.5 144.2 130.8 119.8 113.9 110.6 107.3 108.7 108.3 106.6 108.6 104.7 104 103.2 101 98.7 96.9 93.1 94 93.5 92.6 91.9 90.7 89.8 88.8 89 88.4 87.9 94.7
162.1 164.1 164.9 161 162.4 166.4 167.9 165.5 162.5 163.2 165.7 169.5 173.1 176.7 179 188 195 199.5 202.5 210.1 210.7 205.5 200.8 192.6 187.7 182.5 174.5 175.8 171.9 166.9 154.4 154.2 155.8 157.1 161.6 171.9 178.9 183.1 184.3 185.6 179.2 171.3 164.7 163.4 164.6 160.6 157.9 158.6 161.7 173 169.8 153.2 133.8 121.9 116.1 112.5 110.8 110.7 105.9 105.8 104.8 105.3 105.8 104.8 105.4 99.9 98.2 97.6 97.1 96.5 95.8 95.5 93.6 90.5 90.9 90.4 89.2 87.7 98.5
162.7 161.9 162.5 162.9 167.9 171.9 170.1 169.5 168.8 168 168.7 175.6 181.5 187.3 190.7 197.2 203.8 212.8 215.4 211.2 213 210.1 199.1 193.1 192.5 187.2 179.2 184.5 182.4 175.6 162.8 157.3 159.9 163.8 167.3 172.8 177.7 181.8 183.1 184.3 180.1 172.6 163.6 162.1 165.1 161 160 157.7 168.5 177.3 172.9 156.3 140.7 126.7 120.5 115.5 113 109.9 108.7 104.8 106.9 105.7 107 107.7 108.7 102.7 98.7 98.6 98.7 99.6 99.1 97.8 96.5 92.9 91.6 91.6 91.4 94.4 99.1
159.8 161.9 164.8 165.2 168.7 171.9 172.5 174.9 177.8 172.6 173.5 177.5 188.6 194.3 198.5 199.4 207.5 215.1 216.9 212.7 207 204.6 201.2 202.4 199 194.6 183 186.6 188.9 179.7 169.7 160 162.3 169.2 173.4 178.1 181.3 181.4 182.2 183.3 179 172.9 163.1 158.9 158.6 162.1 158.9 161.4 167.5 172.7 171.1 160.4 146.4 134.9 125.6 116.4 111.9 111.4 108.2 108.9 105.5 104.1 107.6 108.1 108.4 102.7 101.3 100.5 100.7 98.2 99.9 98.4 96.4 94.9 92.7 92.6 92.1 92.5 98.2
161.4 163.9 165.4 165.6 168.4 170.6 173.2 176.5 180.4 179.4 179 181.8 191.3 195.6 199.4 201.6 204 210.8 214.5 211.5 207.2 207 203.9 203.1 206.4 200.1 188.3 184.2 185.5 178.9 168.9 163.8 167.2 173 175.1 185.8 186.4 185.7 182.6 178.8 177 171.4 164.8 159.1 157.8 157.6 158.7 159.5 160.8 167.4 168.7 163.3 151.1 137.7 125.8 117.7 114.5 110.4 107.6 109.1 106.7 105.6 105.3 103.6 107.3 103.9 104.2 101.1 100.1 99.3 97.9 96.7 95.2 94 93.6 94.3 95.5 93.8 97.4
163.9 162.6 164.1 168.7 171.8 172.6 174.1 179.4 181.9 183.9 187.1 191.4 190 195.6 196.5 199.8 200.8 206.4 211.5 209.9 205.9 204.6 201.6 200 199.7 197.6 193.5 185.2 178.1 173.1 168.2 166.6 173 177.7 180.8 185.3 185.7 184.3 181 177.3 174.6 170.5 163.7 160 158.5 157.9 159.1 159.7 162.1 163.4 167.4 162.6 147.4 135.6 125.1 117.7 113.3 111.8 111.3 109.3 105.7 106.3 107.6 106.9 106.7 103.2 104.1 102.9 102.1 99.2 97.8 96.6 96.3 95.1 95.2 93.3 94.3 92.8 96.2
161.4 163.8 168.1 171.5 175.4 178 182.1 183.5 185.1 185.2 192.8 196.9 194 198 196.8 194.4 197.6 200.2 204.4 205.7 200 196.8 195.7 193.4 191.9 191.8 191.3 186.7 175.7 169 167.7 169.1 175.7 179.6 183.1 183.4 184.6 183.9 180.6 176.4 173.1 167.7 162.5 157.7 154.3 157.6 159.1 159.2 162.1 161.8 160 156.8 151.3 137.6 127.2 119.3 115.7 115.2 111.8 110.8 107.2 106.6 107.8 107.5 105.7 104.1 105.5 105.3 102.5 100.6 99 99.8 99.6 97.5 96.3 95.2 93.5 94.5 92.6
164.9 166.5 173.1 176.1 178.6 181.6 185.6 188.6 192.9 196.6 198.1 200.2 201.3 201.7 203.7 199.8 193.9 194.7 196.8 198 196.7 194.8 193.6 194 190.8 191.8 190.6 181.8 177.6 171.2 168.4 172.1 177.7 181.7 183.6 184.5 186.8 189.6 186.1 179.9 173 165.8 161.8 155.7 152.4 154.4 156.5 159.5 161.3 160.3 157.9 155.9 147.1 140.7 131.4 123.3 121.9 117.6 113.7 108.1 107 105.9 104.6 106.8 104.5 104.3 106.7 105.9 105.7 102.8 101.1 100.4 98.8 97.7 97.8 95.5 93.1 93.1 92.3
169.2 168.7 175.9 182.3 184 188.4 192.6 193.5 197.8 202.7 206.7 210.7 210.8 206.5 206.7 202 193.9 193.9 193.9 193.9 193.9 193.9 193.9 196.8 195.1 193 190.8 181.2 177.3 175 171.6 172.7 179.3 185.1 189.5 188.1 189.1 191.3 188.6 182.8 172.7 168.5 161.4 157.3 154.3 150.2 154.1 156.4 158.5 157.2 156.1 152.7 149.1 144.4 136.5 127 121.5 117.8 115.3 111.7 110 106.3 104.1 104.3 105.1 106.5 106.8 106.8 107.5 110.2 107 100.9 100.3 99.1 99.3 97.6 94.9 94.4 92.4
169.5 172.6 183.3 189.1 192.4 193.6 196.4 198.5 205.6 213 220 222.8 222.7 214 213.6 210.6 198.6 193.9 193.9 193.9 193.9 193.9 193.9 194.9 195.4 191 186.3 182.1 186.8 179.6 176.3 175.2 182.5 192.2 197.3 196.3 193.3 189.9 187.9 184.3 176 170.4 165.3 159.7 156.1 150.9 149.9 153.5 154.6 154.7 153.9 152.5 151.5 148.4 141.5 132.1 124.9 119.4 116.2 110.6 109.2 107.2 104.8 104.5 104.9 108.2 108.6 111.5 111.6 109.8 107.3 103.8 102.2 99.9 99.9 98.9 97.1 95.1 93.8
173.2 179.2 186.1 192.5 197.5 198.8 201.8 202.5 207.1 221.9 232.8 235.6 228.6 224.3 213.9 208.7 197 193.9 193.9 193.9 193.9 193.9 193.9 193.2 190.7 191.4 190.9 194.4 192.2 189.7 181.7 178.9 187.1 198.2 202.6 201.6 198.8 193.5 188.2 184.7 179.5 172.2 168.7 161.7 156.8 152.7 147.7 148.3 152.1 154.4 151.6 149.8 151.3 151.6 144.7 133.9 127.7 118 113.8 108.8 106.9 105.3 105.3 105.2 107.6 110 113.2 113.3 115.2 114.2 110.6 104.7 102.8 99.7 99.3 99 96.7 94.7 95.4
181.1 183.5 190.1 195.1 204 204.4 207.8 203.4 209.5 223.3 229.5 233.7 231 229.2 223.2 212 198.6 193.9 193.9 201.9 204.9 202.1 198.9 199.7 196 199.9 202.8 204.5 201.7 197.3 190.7 182.6 190.5 201.6 206 205.2 202.7 197 191.1 184.1 180.1 177.6 172.9 169.2 161.7 154 148.8 145.1 146.2 149 148.3 147.2 148.5 151 145 136.1 128.7 120.8 112.2 113.2 111.8 109.7 106.4 106.7 109.5 113.2 115.3 114.8 115.3 112.3 112.3 106.3 102.7 101.9 102.7 99.5 99.4 98.4 98.5
182.9 186.3 191.1 196.1 201.9 206 205.5 209.8 211.2 224.2 234.9 242.8 238.3 232.1 224.7 211.7 197.4 194.7 202.1 200.5 202.8 202.9 204.9 205.9 207.9 210.6 212 211.2 206.2 198.8 191.4 187.1 192.6 202.3 208.3 207.8 204.1 198.9 193.9 188.7 184.5 179.7 175 168.9 164.9 161.4 154 145.8 139.7 143 143.3 144.2 145 145.7 142.7 137.8 130.5 122.6 117.5 113.5 109.2 107.4 107.2 107.2 110.9 115.3 117.3 116.3 118.9 118.3 114.2 107.8 104.5 106.7 105.4 104.5 104.2 102 100.7
181.9 186.2 194.3 195.8 202.2 205.6 204.5 210.5 211.8 219.1 231 237.2 235.6 227.3 220.4 209.2 197 197.4 201 202.5 203.1 208 212.6 216.3 216.5 213.3 212.4 205.5 201.2 200.3 196.3 189.3 192.9 201.2 208.9 209.4 206.8 200.3 195 192 187.6 183 180 175.1 171.6 168.3 158 148.6 139.7 138 139.4 140.4 139.6 139.4 141.8 137 128.3 120.3 114.8 113.7 110.3 108.5 110.7 110 111.8 117 122 120.9 120.7 119.4 115.5 112.2 108.9 107.7 106.2 103.4 105.2 108 103.2
185.3 190.9 193.2 195.5 201.2 202.8 203.9 206.7 206.9 208.3 218.8 226.3 228.9 224.5 220.9 210.5 200.3 198.9 205.8 209.4 212.9 214.8 220.6 223.4 220.5 211.8 206.9 203.5 200.8 200.8 195 189.3 192.4 199.9 207.5 209.8 208 202.8 197.2 195.3 195.2 191.2 186.6 181.4 175.6 167.5 158.8 150.9 139.2 135.4 135.6 136.6 137.4 134.5 135 133.8 129.4 126.6 121.6 117.5 113.3 113.7 114.7 111.6 114.1 117.1 121.8 121.7 122.4 120.3 118.5 112.2 111.3 109.5 110.3 105.7 106.2 105.9 104.6
188.8 192.8 192.5 192.7 194.6 199.2 199 202.2 202.1 200.2 206.4 215.5 219.6 216.5 212.1 207.1 201.4 200.4 204.2 213.3 215.5 215.2 220.1 223.5 219.5 212 206.1 203.5 196.3 196.7 192 188.3 190.9 197.4 207 208.5 207.3 204.7 203.5 204.9 204.4 196.2 187.4 178.8 173.2 166 158.8 151.5 142.7 134.6 133.6 133.5 132.7 132.2 133.8 134.6 133.6 128.6 124.6 121.9 116.3 113.1 112.7 110.5 115.6 117.9 121.7 122.8 123 123.3 121.6 117 116.9 112.7 111 108.9 106.8 107.4 105.2
192.6 194.7 193.5 191.2 191 192.3 194.3 197.9 198.6 196.3 198.1 209 209.8 209.7 208.9 210.3 208.8 207.4 203 207.9 212.6 212.2 213.5 215.5 214.2 209.8 202.1 197.3 193.6 191.6 187.5 185.5 191.6 195.5 201.8 206.4 207.8 207.5 206.9 207.8 203.9 201 195.9 186.1 177.3 168.1 160.2 154.6 146.4 134.9 132.5 131.4 132.1 132.1 131.8 132.6 132.3 128.8 124.5 123.1 118.9 113.5 111.7 111.1 115.5 118.9 123.4 125.3 126.3 126.5 122.4 120.8 118.6 113.8 110.5 107 105.6 106.9 106.1
200.2 196.7 193.5 190.9 192.5 192 193.7 193.7 193.7 194 195.3 204 206.6 210.2 213.5 218.4 214.3 210.8 204.7 204.8 210.1 209.5 209.5 210.9 209.7 206.5 199.7 195 189.1 186.7 183.1 184.7 185.4 191 200 205.7 209 210.7 207.2 206.8 207.7 210.4 208.2 199.8 188.6 178.1 165.4 156.5 145.5 138.5 131.8 130.7 131 132.2 131.6 131.7 132.5 129 130 126.1 120.5 117 112.8 111.9 119.4 123.8 127.8 128 128.4 125.9 121.8 119.1 115.4 111.9 111.1 109 107.8 107.7 107
206.8 197.6 193.2 190.7 190.6 192.6 194.5 193.7 195.9 198.7 197.8 202.7 208.4 210.3 215.3 217.8 215.8 211 205.2 207.3 211.2 209.6 210.7 209.8 205.9 204.5 198.1 191.4 187.2 181.8 179.3 181.5 184.1 192.6 198.8 203.2 206.2 206.7 205.5 208.1 213.5 218.4 219.6 207.4 196.3 185.7 173.4 160.7 150.2 142 133.1 132 130.7 132 132.3 130.9 133 130.9 129.4 126.8 123.7 117.3 112.3 112.3 120.1 126.4 129.2 128.5 126.5 123.3 123.3 120.8 117.4 113.2 112.8 111.4 110.5 108.3 108.9
197.7 195.5 190.7 191.8 191.6 193.4 199.5 203.8 204.6 205.1 202.3 202.8 207.8 209 211.6 216.3 214.5 207.9 207.9 211.4 217.4 216.9 210.4 209.1 204.2 199.4 194.8 187.4 182.4 176.7 174.5 175.4 181.4 191.7 198.7 200.1 201.9 203.6 205 210.4 217 220.6 218.3 210.1 201.8 190.5 178.2 165.6 154.2 146.1 137.2 133.7 131.7 129.9 131.8 130.5 130.4 130.6 128.5 124.4 120.2 115.1 114.9 116.3 121.3 126.7 127.6 127.2 125.6 125.9 123.7 121.4 118.5 116.4 114.4 113.4 111.9 111.4 111.6
189.1 193.6 189.2 192.6 193.7 198.1 201.2 207.5 214.2 216.9 214.3 203.9 204.2 207.1 208.7 210.6 211.5 209.8 212.9 214.9 216.1 216.1 215.1 209.8 204 198.8 190.8 183.6 177 173.8 173.4 174.2 180.5 190 196.2 200.2 201.9 202.9 205.4 214.2 219.7 223.4 219.5 214.7 202 190.6 179 169 160.1 151.4 142.2 133.7 131.4 130.9 131.1 128 128.4 128.4 125.5 123.5 120.8 117.6 118.1 119.3 120.4 125.7 127.8 127 126.9 127.5 129.2 127.4 123.3 119.1 115 112.3 110.2 109 108.8
181.7 187.2 188.3 191.6 197.4 206 207 211 217.9 221.5 222.4 213.1 201.8 201.8 203.2 208 210.5 212 214.7 220.6 219.4 219.2 216.6 210 200.6 196 186.7 177.9 171 171.6 171.8 178.1 184.3 195.4 200.1 206.4 207.1 207.9 214.9 211.9 215.6 215.1 212.9 206.7 199.2 191.8 181.6 174.6 165.8 156.2 145.1 135 131.5 132 134.6 130 126.8 125.4 124.1 122.1 122.6 118.9 116.5 118.8 120.2 125.2 127.2 127.2 127.4 129.4 132.2 126.5 122.9 117.7 112.1 109.5 107.7 105.5 105
175.7 179 183.4 189.3 202 211.8 214.7 211.6 215.1 220.2 223.8 221.9 208.6 204.9 205.5 211.5 213 213.4 218.4 224.2 220.1 213.6 211.6 206.2 198.2 192.2 182.5 172.7 167.7 170.8 177.3 177.1 183.1 194.6 204.3 208.6 211.6 210.1 210.5 207.5 202.3 201.8 202 203 197.9 192 185 177 168.8 159.1 148.4 137.8 134 131.6 135.7 131.7 126 125.6 127.2 125.5 121.2 118.3 117.8 119.7 118.5 122.6 127.4 128.5 127 129.2 129.9 126.7 122.2 116.6 112.6 112 109.4 105.5 104.1
174.6 179.3 187.8 189.8 195.6 205.7 213.3 213.1 212.7 217.2 219.4 224.7 215.2 209.8 208.4 212.1 214.8 215 218.3 217.3 217.3 212.5 206.3 204.3 199 188.1 176.6 168.1 165.8 172.6 178.1 178.4 187.6 193.1 206.1 212.6 213.6 209.8 206.3 200.9 199.3 199.6 200.5 197.9 193.4 188.9 183.6 177.3 169.1 160.5 149 139.7 135.9 132.6 134.1 131.5 125.8 125.9 126 128.4 124.9 122.2 118.6 119.3 121.2 122.6 126.7 127.2 126 125.6 127.2 126.3 121.9 117 114.2 110.6 106.8 105.5 103.4
174.7 179.9 185.5 188 193.1 198.5 204 209 210.9 211.5 216.2 217.1 215.4 209.4 212.3 217.8 217.3 215.6 210.6 208.8 209.5 207.2 202.9 200.3 191.7 181.9 171.1 165.7 164.9 171.2 175.5 179.2 184.8 195.8 208.1 211.3 212.1 207.5 205.3 206 200.7 199 199.3 199.5 192.2 190.1 187.6 176.1 168.7 159.5 151.4 141.8 137.8 138 131 129.1 126.8 127.9 126.8 128.1 123.4 120.3 119.2 122.5 125.5 124.1 124.7 124.9 124 121.7 120.7 121.5 120.9 116.1 112.6 108.6 105.4 104.5 103.3
178.6 180.7 185.3 186.5 189.5 191.6 197.4 202.5 203.8 207.3 212.2 211.7 216.6 209 208.8 211.4 213.5 208.9 205.9 204.1 199.8 198.6 197.3 191.2 185.1 176.2 168.1 167.5 161.9 170.7 174.3 180.1 182.4 194.5 204.8 211.1 212.8 207.3 203.2 199.6 198.4 198.6 198.9 198.8 196.3 191.5 185.5 174.1 165.8 157.3 150.1 144 137.5 137.1 128.5 127.2 127.5 127.9 124.6 124.6 124.2 120.6 119.2 122.3 121.9 120.9 120.7 123.2 121.9 121.5 118.1 117.9 117.3 115.6 114.1 110.5 107.8 106.6 106.4
