GeneralExemplars/GeoExemplars/data/LakeDistrict/terrain-50-dtm_3563996/sd/SD49.asc
ncols 200
nrows 200
xllcorner 340000
yllcorner 490000
cellsize 50
[rows 105 to 139 of 200, columns 79 to 157 of 200]
127.4 128.7 128.2 128.4 130.2 131.4 133.3 136.6 142.5 146.4 152 161.1 161.6 155.1 154.2 154.3 155.3 156.2 160.2 163.2 162.2 166 168.7 164.5 159.2 161.6 161 157.2 156.9 161.1 162.5 157.4 159.1 149.9 137.4 123.2 118 112.1 108.8 102.2 96.7 90.9 84.1 79 75.8 74.1 71.9 74.9 81 78.6 77.9 73.4 70.3 72.8 77.5 81.7 93.2 94.2 96.8 98.6 98.8 100.3 102.9 107.4 109.1 112.9 116.4 125.9 132.1 131.8 128.8 124.7 118.5 111.9 109.6 109.1 108.3 108.2 106.2
130.3 130.5 131.3 130.1 136.3 131.6 133.7 140 146.2 151.7 153.6 155.8 157.2 155.2 155.2 154.2 157 163.4 169.4 172.6 169.3 165.6 162.5 158.8 159.9 163.4 165.9 159.4 163.4 162.9 160.4 164.5 158.3 149.5 138.2 125.6 116.8 110.5 108.2 103.8 99.1 93 87.4 82.8 77.8 73.6 71.7 70.4 73.4 73.4 72.4 70.4 69.3 72.3 76.3 81.5 88.6 93.4 97.5 98.8 97.9 98.7 103.4 110.1 113.8 113.4 114.3 121.9 128.3 129.8 126.5 122.1 116.6 111 109 108.3 108.5 106.6 106.8
130.7 137.2 142.6 137.5 135.4 136.6 139.7 145.5 154.7 156.1 150.1 151.1 156.8 158.9 159.5 160.1 164.4 168.5 173 175.7 169.7 161 159.8 161.2 163 167.3 167.5 169.3 172.3 170.6 170.6 166.7 155.8 146.8 137.8 129.2 117.2 112.1 111.6 105.6 104 97 91.6 82.6 76 72.3 68.7 68.1 69.8 69.1 68 68.1 70.1 70.9 73.1 79.5 87.8 95.3 94.6 96.6 96.7 99.9 106.1 116.3 123 116.4 112.4 121.2 126.9 129.4 125.7 121.9 116.8 112.5 111.5 108.8 111.3 108.2 104.4
133.3 138.9 144.4 145.3 138.5 138.5 141.3 152.5 157.9 155.2 149.6 149.1 153.8 161 164.9 165.5 165.3 166.9 173 171.2 163.1 159.4 159 164.1 165.7 167.2 171.6 174.8 181 177.6 168.3 161.7 152.8 142.3 140.5 131.3 119.2 114.4 116.4 114.5 114.1 107.8 98.6 91 84.2 76.3 68.1 67.3 68.1 67.5 70.1 67.9 67.6 70.6 71.6 80.1 85.7 92 93.5 94.1 97.3 102 112 119.9 123.4 118.8 109.7 117.8 121.3 124.4 123.1 119.7 114.5 108.9 106.1 104.8 105.2 101.6 99.4
140.7 139.8 145.4 146.4 143 137.8 137.7 145.8 149.9 152.8 155.1 150.1 154.2 161.5 163.8 161.7 159.7 160.1 161.9 160.6 161 162.8 161.5 157.7 159.3 162.7 169.8 174.3 177 175 162.8 156.9 149.8 140.5 139.3 135.6 122.5 118.7 122.3 124.4 119 112.6 100.8 89.3 76.3 70.3 67.1 66.9 67 66.6 66.8 68.4 67.2 70.7 75.4 79.1 82.7 87 92 96.8 101.2 106.3 113.4 116.6 118.8 118.5 109.3 110.2 115.1 118.4 118.2 114.6 111.2 107.3 101.7 100.9 100.4 101.4 100.7
153.4 148.9 150 146.9 145.2 141 138 141.3 146.8 152.9 154.5 152.7 152 159.4 164.1 160.1 157.5 152.7 152.9 157.2 160.2 160.2 158.2 155.5 152.8 156.8 162.2 167.5 165.6 163.1 160.2 149.9 144.5 136.1 133.3 131.5 124.9 118.4 127.9 129.7 119 108.9 94.2 86.3 76.6 69.3 66.3 66.2 67.1 68.3 67.3 65.9 69.2 74.5 76.5 76 78.7 88.5 96.9 103.5 107.1 109.1 110.8 113.9 116.7 116.6 109.9 107.7 114.4 117.2 115.7 112.6 106.9 103.4 101.1 97.9 98.9 100 99.7
161 156.4 152.9 147.2 145.1 143.7 139 138.7 143 147.2 148.9 147.8 149.8 157.2 159.6 150.9 149.4 147.5 148.5 152.8 153.6 150.7 152.2 154.2 154 153 159.9 157.2 155.7 157.6 160.2 146.8 140.5 134.7 128.7 125.6 124 116.8 124.3 118.9 114.3 110.1 102.7 87.5 76.3 68.8 65.7 65.5 65.9 64.8 65.4 65.3 68 72.4 72.5 76 84.8 93.7 100.2 104.5 107.8 110.9 111.1 111.2 112.6 115.3 110.4 105.2 109.9 113.5 113.7 109.6 103.7 102.5 100.6 97.3 98.5 97.8 95.7
170 165 161.8 154.2 147 144.7 142.9 138.9 139.4 142.2 143.5 144.8 145.7 148.6 149.9 150.1 149 147 145.7 146.6 145.9 147 147 147.7 148.4 149.4 152.1 152.2 154.5 155.6 154.6 146 137.1 132.6 129.4 123.1 123 115.6 117 120.8 123.3 107.5 92.7 78.3 71.3 68.8 65.1 64.9 64.7 64.4 65 65.1 68.6 68.6 70.8 75.3 88.3 95.5 101 102.9 106.5 109.6 110.5 111.3 113.1 112.1 108.7 104.2 108.2 112.8 111 107 102.7 98.4 94.8 95.9 95.9 95.2 94.8
180.8 175.8 166.8 158.2 152.5 149.5 147.5 142.8 142.8 145.5 147.2 147.9 147.1 147.3 150.2 146.4 145.6 145.4 145.3 145.2 147.8 148.9 146.6 148.7 153.4 156.1 156.6 159.2 158.2 154.7 148.6 140.8 134.4 128.7 127.4 122.7 119.9 115.7 115.7 123.4 111.7 100.1 95.4 79.9 71.8 66.2 64.2 64.1 64 64 64.9 64.1 65.8 68.3 69.1 75.7 86.4 92.5 98.1 101.3 105.5 107.8 109.2 111.7 110.9 109.7 106.6 103.8 103.2 106.7 105.3 102.1 98.1 98.4 100.3 100.7 97.1 96.5 95.6
186.3 179.7 170.5 163.9 162 159 154.2 147.9 147.9 150.8 154.4 153.2 148.4 145.5 145.4 145.6 145.2 145 145.9 148.3 152.5 156.7 152.2 155.6 157.7 163 163.6 165.2 162.8 158 148.8 140.3 131.4 126.9 122.6 120.7 120.3 112.2 111.3 114.9 111.5 104.3 90.3 78.4 70.5 65.3 65.5 63.9 63.5 63.8 64.1 64.3 66.9 67.2 71.5 74.8 84.8 93.5 98 101 105.8 109.7 111.4 108.8 108.4 109 107.3 110.7 101.7 102.4 100.2 98.7 98.7 101.9 102.5 102.8 97.1 96.4 95
186.2 183.9 182.9 174.5 166.4 160.5 156.9 154.5 155.2 159.3 159.6 153.5 151 147.8 147.8 149.6 150.9 151.9 153.1 154.2 157.2 163.6 162.5 159.7 161.4 169 175.4 171.4 163.7 155.8 146.2 139.1 130.4 124.9 118.7 120.2 118.3 107 103.6 109.1 109.6 94.7 80.3 73.8 67.1 67.1 68.7 63.3 63.3 63.7 62.9 66.1 66.1 69.7 72.7 73 82.3 91.9 100.9 105 107.4 111.3 112.9 109.3 108 108.4 106.4 107.2 98.7 102.1 102.2 100.2 100.3 102.7 99.3 98.2 93.9 93.3 94
187.5 190.1 183.9 176.1 168.3 165.8 164.9 162.9 161.6 159.3 158.3 157.3 157.1 155.8 156.5 157.8 160.7 160.1 160.7 158.1 160.1 164.4 166.1 164 166.7 175.3 177.7 170.2 162.3 154.1 146.7 136.8 129 121 117 115.1 107.9 103.3 100.7 106.8 103.8 90.2 80.1 75.7 68.3 67.2 67 62.9 63.1 62.5 62.5 64.4 65.8 70.2 71.9 72.2 80.2 93 106.1 110.7 111.6 114.1 113.9 112.2 108.7 107.5 104.3 98.7 93.8 100.9 101.2 99.3 97 96.9 95.5 96.1 95.6 93.8 96.7
190 185.9 183.4 179.2 173.7 171.6 167 163.3 160.5 161.4 163.8 165.2 164.7 164.4 163.6 165.3 168.2 165.9 162.3 157 157 162.3 164.6 163 169.5 176.9 176.6 173.2 160.2 148.7 139.5 133 127.8 120.2 113.9 110.1 106 106.2 98.2 96.1 96.6 86.3 78 72.8 69.2 67.2 65.9 62.6 61.4 61.4 62.3 64.3 66.6 68.3 68.2 73.2 84.4 96 109 118.5 120.7 117.7 117.3 113.7 109.9 106.9 104.1 101 93.7 96.6 97.6 98.7 95.5 92.9 95.1 96.4 94.4 93.4 98.8
185.1 187.7 187.2 179.9 173.2 168.2 164.9 161.9 165.1 171 174 173.8 171.2 168.1 167.8 170.7 171.3 169.3 168.9 163.6 165.5 165.8 164.9 168.6 171.3 175.9 177.3 169.5 159.6 145.6 135.9 128.3 122.3 114.1 110.1 106.1 105.8 107.6 95.9 91.2 89.7 84 75.4 71.8 73.5 65.7 62.2 61.4 61.2 61.6 62.6 64.8 66.4 68 71 73.8 85.9 96.7 110.5 124 125.1 122.1 121.2 114.8 111.4 105.5 103.4 101.7 90.7 92.5 99.7 101.8 97.3 92.4 94.7 94.6 93.6 95.1 99.3
190.7 192.7 189.5 177.4 170.3 167.1 164.9 167.2 173.2 180.2 181.5 179.9 174.8 171.8 174.3 177.4 180.3 180.9 175.3 174.1 174.6 172.3 171.4 171.6 174.3 175.5 173.2 167.5 155.9 141.1 132.4 125.7 120.1 113.8 107.3 103.8 104 102.8 96.5 86.7 87.1 81.3 71.4 67.6 66.7 61.7 60.7 61.1 61 61.5 63.3 64.2 67.4 67.3 68.7 75.2 85 93.7 109.9 124.3 129.4 127.5 123.4 113.5 109 104.4 99.2 94.7 90.5 93.7 100.5 100.8 96.5 90.8 88.3 89.3 90.8 97.4 101.3
194.8 191.1 179.8 172.4 169.2 168.7 168.9 170.3 172.9 179.2 181.1 178.1 180.5 179.7 183 186.1 189.8 190.4 185.3 179.7 176.3 171.9 171.8 171.7 173.4 173 167.1 159.5 147.4 142.9 132.2 124.2 118.9 110.4 104.2 103.7 104.1 106.5 92.3 81.2 81.2 77.6 69.8 65.4 63.2 61.5 60.2 60.6 60.7 63.7 62.7 62.7 65.8 67.6 71.1 75.3 86.6 98.6 114 127.1 135.5 134.4 122.3 111.3 105.1 100.5 98 95.7 88.9 92.7 97.6 100.7 99.2 91.5 88.4 89.5 92.5 97.9 104.4
184.4 178 173.5 171.9 170.7 169.2 168.7 170.2 169.9 173.5 178.1 175.9 179.2 184.5 189.2 190.2 190.3 188.7 182.6 177 173.5 171.3 167.9 167.5 166.7 168.4 164.4 154.1 145.8 135 127.3 127.2 114.9 106 104.2 103.8 101.2 97.5 91 75.3 78.5 78 73.3 65.5 61.8 60.5 60.1 60.5 62.2 63.1 61.6 61.9 65 67.5 70.4 75.1 88.1 100.5 117.5 127.6 134.1 132.8 120.6 108.6 100.5 95.1 93.4 87.2 84.8 85.6 96.2 101.1 96.2 88 90.1 92.6 94.6 98.9 106.4
172.7 173.3 174.3 172.4 172.1 169.2 166.5 167.2 169.6 168 170.2 174.2 177.8 186.7 192.4 190.1 185.4 182.1 178.4 175.1 171.6 170.9 167.8 165.1 163.5 163.6 159.4 151.2 140.1 131.6 128.1 121.1 114.8 113.2 108.7 104.9 100.1 95.1 90.2 76.3 72.7 72.3 70.1 63.1 61.6 60 60.8 62.6 63.3 61.3 60.4 60.8 63.1 65 68.3 74.3 88.2 98 113.3 122.4 128.3 126.4 113.2 103.7 98.8 92.6 91.1 87.5 84.9 82.7 92.7 95.9 86.8 91.3 95.1 95.4 98.6 97.8 106.6
169.9 171.1 170.3 169.5 169.4 168.1 163.2 162.5 162.2 164.8 173.1 180.8 186.1 186.4 187.2 186.2 182.8 182.1 178.8 172.2 168.7 166.2 163.4 161.1 161.1 157.4 152.4 148.7 139.4 131.1 121.7 116.2 112.7 111.3 109.2 106.1 99.8 93.9 92.2 79.8 72.9 69 64.5 62.9 61.4 59.8 66.6 69.6 61.3 60.4 61.1 62.4 64.1 64.9 69 75.4 85.5 95.5 107.9 119.2 121.2 115 106.6 100.2 99.2 92.4 88.4 86.7 83.4 79.6 88.1 84.4 87.5 98.4 98.2 99 97.8 96.9 104
165.7 165.3 165.3 164.4 164.8 164.1 162.8 163.6 165.1 170.6 178.3 186.6 187.5 184.7 184.6 186.6 188.9 187.1 182.5 178.1 171.4 167.8 163.5 163.7 161.1 156.3 152.7 143.7 134.9 127.6 120.9 118.6 117.2 111.6 108.1 103.8 100.6 98.7 90.7 77.9 70 67.9 66.5 64 60.9 59.8 64.5 63 60.5 60.2 60.8 61.6 62.2 64.3 70.5 70.9 85.5 90.7 100.5 109.6 110.7 109.8 105.2 100.7 96.7 91.8 83.2 77.1 77 79 80.3 86.9 97.2 100.1 100.4 104.1 99.2 99.9 103.4
157.3 157.4 157.9 158.1 161 164.3 166.5 169.5 175.7 183.2 189 186.1 189 190 190.4 193.6 194.1 192.9 186.9 180.4 173.6 170.1 164.7 163.3 161.4 156.9 147.8 140.8 135.2 129.9 130.4 127.2 121.9 116.7 113.5 106.7 106.2 102.2 93.1 87.1 71.5 68 65.7 62.6 58.8 58.4 59 63 61.8 59.9 60.1 60.3 60.8 63.8 67.4 68.5 79.3 83.8 92.2 100.1 104.2 105.4 101.8 97.6 95.3 82.4 74.1 74.6 76.1 78.4 84.4 93.7 97.3 97.5 104 102.7 101.5 99.6 98.4
151.6 153.8 158 161.8 166 171.3 173.9 178.1 183.5 188 189.8 191 194.3 198.2 198.3 198.8 197.7 198.9 194.1 185 176.7 172.1 171.3 169.5 167.2 156.6 150.8 142.7 137.8 140.1 135.8 127.1 125.3 119.7 114 111.3 106.3 103.9 102.9 90.6 75.3 65.5 63.5 61.4 58.9 56.8 57.5 61.2 62.9 60.1 59.3 58.7 60.2 63.9 65.2 63.2 71.1 76.9 85.5 94.2 102.3 102.9 101.6 94.1 83.4 73.9 73.1 74.1 75.8 84.3 91.9 99.7 100.9 103.6 103.9 101.4 98.8 98.4 97.4
151.4 156.5 162.6 171.4 178.1 181.3 184 186.4 187.7 193.5 201.5 203.9 201.6 203.7 201 196.3 192.6 195.9 190.1 185.7 175.8 173.8 180.7 176.6 165.3 156.9 158.3 149.7 141.9 136.2 127.9 128.6 127.9 125.6 118.6 116.7 107 107.4 101.7 89.5 77.7 64.6 60.4 58 56.3 55.3 56.8 63.6 63.3 59.7 59.6 58.7 58.4 58.5 61.3 57.4 63.6 69.8 79.5 90.6 100.3 99.9 94.6 86.6 78.9 72.5 72.7 74.3 82.1 90.9 99.5 103.4 106.6 108.2 110.9 104.9 100.1 99.3 97.1
153.1 163.8 172.7 181.3 185.5 184.4 187.9 192.3 199.5 205.3 207.3 206.2 200 197.8 192.5 189.1 189.9 190.1 184 180.1 173.6 173.1 176.2 171.8 163.3 150.9 150.8 151.5 145.6 137.7 133.5 135.3 135.5 130.1 124.3 120.9 112.6 102.8 97.3 91.8 78.7 65.2 57.8 54.7 53.2 51.6 57.8 64.8 64.8 59.7 60.1 59.9 57.4 56.4 57.5 52.3 56.6 67 75.5 83.6 91.4 90.4 87.7 83.8 76.6 71.6 74.6 82.1 93.3 98.7 103.4 106.5 110.8 112.1 108.9 102.4 96.8 94.7 92.8
161.3 168.3 175.1 175.9 185.1 194.1 200.5 205.2 206.4 204.7 204.9 199.3 195.4 193.7 187.6 186.8 187.4 185.8 180.8 179.1 173.9 170.6 169.5 165.5 160.4 157.8 151.7 145.1 138.1 135.7 131.2 130.8 130 131.1 122.5 120.5 111.5 106.4 102.2 90.5 80 73.1 63.8 58.3 52.2 50.8 53.7 66.7 62.6 57.3 59.1 60.7 56.9 53.3 54.5 54.2 58.5 65.3 72.7 79.3 84.8 87 83.9 75.8 71.6 70.6 79.7 83.5 94.3 101.2 102.6 105.1 110.1 105 102.8 96.9 93.2 93.4 91.8
166.5 167.9 171 179.4 196.7 206.7 211.5 211 206.4 198.3 195.5 194 187.9 186.9 186.8 186.8 186.8 192.7 192.2 185.9 173.9 168.5 164.5 163.5 164.2 156.8 149.3 145 138.8 131.9 130.3 132.9 134.4 126 122.2 119.5 118.9 114.4 98.6 91.1 87 83.2 68.7 61.7 53.1 50.3 50.1 56.3 59.6 56.9 54.3 55.6 52.9 49.8 46.9 54.1 57.6 60.9 65.8 75.1 83.9 82.7 76.7 71.8 71.1 69.9 77.8 83.5 95.2 99.4 98 99.6 102.3 103.1 99.3 95.2 94.2 93.6 90.8
163.8 166.4 174.8 192.9 204.9 210.9 212 208.6 205 192.8 188.1 186.9 186.7 186.6 186.7 189.3 194.9 198 188.8 179.3 172.7 166.9 161.9 159.5 158.1 153.5 147.7 140.8 136.8 137.2 136.1 135.1 127.4 123.5 123.8 122.9 125.4 118.3 107.3 94.9 91.6 81.4 72.6 62.9 55.8 59.6 51.9 49.7 56.6 57.2 51.4 51.7 48.7 46.6 48.2 51.8 58.2 57.9 63.5 76 80.6 78.3 73.8 70.6 69.5 69.9 76.6 84.8 95.7 101 95.6 95.9 100.1 101.7 96.4 94.7 92 91.9 90
161.6 169.5 182.6 199.5 203.4 206.3 204.6 201.1 193.5 187.3 186.7 187.1 187.8 186.9 189.9 199.6 194.4 188.9 184 179.1 172 166.3 163.6 157.9 155.8 154.1 143.4 138.6 136.7 138 137 127.4 127.1 125.3 123.4 125.2 123.6 122.1 111.8 99.2 90.2 85.8 77.8 65.5 55.2 58.2 50.4 45.8 50.6 53 47.8 46.6 46.7 48.4 52.2 50.9 52.9 55.4 64.1 74.6 78.9 73.8 68.5 67.3 71.9 72 76.7 83.5 96.2 94.3 98.4 96.7 94.8 95.6 95 94.6 92.6 89.1 88.5
164.6 177.5 191.8 194.6 195.1 195.7 195.6 192.8 188.8 186.5 191.8 198.2 193.2 190.2 189 186 189.3 194.4 191.8 178.9 167.2 162.9 162.2 163.6 160.3 151.1 142.7 138.4 134.7 133.9 129.6 124.6 123 117.3 120.2 120.5 122.5 123.2 118.2 103.7 94.8 92.4 80.1 67.3 51.4 50.3 46.2 43.7 45.3 47 43.1 45.3 49.5 53 54.3 51 51 54.4 61.3 70.5 76.9 69.3 64.4 70.3 78.6 79 78.9 82.3 89.5 94.9 102 102.1 97.5 96.6 94.2 93.1 88.8 88.1 88.8
171.8 182.6 185.3 182.4 183.3 181.9 185.3 186.9 187.5 189.8 190.7 192.7 187.2 184.7 186.6 191.2 195.7 196.3 184.7 172.6 169.9 172 171.9 163.7 158.2 150.9 139.8 135.2 127.8 125.1 124.1 119.1 118.3 121.5 120.6 121.5 123.4 125.9 121.8 119.3 101.2 90.3 79.7 66.9 51.2 47.9 43.3 40.5 41.9 42.8 41.4 47.4 53.2 52.1 50 53.1 48.9 50.6 57.9 65.9 73.2 63.9 65.2 72.9 78.3 83.7 87.2 82.2 87 93.9 102.5 106.2 100.8 97 94.9 88.9 87.9 88.2 89.3
170.1 172.7 175.3 172 173.7 178.6 181.6 184.9 186.9 187.3 181.6 181.5 183.2 186.7 196.9 197.7 195.4 190.5 182.6 174.3 181.6 179.7 173.7 170.6 161 146.3 135.2 130 123.5 120 120.2 115.5 117.2 117.6 118 121 117.8 124.3 130.4 122.4 104 89.1 74 61 49.2 44.3 40.3 38.6 39.1 39.5 43.5 49.9 49.9 49.4 52.9 50.1 46.8 46.9 53.6 62.4 68.6 58.1 64.5 71.3 77.8 84.6 92.4 85.1 84.7 91.8 99.9 107.7 102.3 96.9 94.6 87.7 87.7 87.2 89.5
160.1 163.3 166.7 169.3 174.7 180.7 186.5 180.4 178.8 175.8 175.4 180 189.6 201.3 201.5 192.4 187.6 182.3 180.3 178.6 180.1 174.4 169.5 166.5 153.6 137.8 127.9 122.4 120.2 115.9 115.1 114.9 117.9 117.4 122.2 117.9 119.3 131 130.8 124.7 103.2 83 72.1 58.5 46.7 40.3 39.2 37.8 37.6 39.1 44.1 44.7 51.1 51.5 52.6 50.1 51.7 47.4 47.2 56.9 62.5 56.2 61.1 68.8 75.3 82.9 91.8 83.8 79.4 86.3 96.8 103.3 98 93.8 93.3 90.1 87.2 86.7 89.7
151 158.4 167.7 173.6 175.3 175.8 176.2 171 172.3 175.5 179.9 188.1 200.2 202.1 190.6 184 181.6 180.8 178 174.4 170.1 164.8 158.9 154.6 147.4 140.3 131.6 125.8 121.2 116.3 114.2 114.4 113.8 116 116.4 122.3 131 137.2 131.5 116.3 97 77.4 67.2 55.7 43.2 39 37 36.6 38.1 39.2 40.2 45 52.1 53.4 53.6 52.5 53.5 48.5 46.1 50.8 59.8 52.4 57.7 64.5 71.4 80.4 89.5 79.3 74.7 78.1 91.6 94.7 91.1 89.7 94 91.8 87.2 86.7 89.5
147.5 157.3 167.5 174 171.2 171.2 171.2 170.4 176.1 182.8 188.2 193.5 195.8 191.4 188.2 186.3 184.3 181.3 177.9 173.4 166.5 160.6 154.3 148.1 143.9 137.5 131.9 125.5 120.1 115.2 112.8 111.8 112.6 114.2 119.7 125.2 133.7 136.2 126.8 107.9 90 72 60.6 49.2 40.8 36.6 35.8 36.1 37.7 38.2 41.8 50.5 57.7 60.7 56.5 54.4 54.8 53.1 49 50.2 53.2 49 51.5 60.1 68 78.8 86.2 77.2 72 76.1 81.4 83.7 84 89.9 95.5 93.5 87.3 86.8 88.9
148.7 155.5 162.3 166.9 166.6 166.2 167.2 178.5 184 185.8 192.9 192.7 196 200.3 197.5 188.3 184.8 182.9 178.4 172.7 164.1 156.8 153.4 148.5 142.3 138.6 136.7 127.8 120.1 112.6 111.7 112 118.6 120.3 123.6 126.7 132.3 132.9 115.9 96.7 77.3 62.8 49.9 39.5 35.8 35.2 35.4 37.5 37.6 41.6 48.1 54.8 61.6 62.8 58.5 55.3 58.6 55.5 48 46.7 50.2 47.6 49.1 49.9 63.1 74.3 78.9 72.2 73.4 80.4 79.9 81.6 83.2 92.2 99 94.8 87.9 88 91.4
