GeneralExemplars/GeoExemplars/data/LakeDistrict/terrain-50-dtm_3563996/sd/SD49.asc
ncols 200
nrows 200
xllcorner 340000
yllcorner 490000
cellsize 50
[rows 140 to 174 of 200, columns 0 to 78 of 200]
118.3 118.7 118.8 122.2 120 119 119.5 119.9 121.4 125.4 126.9 132.2 140.3 142.6 138.3 142.5 140.6 135.8 131.6 121.2 108.3 93.5 79.8 69.1 65.3 62.2 59.7 56.5 56.4 56.8 60.3 68.8 77.4 82.9 87.2 86.7 84 83.6 89.6 92.4 82.9 71.4 80 92.1 102.6 107.2 116.7 130.7 147.2 162.2 165.8 164.7 156.2 153.1 152.8 149.2 144.8 138.6 129.5 117.5 110.3 100.2 85.4 68.2 56 48.2 48.6 49.3 50 56.3 63.8 72.4 84.1 92.5 96 108.4 122.1 131.3 138.4
123 119.1 118.6 119.2 119.6 119.3 120.5 121.7 126.2 133.2 135.7 134.6 142.8 142.8 140.7 142.6 140.1 138.5 131 116.7 102.8 86.6 73.9 70.9 62 62.4 65.3 57 56.5 57.1 62.1 70 76.7 81.3 81.9 84.1 84.4 86.4 91.7 90.5 82.4 70.7 79.8 88.2 96.4 107.3 115.9 128 146.1 158.6 167.2 162 157.2 158.3 155.8 151.5 145.4 135.6 133 124.5 107.5 89 73.7 58.5 50.7 47.3 47.8 48.6 49.8 57.5 66.6 75.1 79.9 86.1 96.9 109.4 121.7 127.7 136.1
120.1 119.1 119.1 118.9 119.2 122.5 125.9 125.8 124.2 137.5 135.6 132.8 135.7 138.7 138.4 137.5 138.3 136.2 125.9 108.7 95.3 86.4 76 68.9 62.5 64.4 65 57.5 56.9 58.8 61.8 68.8 73.4 78.3 81.7 85.9 90.6 91.4 86.7 85.5 80.5 71.2 74.8 81.5 93.3 105 116.8 127.1 142.1 156.2 160.1 162.5 163 160.8 156.1 150.8 144.3 141.1 131.7 110.6 90.9 73.3 62.1 52.7 47.9 46.7 46.6 47.8 51.3 61.5 67.2 73.5 80.1 87.1 94.3 106.3 116.1 122.2 132.3
119.5 123.8 124 122 126.6 129.3 128.2 126.2 125.1 132 132.2 133.4 135.1 135.2 136.9 137.1 136.3 128.3 118 107.6 95.7 85.9 75.6 69.9 63.8 59.7 57.6 57.2 56.8 61.7 65.8 68.1 73.7 79.9 85.4 89.2 91.4 85.7 82.8 82.1 79.8 74.6 69.9 79.9 90.6 103.6 115.8 126 137.6 148 154.2 165.3 162.3 157 150.2 148.4 142.5 129.3 110.7 94.7 77.6 66.7 57.1 50.6 46.6 46.2 45.9 47.2 53.8 62.4 67 74.2 82.1 88.2 94.1 102.4 112.8 118.3 124.3
125.6 132.5 131 132.6 136.1 136.5 129.6 128.3 128.6 126.2 128.6 133 135.2 133.7 135.6 140.7 136.7 129.3 121.2 111.3 98.4 86.6 75.3 69 62.3 57.2 55.2 56.3 56.7 59.9 63.1 68.5 74.6 82 87.2 89.5 88 85.8 86.7 85.4 80.6 73.7 69.4 78 88.5 99.6 113.3 125.7 129.9 141.1 147.6 148.6 150.7 147.6 145.3 138.7 127.6 116.8 106.5 93.3 81.9 71.2 61.3 50.2 46.3 46 45.4 45 54.8 62.3 66.2 73.1 81.8 90.8 92.4 99 108.2 115.7 118.5
126.5 140.2 134.6 140.6 139.7 135.1 133 133.4 135 132.1 133 133 132.3 133 139.7 138.9 137.3 132.1 124.1 113.1 99.7 87.3 72.9 63.8 58.3 53.9 53.9 53.9 55.6 60.3 65.3 70 76 83.6 90.8 94.3 94.4 91.3 91.8 88.9 81.2 73 68.8 77.2 87.8 97.8 110.3 115.3 125.7 129.8 136.9 144.7 149.8 144.5 132 126.4 124.7 122.8 114.4 104 94.7 86.2 76 65.7 57.8 49.8 46.8 45.9 49.2 57.5 64.1 71.8 79.3 86 91.2 97.5 103.5 113.4 113.7
125.2 129.6 136.6 144.5 141.9 143.8 143.1 138.9 142.2 139.8 131.5 126.2 126.9 129.7 133.9 134.8 135.2 131.9 124.1 111.7 94.2 80.9 67.1 60.3 54.3 53.9 53.9 54.7 57.2 61.5 65.8 72.5 78.6 87.4 94.6 100.4 99.2 97 95.6 89.2 83.5 71.8 68.7 72.8 85.5 93.6 102.4 112.9 121.6 126.5 137.3 141.7 137.7 128.8 120.3 118.3 121.2 124.9 129.3 120.6 109 99 92.3 80.2 69.2 57.4 51.8 46.7 45.4 53.6 61.3 67.9 76.8 84.3 89.3 95.2 100.4 109.9 110.4
125.2 126.2 133.4 141.6 143.4 144 140.8 138.7 133.9 136.3 130.3 125.1 121.8 121.5 123.9 127.7 131.2 129.4 121.3 107.6 92.2 75.7 64.8 55.8 53.9 53.9 53.9 54.9 58 63.5 69.1 74.9 81.7 90.8 97.7 95.8 98.7 97.2 93.5 89.6 84 72 68.4 68.7 78.4 89.1 98.3 105.6 114 123.7 130.2 127.4 122.7 117.3 110.9 114.8 121.4 135.2 139.2 132.3 121.2 115.4 111 88.3 68.6 55.6 49.1 45.6 44.4 53.3 63.8 70.3 76.8 80 83.2 88.7 98.1 105.9 108
125.7 128.6 137.8 144 145.8 140.9 134.3 133.4 138.5 139.9 132.5 130.8 120.6 116.5 118.1 123.8 120.2 118.4 116.7 105.8 90.3 74.4 60.1 54.2 53.9 53.8 53.8 54 54.9 61.6 69.8 76.9 81.8 88.6 92.5 94.1 96.7 99.5 96.7 89.3 85.3 73.7 68.7 68.8 77.7 86.7 93.9 103.1 108.7 113.8 117.1 111.6 105 103.7 107 117.2 135.9 145 144.4 136.5 130.9 130.5 111.5 82.9 67.6 58.7 50 43.6 45.1 51 62 68.6 72.7 76.7 79.8 82 93 99.6 101.4
128.4 132.8 136.4 134 133.2 132.6 132.7 137.3 140.8 137.6 137.5 131.6 119.9 113.7 112.8 113.8 116.7 115.5 110.5 101 85.3 71.9 61.9 55.2 55.4 59.7 57.2 54.2 57.1 64.2 69.7 75.1 80.9 86.1 90.9 96.2 99.9 99 96.6 100.4 89.9 72.5 68.5 69.5 77.5 85.9 94.1 97 101.1 105 103.8 99.9 99.9 100.6 108.1 118.3 133.1 136.1 142.2 141.9 134.6 115.9 100.8 83.7 70.6 55.6 46.2 42.1 44.8 51.4 58.2 64.6 69.1 74.9 78.1 82.3 92.7 95.8 97.1
131.8 128.5 130 129.5 131.3 134.8 132.3 133.3 132 132 132 127.1 119.2 110.7 110.3 111.6 111.2 108.8 103.7 93.9 83.6 74.7 63.7 53.7 59.2 55.2 55.4 55.3 59.5 64.7 69.2 75.3 78.9 84 89.4 93.4 94.1 98.2 102.4 101.5 89 71 71.3 70 78.4 85.2 91.3 94.4 98.2 100.5 102.9 101.2 99.5 101.8 105.9 113.5 128.4 141.1 146 133.5 120.6 105.3 91 77 62.9 54.7 49.7 43.1 42.8 48.4 55.3 64.3 69.6 74.9 78.6 81.9 89 94.6 98.1
132.6 128.7 130 131.6 130.1 132.2 132 132 132 132 130.4 126.6 120.2 111.7 107.4 105.6 103 102.3 97.6 86.7 78.9 70.9 59.7 53.5 52.8 53.8 59.2 59.7 63.2 65.8 70 73.8 76.8 81.3 85 88.1 98.8 105 103.5 102.2 87.3 70.8 71.3 69.2 74.8 80.1 88.6 93.8 96.1 100.3 99.6 100.2 102.6 103.5 107.1 120 134.4 141.4 130.9 117.7 105.4 86.5 76.6 69 64.8 63.6 59.2 50.9 40.9 45.3 54.9 64.2 71.7 76.3 79 81.5 89.4 94.5 95.5
132 129.8 131.5 133.5 134.6 132 131.6 132.7 133.4 132 128.6 125.2 118.6 109.3 105.7 105.6 107.7 109.3 100.4 89.7 81.3 70.9 59.5 53.4 51.4 55.8 61 61.8 61.9 63.3 67.6 71 75.4 77.5 84.7 95.4 103 107.5 107.3 95.4 83.1 72.5 71.2 67.2 71.7 72.9 85.1 90.6 94.8 96 96.4 101.2 109.7 113.5 114.8 125.3 132 128.1 116.8 107.1 100.3 95.7 86.6 77.6 69.3 65 61.5 50.5 41.1 45.2 54.6 62.6 70.1 75.6 78 80.6 87.9 93.5 90.2
130 131.5 130.9 130.8 135.1 131.4 136.1 139.6 133.6 133.2 128.5 125 119.8 109.2 107.6 112.9 115.6 113.8 104.5 94.4 84.1 72.3 60 54.4 51.4 54.3 59.6 60.9 60.1 61.9 66.7 70 70.3 76.6 85.3 96.7 104.5 108.3 98.7 89.2 82 74.2 70.8 66.9 65.1 68.5 82.4 87.8 92.1 93.7 96.7 104.6 119.5 132.1 122.7 119.7 124 117.7 110.6 112.2 109 103.2 96.3 82.8 73.8 65.2 56.7 48.4 40.8 43.5 51.3 59.8 67.2 73 76 78.3 81.4 84.9 85.7
131.3 135.2 133.3 131.2 131 131.1 137.1 138.4 135.4 140.7 135.3 124.2 116.1 110.2 113.2 116.6 117 110.6 106.4 100.7 91.9 79.4 65.7 55.3 50.4 49.9 56.8 59.7 60.2 59.6 63.8 63.6 66.4 75.3 88.7 97.9 101.7 96.2 90 85.9 81 75.1 70.3 67 63.5 64.7 76.3 84.1 89.9 92.3 99.8 109.2 119.7 130.9 129 115.5 114.2 113.2 116.1 121.5 121.5 114 97.9 78.8 69.8 63 54 50.5 43.3 41 49 57.1 64.1 69.8 72.9 73.4 75.3 78.4 85.9
132.3 133.2 131.1 131.5 131.2 131.3 132.9 136.1 138.1 137.3 133.3 124.8 115.1 111.6 117.2 119.2 117.7 116.3 112.9 107.6 98.8 85.9 71.5 56.3 50.2 49.3 54.5 57.5 56.1 54.4 57.6 61.6 70.9 83.2 92.7 93.3 90 86.1 83.9 81.6 77.1 73.5 67.6 64.6 62.2 64.2 70.2 82.4 86 92.4 101.6 112.3 120.2 129.4 127.7 114.1 110.3 117.6 121.6 138.5 119.5 97.8 88.1 85.1 79.8 71 62.2 54 44.8 37.5 44.9 53.2 58.8 65.1 68.5 69.8 69.6 78.7 82
133.3 130.5 130.9 131.2 131.4 134.2 134.9 138.1 139.8 137.8 135.1 129.8 124.1 118.8 119.9 122.9 123.5 119.5 116.8 111.6 103.2 90.2 74.5 61.4 57.3 49.2 52.7 55.5 51.2 52.1 56.9 66 78 82.2 85 81.8 80.1 80.2 79.6 78.2 75.7 72.9 66.1 65.2 61.9 60.8 65.1 76.6 84.9 92.7 102.8 116.7 120.9 123.7 117.4 114 108.3 116.9 125.4 128.1 110.9 98.3 93.4 91.2 84.9 78 65.1 54.6 43.7 36.7 40.8 48.3 54.6 59.6 63 65.6 67.5 78.2 80.7
132.4 130.1 130.9 133.3 132.7 132.3 136.4 139.8 141.1 140.9 140.2 139.1 135.1 128 123.1 121.9 120.6 120.7 118.9 114.4 106 92.3 78.5 66.8 57.8 49 48.6 49 50 56.4 65.8 69.9 76.7 74.4 76 78.4 76.3 75.4 75.7 78.4 79.3 73.8 68.4 61.8 58.2 58.2 59.7 77.6 84.9 94.3 102 113.5 116.2 113.1 117.9 112.4 105.8 109.3 111.4 113.1 106.7 100 99.1 99.3 86.6 76.8 64.9 55.5 45.4 37.1 37.6 44.6 50.4 52.9 58 65 67.4 74.8 79.5
129.9 130.8 135.1 133.4 132.4 131.2 132.3 135.7 139.6 144.2 144.7 143.6 141.9 138.4 129.1 125.9 120.6 122.4 118.2 112 102.5 90.1 76 63.4 53.4 47.6 47.7 48.6 54.6 60.9 69.5 69.2 68.2 72.7 75.7 76 71.9 70.2 74 79.5 82.3 79.8 77.8 65.7 55.8 57.7 57.4 70.7 83.9 94.9 101.9 107.8 114.9 112.9 112.9 106.6 100.5 102.9 106.7 111.5 108.9 103.6 97.1 93 86.4 76.9 65.8 59.2 44 36.2 37.1 40.1 41.6 47.5 51.4 61.7 63.3 69.6 75.8
133.4 133 132.3 131.5 131.2 130.6 131.5 136.6 143.6 147.8 148 145.2 143.8 141.6 135.7 130 128.2 122.6 114.6 108.4 98.2 86 73 59.3 49.7 47.2 48.1 49.8 56.7 61.5 61.6 66.6 69.2 73.3 73.9 71.1 69.2 64.5 72.6 79.6 88.4 91.3 82.2 72.2 58.1 54.6 56.9 70.5 78.6 91.9 104.7 105.7 109.8 107.7 101.5 97.7 100.6 103.1 108.6 109.1 105.9 97.1 95.3 92.8 85.2 72.1 62.7 51.7 40.2 34.6 34.6 36 38.3 40.7 48.1 55.5 59 62.9 70.7
134 133.2 130.8 130.4 130.3 130.6 132 139.9 144.7 152.3 158 150.1 144.1 140.8 135.1 127.2 121.3 115.2 108.6 105.5 96.5 82.4 69.8 60.3 49.8 47 49 51.5 53.6 57.2 62.4 66.7 68.7 67 64.9 65.1 63.6 63.6 70 78.5 83.9 85.6 77.4 65 55.3 53 61.9 70.8 83.9 96.1 102.7 105.8 101.3 99.9 93.7 96.4 105.4 101 99 100 101.3 94.8 93 87 77.7 64.2 52.5 44.1 39.9 33.4 33.6 36.4 38.3 42.3 48.5 54.3 61.1 65.1 64.3
135 132.6 130.6 130.2 130.2 131.9 135.1 139.7 144 152.2 151.9 144.7 137.6 133.6 127.3 123.7 120.3 113.4 107.9 103.1 93.8 84 74.3 63.6 53.1 49.1 47.7 48.6 51 54.9 62.4 66 65.8 63.5 63.6 63.6 63.6 67 71.1 76.1 76.7 75.1 68 66 60.2 53.7 59.6 72.4 85.1 99.6 108 102.7 94.8 97.5 92.1 91.7 94.5 96.1 100.3 97.9 92.6 85.6 82.6 77.5 71.4 57.4 48.7 42.8 38.2 33.3 33.8 35.9 41.4 44.1 50.4 55.8 61.8 71 69.2
134.7 132.7 130.9 130.5 131 131.2 133.3 138.8 141.3 142.5 142.1 139.4 135.3 129.2 127.8 127 122.3 113.1 103.7 100.1 94.3 89 77.1 63.3 53.5 47.4 46.6 49.8 52.8 58.3 63 65.3 65.5 64.4 64.9 68 70.8 69.9 68.5 70.6 71.1 70.6 72 66.7 55.7 50.3 56.6 71 86.9 100.6 100.5 102.2 92.2 91.6 88.4 87.8 93.7 95.7 95.5 87.1 83.4 79.8 71.9 67.7 65.3 58.1 52.4 47.1 37.6 33 34.4 40.3 41 41.8 50.4 57.3 65.4 74.1 73.6
137.7 136.7 134.2 133.6 130.5 129.5 134.6 133 134 133.8 133.1 135.3 135.2 133.6 132 129.6 122.6 110.5 97.1 95.3 89.6 83.9 70.2 54.2 46.7 46.1 47.6 50.4 56.1 59.6 62.6 68.8 70.4 69.5 69.5 74.5 76.4 70.3 65.9 66.7 71.5 68.4 64.6 59.4 51.7 49.2 56.5 70.6 80.4 91.5 97.8 100.4 93 86.5 84 86.5 91.5 93.2 87.1 81.1 76.7 73.6 68 65.6 63.1 56.9 48.9 40.1 34.7 33.2 32.5 35.5 35.6 43 50 57.8 64.7 73 76.8
142.7 142.3 139.6 131.8 130.3 130.8 127.5 128.1 131 132 131.7 136.3 137.3 136.2 134.5 129.8 122.1 109.7 97.2 89 81.1 70.2 57.2 52.2 47.4 45.9 48.2 53.8 58.8 59.3 63 70 74.7 77 79.3 83.2 80.4 66.8 65.8 67.2 68 63.2 61 58.4 51.3 48.1 53.8 65.1 75.3 84 94.5 98 98 85.3 83.1 84.2 86.9 84.8 81.1 79.1 72.2 68.5 66 62.5 58.9 51.5 43.2 36.3 34.8 33.7 31.2 32.3 35.2 42.7 50.1 56.2 61.7 70.9 75.2
146.8 147.7 146.5 136.5 135.1 129.1 127.7 127.5 127.7 128.8 131.4 136.7 138.4 137.9 134.6 128.1 119.2 106 88.1 80.8 73.6 68.6 59.4 51.3 47.3 45.8 49.2 55 59.2 61.1 67.9 74.6 80.4 82.3 82.3 78.6 70.8 65.7 65.8 64.4 63.5 63.5 58 53.6 51.8 47.3 49.9 59.6 67.5 77.5 86.6 94.5 93.4 83.6 80.7 78.4 78.6 81.4 78.6 75.9 69.2 62.2 57.6 54.3 49.7 44.2 38.1 41.6 46.5 45.5 32.6 30.7 35.8 40.9 48.1 52.6 57.8 66.7 69.5
150.3 148.5 147.2 141.9 137 131.4 127.4 127.2 127.3 127.8 134.1 137.8 139.3 138.1 132 122.9 116.9 100.7 84.1 79.4 70.2 61.2 52 46.4 46.3 45.6 49.7 56 58.6 66.6 72.5 78.2 81.3 79.9 76 69.9 66.1 65.4 64.5 67.2 64.6 60.2 62.1 61.2 58.3 48.4 46.5 50.3 58 71 81.6 90.3 92.1 85.5 78.6 73.4 73.3 76 74.5 68.6 62.6 54.6 49.5 45.4 44.3 40 42.2 50.4 53.7 44.3 32.5 29.9 34 36.8 44.3 48.6 53.9 60.4 61.2
151.7 148.4 148.8 145.8 137.6 129.6 127.3 127 127.4 128.8 131.1 130.4 132.8 128 123.3 113.2 104.9 98.9 81.5 71.7 62.6 55 47.2 46.8 45.8 44.3 50 57.2 64.9 70.6 74.2 75.6 75.1 75.3 70.2 69.2 66 64.9 67.7 66.2 65.2 64.7 65.3 64.6 60.6 50.5 45.7 46.9 56.6 72.5 80.1 82.7 85.1 86.2 76 71.1 68.8 70.4 68.3 60.2 54.1 47.4 43.8 44.6 45.7 48.9 46.7 46.8 43.5 38.4 30.8 29.6 31.9 35 39.4 42.8 49 52.8 53.9
152.9 145.4 145.6 141.3 139 129.2 127.9 127.6 127.3 127.1 128 127.9 122.9 119.5 112.4 105.5 98.8 87.3 69.4 64.3 61.3 55 48.8 43.9 41.2 45.3 54.3 58.8 65.8 69 68.5 69.8 69.8 68 69.8 71 67.3 69.6 67.5 69.1 71 73.5 74.5 70.5 62.2 52 45.2 46.6 54.7 64.6 72.1 74.7 78.5 79.5 73.7 74.6 70 60 57.1 53.3 51.2 47.7 47.7 52.4 50.8 48.7 43.6 41.2 39.4 36.3 31.7 29.5 32.9 36.6 39.1 40.7 43.1 44.4 44.4
152.8 142.5 139.1 138.5 133.3 130.1 128.1 127.5 127.1 127.2 126.8 124.2 122.3 118.2 111.9 103 92.1 77.7 63 59.6 55.8 50.5 43.8 39.9 40.9 49.7 49.1 55.7 61.7 65.4 69 68.5 65.9 72.5 76 78.6 72.1 69 76.7 80.1 84.2 86.3 79.4 70.4 62.1 49.3 45 48.3 57.7 64.8 72.8 74.8 76.1 75.8 72.5 69.1 59.1 56.4 56.4 55.6 55.1 54.3 52.9 49.8 48.1 48.4 49.3 44.6 40.5 36.2 31.9 31 32.2 34.3 36.6 38 39.1 40 43.8
149.5 143.9 137.6 133.3 132.5 132.7 129.8 128.1 128.7 131.3 129.8 129.9 125.6 120.4 110.7 98.8 85 72.8 59.9 52.2 48.1 44.5 41.8 39.4 39.8 42.8 49.8 54.5 59.7 64.9 64 65.7 70.9 76.3 75.9 71.9 69.5 74.5 81.1 89.6 88.5 85 78.3 71.3 60.6 45.2 45 51.2 58.5 67 73.4 73.8 66.9 65.1 63 57.7 58.4 62.5 65.5 65.6 63.2 58.5 53.2 52.4 51.3 48.2 48.9 44.6 38.5 36.3 32.1 29.9 31.6 33 34.5 34.4 35 38.5 40.6
154.3 151 137.1 133.6 133.4 136.3 135 132.4 134.8 137.8 137.3 137.5 129.9 119.8 107.3 91.8 77.6 64.8 53.6 48 47 43.6 40.8 39.3 39.3 42.8 49.9 56 57.5 61.2 66.4 72.1 75.2 75.4 71.9 69.3 74.1 78.8 83.3 87.6 86.2 84.5 79.7 71.5 59.5 44.3 45.5 51.7 60.8 66.3 63.7 64 57.6 57.8 57.5 58.8 63.1 67.9 72.4 72 65.6 59.4 56.6 55.2 47.7 44.9 45.4 44 41.1 37.5 29.4 28.5 30.5 31.3 30.4 30.8 33.6 35.6 34.8
162.3 156.6 143.8 140.4 141.1 145 146 143.6 145.2 148.8 145.6 141.8 131.2 117.8 100.9 82.6 71.4 66.3 54.9 46.9 43.6 41.1 39.6 38.7 40.5 47 53.9 61.7 63.6 69.1 71.3 72.2 74.5 72.6 69.7 71.2 76.8 79.5 82.2 85.2 87.3 85.8 79.9 70.7 58.5 45.9 46.1 52.9 56.1 57.3 53.6 51.2 52.4 53.1 57.7 62.3 68.2 71.4 72.3 71.6 69.2 64.9 60.4 53.7 50.9 47.9 49.5 47.3 46.5 38.5 28.9 27.6 28.3 27.7 31.4 30.4 30.2 31.2 34.7
166.1 158.3 146.2 145.4 152.3 153.5 157.4 160 157.3 154.8 147 140.1 128.8 112.2 94.8 85.5 72.3 62.1 50.4 42.4 43.3 39.8 38.8 40.9 43.8 49.5 54.1 66.6 67.3 70.5 76.3 72.7 71.5 69.2 69.6 76.4 77.3 79.9 80.8 81.7 86.6 84.6 77.3 66 54 45.3 46.6 50.5 51.7 52.7 51 50.6 51.1 52.2 57.6 64.3 66.6 67.8 71 70.1 68.1 64.8 59.5 58.2 58.3 54 51.6 48.3 41.5 35.4 28.8 26.6 27.8 27.3 26.7 27.5 30.2 31.9 34
168.2 156.1 148.3 148.4 161.5 167.6 169.5 164.9 163.4 154.5 143 137 123.3 105.9 91.5 76.8 65.1 57.3 46.9 39.8 38.8 38.4 40.5 41.2 43.7 49.3 56.2 66.2 68.5 71.4 71.9 68.8 71 74.5 73.3 77.3 78.6 79.5 83.6 85.8 86.4 81.4 72.1 58 47 45.8 49.5 53.3 54.5 56.7 55.9 52.5 50.8 50.6 54.2 60 62.4 64.3 66.5 65.2 64.2 64.6 65.3 64.9 61.6 56.5 52.1 45.6 40.6 33.6 27.6 26.1 26.2 25.7 25.7 28.6 28.3 29.7 30.4
