GeneralExemplars/GeoExemplars/data/LakeDistrict/terrain-50-dtm_3563996/sd/SD58.asc
ncols 200
nrows 200
xllcorner 350000
yllcorner 480000
cellsize 50
[rows 72 to 107 of 200, columns 82 to 163 of 200]
94 88.3 88.7 88.7 85.3 84.8 87.6 92.9 97.5 99.8 98.7 97.1 94.7 87.3 78.6 79.9 81.2 82.2 83.2 86.4 87.5 95.6 101.2 107.6 113 119.6 121.8 126.8 127 130.9 138.4 137.8 137.5 138.4 145 149 147.7 151 154.1 152.4 150.3 147.8 149.9 152.1 157.6 159.9 163.9 167.8 173.7 178.3 175.6 174.1 174.6 176.3 180.3 184.6 186.6 185.9 184.3 187.2 187.9 185.8 184.1 186.8 193 192.3 195.5 200.4 202.1 200.2 201.4 202.1 203.3 203.7 209.8 209.7 207.7 212.2 220.3 227.6 234.1 237.1
96.5 90.9 85.7 86.7 85.4 85.1 90.2 95.7 101 104.3 106.4 104 101 92.8 82.2 78.7 79.7 82.7 84 86.4 89.2 94.3 103.2 106.8 112.5 116.3 120.8 125.4 127.9 134.4 137.6 136.7 136.8 140.8 139.8 147.1 148.9 152.2 153 155 155.2 154.8 156.5 155.8 160.7 165.1 173.9 177.7 176.4 177.9 177.1 173.5 177 181.3 182.5 184.2 183.1 182 188 188.5 188.9 185.5 183.2 186.6 190.1 192.3 197.3 199 197.7 197.8 203.7 206.6 207.8 209.5 211.4 211.1 210.4 214.8 224.2 229.6 231.9 232.5
93.6 93.3 82.5 83.7 83.6 88.9 95.4 100 104.7 109.5 113.1 111 104.6 93.5 83.1 78.4 80 83.6 86.3 87.5 90.8 95.6 99.3 106.2 112 116.2 120.9 123.5 129.7 134.2 134.4 137.6 140.8 143 146.3 142.7 148.7 153.1 155.8 158.5 159.2 162.3 163.4 158.1 166.3 171 176.6 178.2 178.6 179.1 180.8 175.5 178.5 179.9 181.9 180.9 178.3 180.9 187 186.8 183.6 181.9 182.5 186.1 190.1 197 200.3 201.1 201.3 200.7 203.7 207.7 210.6 211.7 213.4 212.8 211.6 221.8 228.4 230.1 232.2 234.6
93.9 90.5 81.2 83.4 84.9 92 96.8 100.7 106 112.8 120 112.1 103.1 91.2 82.5 77.5 81 84.1 85.6 86.6 89.8 95.4 101.8 108.6 114.3 118 121.8 127.4 127.2 133.2 139.3 142.3 140.7 145.9 146.5 145.3 147.8 152.8 157.2 160.2 163.3 167 168.9 168.7 160 172.3 175.5 176 176.4 179.2 178.3 176.7 181 180.5 178.7 176.7 175.9 180 183.5 184.1 184.5 182.9 181.9 184.1 190.4 195.3 202.4 203.6 203.6 204.4 207.6 209.6 211.5 212.7 212.2 211.4 219 227.3 230.3 235.3 238.1 237.8
89.6 87.4 81.6 83.2 85.8 93.3 96.3 97.2 103.6 114.8 118.6 110 98.9 85.3 79 79 83.2 84.6 85.5 87.3 92.3 97.1 104.1 110 115.6 117.9 124.3 129 135.7 140.2 145.1 145.3 146 146.1 145.7 147.6 149.3 154.4 158.2 161.2 165.5 168.2 170.6 173.3 171.3 171.8 172.6 172.3 175.9 178.9 178.1 178.2 176.8 177.4 174 173.9 177.3 177.8 178.3 179.1 180.2 181 184.1 185.9 191 199.3 205.4 206.5 206.5 205 209.9 210.3 209.5 208.8 209.4 217.7 227.1 231.4 236.4 240.3 241.4 241.6
89.5 86.7 83.6 80.8 87.7 93 92.7 92.9 100.7 109.3 110.7 103.2 91.8 79.9 76.4 79.3 82.6 83.7 85.8 90.2 93.6 98.1 104.4 109.6 115 121.4 127.2 134.9 139.9 145.4 148.4 145.1 146 148.1 149.4 152.7 155.9 160.5 164.4 167 168.8 170.2 172.6 173.8 174.2 174.8 173.2 175.9 177.6 179.1 181.2 181.3 177 173.1 173.5 174.4 175.9 175.1 175.9 177.7 181.8 186.7 187.5 187.4 194.1 201.1 202.8 204 208 205.9 208.8 206.7 210.8 214.6 212.5 226.5 234.4 236.7 240.4 241.8 241.9 242.1
86.8 86.2 85.9 79.9 88.4 88.6 86.8 87.6 96.4 101.2 99 94.9 87.7 77.6 77.8 78.7 82.1 83.6 88.2 92.7 93.7 97.7 104.8 111.4 118.3 123.5 129.9 137.1 144 148.8 146.1 145.1 149.4 152.9 156.3 159.2 161.2 166.6 170.3 172.1 172.9 173.7 174.6 174.8 175.2 177.4 178.4 180.6 183.2 185.2 185.4 181.4 176.8 173 173.7 173.9 173.8 174.6 176.7 178.3 185.6 188 190.5 191.2 196.2 200.2 202.7 203.8 205.8 204.1 206.6 211.2 214.2 214.3 221.6 233 236.9 241.3 243.2 243.9 243.7 247.8
84.7 82.5 80.3 80.2 84.4 83.7 82.9 83.8 91.4 93.8 91.1 86.3 77.9 75.8 75 78 81.2 83.1 87.8 93.7 96.1 100.5 104.9 111.7 118.9 125.8 133.6 144.4 150 147 143.8 146.2 152.8 156.9 160.1 163.2 167 171.6 177.3 180.3 176.7 174.5 175.1 176.5 178.7 180.4 181.9 184.7 187.3 189.1 187.4 180.2 178.3 173.4 173.2 173.4 174.3 177.4 178.4 180.7 185.3 188.9 191.9 192.6 197.7 199.9 201.6 202.2 207.2 208.2 212.8 214.7 215 216.9 227.7 236.3 239.3 242.4 245.2 244.1 248.2 251.2
80.6 79.3 77.4 77.4 78.8 77 76.3 78.8 83.7 85.8 82 77.6 75.1 75.1 75.2 77.5 80.6 82.6 85.7 91.5 93.5 100.4 103.8 111.5 120 129.5 140.1 147.8 147.8 140.3 144.8 150.6 155.5 159.2 161.9 166.5 170.9 180.2 188.8 184.4 177.8 175.3 175.8 178.6 182 183.8 187.6 192.8 194.5 194 189.5 182.8 176 174.2 174 173.3 173.7 177.9 180.3 181.6 184.4 188.6 190.5 193.4 197.6 198.9 200.8 205 205.5 208.3 213.7 215.3 216.4 221.8 232.7 238.2 240.8 243.7 243.1 246.6 248.7 252.5
78.6 76 76 74 75.4 76.5 78.4 78.2 80.2 79.7 74.4 74.6 74 75 77.5 79 81.2 83.1 86.2 89.9 98.2 101.9 107.9 114 121.5 132.7 144.8 144.3 138.8 141.7 146.4 153.5 158.4 162.1 166 170.5 176.4 185.3 190.7 183.8 177.5 175.5 176.7 182.3 185.8 189.9 194.3 198.4 199.5 197 192.9 185 178.2 176.8 174.2 173.6 173.8 179.2 182.4 182.4 184.4 187.8 189.9 193.7 197 199.1 201.8 204.7 205.1 211.2 215.8 218.1 220.2 227.6 236.4 239 242.4 244.1 242 248.1 252.3 255.8
78.2 77.2 74 70.7 71.7 75.9 81.3 79.9 77.4 77.5 75.1 74.2 74.4 74.9 75.9 78.2 80.4 81.9 88.4 94.1 100.2 109.2 114.9 115.2 121.4 132.3 138.9 134.9 134.5 143 147.1 155.5 161.6 164 168.5 174.6 182.8 192 189.4 183.8 178.1 178.3 182.2 186.6 192.9 195.8 198 199 199.8 201.4 195.2 188 180.7 177.7 175.4 174.7 177.2 183.3 188 188.3 186.5 189.9 189.8 194.9 196.9 198 200.2 201.2 208 211.9 214.6 218 222.8 232.6 237.8 240.1 241.8 241.1 242.9 249.3 254 258.2
79.5 80.7 74 67 70.1 79.9 81.9 80.5 78 78.2 78.3 74.9 74.5 74.2 75.9 77.7 79.8 83.4 88.2 97 105.9 118.3 120.7 116.3 121.2 128.1 130.1 128.4 139.1 142.2 146.7 159.6 168.8 174.2 176.9 182.7 191.6 192.5 188 183 179.7 182.5 186.3 192 195.5 196.8 198 200.7 204.9 203.3 196.3 188.9 181 180.8 179.6 179.3 182.4 184.3 188.9 191.2 188.6 190.7 192 193.8 195.6 197.1 201.9 204.8 207.6 210.8 212.8 220.1 227.5 236 237.4 239.2 241.2 239.2 244.8 248.7 252.1 256.1
80.2 82.5 80.1 66.5 69.2 78.4 79.5 78.4 77.9 77.7 76.4 73.9 73.5 73.5 75.5 77.6 80.2 87.3 93.4 100.4 112 121.2 123.1 112.4 117.8 123.3 121.1 126.6 138.7 143.2 154.1 164.4 175.1 184.7 192.7 193.1 190.9 188.4 185.3 180.9 181 185.7 189.9 193.5 195.3 197.8 201.4 205 205.6 201.6 194.6 188.6 186.2 183.6 185.2 188.7 192 191.1 189.9 190.6 192.4 191.6 190.1 192.2 194.4 196.8 198.9 203.2 209 211 216.4 220.9 229.8 234.8 237.5 237.8 238.1 240.7 244.6 247 253.8 255.2
80.9 81.5 78.5 66.5 68.3 74.9 74.9 77.7 77.9 77 76.4 73.4 71.5 72.3 76.6 78.7 81 88.2 95.4 104 114.9 123.1 118.2 108.4 113.5 114.4 118.4 126.5 137.7 144.4 155.5 164.7 176.1 188.5 192.6 188.2 185.5 183.6 180.7 181 184 189 191.3 192.1 195.1 199.5 203.8 206.5 201.5 197.1 191.3 188 187.3 188.9 195.2 201.8 202.4 198.5 191.5 193.9 196.1 195.7 191.4 195.7 195.2 197.2 200.1 204.2 209.3 213.1 217.6 225.4 230.4 232.9 236.3 237.7 237 242.6 245.1 246.1 250.9 252.7
83.1 78.6 78.1 66.5 66.7 71.8 73.9 77.7 77.6 76.5 75.6 73.7 71.7 72.5 76.6 80.4 86.1 91.5 100.2 108.3 117.5 119.9 108.5 107.3 108.9 110.9 121.3 129.9 138.6 145.4 152.1 157.9 168.1 180.1 184.7 180.6 179.5 177.9 178.5 181.6 186.7 189.7 189.4 194 197.2 201.1 204 202 195.9 193.4 190.1 190.3 192.5 196.9 203.7 207.8 208.9 203 197.3 195.2 197.1 195.2 193.6 196.2 195.8 198.2 201.1 205.4 208.9 214.4 219 226.5 229.3 232.1 234.3 236.1 240.5 243.2 244.8 245.1 247.6 252.6
84.3 81.7 76 66.6 66.5 71.4 73.8 75.2 77.1 76 73 71.3 70.4 73.1 78.6 84 89.3 94.9 102.8 112 116.5 111.4 106.6 108.6 112 116.7 126.1 132.8 137 142.9 147.2 151.7 158.7 168.6 169.1 169.8 173.5 174.6 178.3 183.6 187.3 186.7 191.9 195.4 196.3 197 195.5 190.9 187.8 190.3 192.3 195.4 198.8 208.5 214.2 214.7 212.3 203 195.8 195.6 195.3 194.8 196.7 198.9 196.4 198.6 203.3 209.1 211.3 212.8 220.1 226.7 229.8 231.9 233.5 234.7 239.6 241.5 242.4 244.4 248.5 255.8
84.1 86.4 83.4 67.4 67 74.3 71.7 73.3 74.9 73.1 71.2 69.2 70 74 80 86 90.2 95.7 104.4 113.5 110.4 106 106.6 112.3 117.4 122.2 127.9 132.7 137.4 142.2 145.8 148.8 153.4 159.4 161.9 166.1 169 172.9 179.9 183.1 183.3 188.5 191.2 191.7 191.5 189.1 184.8 190.9 191.7 192.2 195.8 199.8 208.1 216.9 214.5 209.6 205.2 199.4 193.9 193.9 194.7 195.9 198 199 199 202.3 204.7 207.1 210.3 216.1 223.2 227.1 229.8 233.1 234.6 237.9 237.2 238.2 240.9 244.8 249.9 253.2
85.2 85.5 83.7 72.3 68.3 70.9 70.6 72.1 71.5 68.7 69.4 69.4 72.2 75.7 78.9 86.6 94.5 99.9 105 106.8 105.2 104.9 109.7 117 123 127.7 131.7 131.5 136.1 141 143.1 145 147.2 153.1 158.5 162.5 167.2 173.6 178.5 181.1 183.1 186.8 187.5 186.6 187.1 184.1 187.4 185.8 187.2 192.5 198.5 203.4 213.2 216.9 211.2 204.5 200.3 196.5 193.7 193.5 194.7 196.5 198 199.5 200.4 202.5 204.3 207.6 211.9 220.3 225.5 228.4 231 234.1 236 242 238.9 238.4 240.2 244.8 250 250.5
86.5 85.5 82.4 75 69.4 69.4 69.1 68.9 68.1 70.3 73.9 75.6 74.2 76.3 82.2 91.1 98.9 104.8 106.7 102.2 106.5 109.7 116.3 130.1 138 138.7 133.7 130.7 134.8 137.5 139.8 141.4 144.2 150.6 156.5 160.9 168.6 174.3 177 180 182.5 183.1 184.2 185.6 182.4 183.9 183.1 187.9 188.5 192.7 202 208.8 212 209.1 202.4 198.5 197 194.9 193.5 193.4 193.5 196.8 198.1 199.5 201 202.9 206.2 209.2 214 223 225.7 229.2 232.6 235.5 238.4 240 238.9 239.2 241.9 246.2 249.1 247.1
86.4 87 80.5 74.3 67.4 66.5 66.5 67 68.2 78.1 87 84.3 81.4 80.2 86.6 95.6 99.7 105.3 98.1 107.2 113.4 118.5 126.3 137.3 144.7 143.8 137 129.5 133.4 136 138.1 140.3 143 150.2 157.1 163.8 169.1 172.8 177.7 179.8 180.5 181.3 181.9 181.7 179.8 184.9 188.3 190.4 189.6 194.4 202.1 205 203.6 199 195.7 194.9 195 193.7 193.6 193.9 193.2 194.9 197.2 200 202.7 205 206.7 208.3 215.4 219.9 223.6 229.2 232.1 236 237.1 237.6 238.8 240.9 242.5 245.6 246.8 245.5
86.2 84 78.5 71.5 65.7 65.5 66.5 67.8 75.2 91.8 94.2 88 82.8 82.6 91 97.2 95.3 96.3 105.1 111.2 116.3 122.4 128.4 138.1 147.1 144.5 135.8 128.1 138.8 138.6 142.6 144.1 145.6 148.1 156.5 165.3 169.7 171.3 174.1 176.4 179.2 182.9 180.3 180.5 188 189.8 191.5 193.2 190.7 196.5 198.6 198.2 196.1 194.7 194.4 194.8 194.9 196 195.3 194.4 194.5 193.8 196.6 199.8 202.2 204.4 207.3 211.3 217.5 222.4 226.7 229.3 231.3 234 237.7 238.6 242.9 242.4 241.8 243.9 243.1 241.7
85.8 83.3 77.8 68.9 66.5 65.1 66.7 71.6 89.1 98.9 97.3 91.9 84.6 84.8 92.2 98.8 90.3 100.3 105.2 110.5 118.6 123.4 130.1 139.6 149.1 143.1 132.9 126.9 136.7 141.8 145.2 149.5 152.6 156.7 161.5 168.6 170.3 169.1 168.8 173.6 175.8 177 180.2 184.2 186 191.7 193.4 194.4 194.6 201.4 200.3 196.7 195.2 194.4 194.7 196.2 196.8 196.5 195.5 193.8 194.2 194.3 197.6 199.1 201.5 203.8 207.8 213 218.4 223.3 227.3 231.1 232.4 234.7 236.9 239.7 241.8 241.4 239.3 239.6 238.4 236.1
85.5 82.9 75.4 65.1 66.2 65 67 84.3 96.3 102.3 98.8 93.2 88.8 83.6 91.4 92.7 90.2 98.9 102.5 111.6 119.1 127.4 135 145.9 146.1 139.9 130.2 129.1 138.8 143.6 149.9 153.4 157.4 163.4 170.1 172.7 172.2 173.9 174 173.1 174 176.4 178.6 181.9 190.3 192.9 196 198.1 201 204 201.7 195.5 197.7 199.4 199.3 200.6 198.3 197.3 195.6 194.5 194.1 196.8 198.5 198.5 200 203.6 207.1 213.8 219.7 223 227 228.8 231.7 235.2 236.3 237.7 237.7 236.2 236.8 236 233.4 232.2
85.6 82.1 74.3 64.4 65 72.3 81 91.3 102.6 102.4 99.2 94.4 91.6 84.7 85.8 84.7 92 96.6 105.7 115.1 123.2 132.9 143.1 146 139 135.7 124.8 128 141.4 149.1 155.8 160.5 164.2 168.5 173.6 171.7 172.8 174.7 177.5 178.9 177.2 181.3 184.4 187.1 190.3 192.7 197.8 198.3 199.3 200.1 196.1 197 202 204.4 206 207 205.1 200.2 196 195 198.1 200.5 202.3 203.7 203 206.7 211.8 216.5 220.7 223.8 227.7 232.9 232.6 233.4 235.2 235.7 235.7 234.4 233.6 233.2 232.7 231.1
85.2 81.8 74.8 64.3 67.7 83.5 92.2 99.4 103.6 101 97.5 97.8 94.6 83.1 82.2 83 87.6 96.8 105.6 119.8 131.6 138.1 135.8 137.7 135.6 130.2 122.6 134.9 144.2 152.7 160 164 168.5 176.1 176.2 173.8 173.4 176 177.7 177.3 180.9 185.6 190.1 194.5 196.1 195.2 192.1 195 194.9 196.2 197.5 202.4 206.8 209.6 212.2 213.4 211.6 207.8 199.8 197.2 200.2 203 204.5 207.3 210.5 213.8 215.7 218.9 222.4 228.6 233.4 233.7 234.4 234.5 234.4 234.5 233.1 233.1 233.2 231.7 230.8 229.5
84.1 79.3 74 64.3 66.9 86.7 95.9 100.9 101.1 99 100.2 100.5 94.3 80.4 79.1 80.4 84.4 94.9 106.9 118.5 128.3 128.9 127.1 128.5 128.8 123.4 124.7 135 145.5 155.4 161.7 165 170.6 180.8 181 178.2 173.4 174.6 175.9 178.8 183.6 187.9 195.5 201.1 199.9 196.9 193.6 196.3 200.5 202.1 204.7 208.3 214.1 221 223.4 223.3 217.4 212.5 205.3 199.3 201.2 204.3 206.8 209.9 212.6 216.8 221.3 222.3 226.5 230.5 233.4 233.5 234.7 233.8 232.8 231.3 231.5 229.9 230.4 230.8 230.2 229.4
82.2 77.2 70.7 64.7 68.7 87.4 96.9 100.2 97.7 101.3 102.5 99.4 90 76.8 77.8 78.3 87.5 94.2 103.7 112.6 119.3 119.7 119.1 119.6 113.7 119.5 125.3 133.3 146.2 156.4 165.3 169.8 177.9 185.5 183.7 179.2 174.7 171.1 175.9 179.6 184.6 191.7 199.5 202.3 199.2 195.7 195.5 201 203.6 205.4 209.2 214.6 224.9 227.7 228.4 227.8 223.6 215.8 210.9 202.6 202.4 206.7 210.1 212.8 215.5 220.3 225.6 229.3 230.4 231.5 231.1 232.2 232.3 232.2 232.1 232.9 228.3 228.3 227.8 228.3 227 232.5
80.9 74.2 69.9 65.6 67.9 86.9 95.7 95 98.9 100.7 98.9 92.7 81.3 76.3 77.9 80.8 87 90.5 97.7 104.1 107.9 111.1 114 110 110.2 120.2 123.4 135.5 147.3 159.3 170.6 179.3 184.3 185.5 180.7 176.7 172.6 170.2 175 181.3 188.4 195.2 199.7 198.3 194.8 195 198.9 203 206.5 209.6 214.7 220.9 226.6 230.2 232.3 232.5 227.6 220.3 213.3 207.7 203.6 207.8 211.5 216.3 223 226.8 229.9 233 232.2 232.1 231.8 230.5 230.9 234.7 235.1 237.9 233.4 226.8 224.4 225.4 227.6 234.4
78.3 72.7 68.9 64.5 71 86 90.7 94.5 97.4 95.9 91.5 82.7 74.6 76.2 78.5 80.8 82.5 86 90.5 95.7 101.4 106.9 106.5 109 116.7 120.9 127.5 138.8 150.3 160.7 172.8 181.1 183.8 182.3 177.5 173.9 171.5 168.4 176.3 185.7 191.6 195 196.3 192.6 196.6 197.7 201.5 205.1 209.1 212.9 216.9 222.2 227.1 230.5 234.7 231.9 227.8 223.4 216.4 212.2 206.6 208 216.5 222.1 228.6 231.3 234.5 235.2 232.1 231.9 231.9 231 232.7 237.1 240.7 241.8 236.6 227.4 222.6 223.7 228 235.4
78.9 71.3 65.8 58.8 75.4 84.9 90.9 91.6 91.6 87.7 81.2 72.5 74.2 76.2 78.4 81.2 85.2 85.9 87.6 90.9 94.9 98.9 105.8 113.5 117.4 124 130.5 142.3 151 161.5 172.6 177.7 176.9 176.7 173 171.8 168.9 167.2 175 183.7 187.8 190.4 189 193.4 197.2 199.9 204.2 208 212.7 216.7 220.7 223.1 226.6 231.4 233.9 230.1 226.6 223.1 218.5 213.3 208.5 212.3 221.5 231.6 237.3 237.7 237.8 235.8 233.7 231.8 230.3 229.5 235.2 240 244.9 245.9 237.3 222.7 218.2 222.7 229.5 234.8
75.4 69 63.6 62.5 74.2 83.1 86.1 84.9 83.1 78.7 71.4 72.1 74 76 77.9 82.9 86 90.3 94.9 96.7 97.8 102 108.3 114.1 118.7 124.7 133.7 141.6 149.6 161.1 174.7 175.1 171.3 170.3 167.8 168.7 165.6 164.7 173.3 180.2 182.4 184.6 189.5 195.5 197.9 201.6 207.2 212 214.7 215.2 216.4 220.1 227.1 232.2 231.4 228.3 225.8 222.6 217.9 212.2 208.8 213.6 222.8 232.4 238.9 240 238.3 239.4 237.7 233.8 228.6 231.8 236.8 241.2 243.9 243.8 233.7 218 216.6 224.2 230.6 237.1
72 66.2 61.7 65.3 73.3 79.8 79.7 78.8 73.8 70.6 69.9 71.6 74.9 77.8 79.7 82.6 86.9 91.2 96.9 97.3 100.6 104.1 111.6 113.8 118.7 131.7 141 147.6 154.4 163.2 171.8 171.7 166.4 165.6 164 163.6 161.9 165.8 175.2 181.1 187 187.7 192.3 195.9 200 204.3 210.2 211.3 213.1 217.3 219.1 224.2 226.2 228.6 227.4 226.3 224.3 218.9 213.5 207.7 208.8 211.9 220.2 228.1 235.1 237.4 241.5 243.9 241.1 234.7 228.3 231.4 236.1 241.2 242 238.6 228.3 215.6 218.3 224.5 230 237.3
69.6 61.8 58.5 66.9 70.7 75 74.9 71.3 67.8 68.2 69.3 71.3 75.6 78.8 79.2 84 87.6 93.6 98.3 100.2 101.7 106.7 111.4 119.5 126.5 136.2 144.3 156.7 164.4 167 165.5 161.6 160.4 161.6 161.6 160.1 164 175 181.2 184 187.4 191.3 192.7 197.2 200.5 204.6 208.3 213.7 223.4 228.1 227.5 229.5 229.4 229.2 226.1 224.6 221.5 215.9 205.8 202.7 203.6 206.7 215 223.3 230.7 239.1 243.6 244.3 241.3 233.7 228.1 228.5 234.5 239 237.4 231.5 221.8 211.7 219.2 224.7 230 234.5
66.7 58.6 59.6 64.4 68.7 71 69.4 65.1 66.7 67.4 68.8 72.4 76.1 78.2 82.8 86.2 91.4 94.3 100.4 102.9 104.2 109.6 116.5 124.8 131.1 135.6 141.7 148 156.7 155.8 153.7 152.8 155.5 156.2 160.6 165.1 171.3 178.9 184 186.9 189.9 193.7 196.3 199.3 204.1 207.8 211.5 219.2 226.9 227.9 228.4 237.6 233.9 237 234.4 229.2 222.3 215.5 204.4 202.6 201.6 202.3 210.3 217 230.5 239.3 243.1 242.5 239.5 230.5 224.1 226.5 229.3 232.9 231.1 223.8 215.7 211 219.1 223.6 229.2 232.1
65.6 58 58.8 60.7 65.4 66.1 63.5 64.1 66 68.5 70.6 73.5 76.5 78.9 82 85.2 89.7 96.7 100.3 111.6 107.8 116.5 121.2 127.3 132 135.6 141 145.5 146.9 144.9 146 148.6 152.2 157.6 163 168.5 175.6 181.2 185.9 190.5 194.6 198 202 206.7 210.7 210 218.7 224.4 224.6 224.9 229.3 233 235.8 238.7 239.4 232.9 226.6 218.1 208.8 209.1 207.2 203 205.2 213.3 225.1 233.3 237.6 239.8 239 228.1 219.7 221.1 225.2 227.8 224.8 216.5 209 214 217.9 223.4 227.1 229.8
68.9 61.8 57.9 59 60.7 61.9 61.8 64 65.9 68.7 71.3 72.8 75.3 78.3 82 91.3 98 102.8 106.5 105.8 115.6 121.2 125.6 126.9 131.8 137.2 140.1 141.6 141.8 143.4 148.8 152 155.5 161.4 164.9 171.7 177.2 183.5 189.5 194.9 200.1 205.2 208.2 210.7 210.1 214.8 225.8 229.1 235.5 238.3 246.4 252.1 250.6 250 246 238.2 232.6 224.3 221.3 217.3 212.7 207.4 201.6 207.7 216.4 226.2 231.2 238 237.2 227.5 217 216.7 222.3 222.6 218 210.1 207 213.7 219.4 221.9 225.7 226.3
