GeneralExemplars/GeoExemplars/data/LakeDistrict/terrain-50-dtm_3563996/sd/SD58.asc
ncols 200
nrows 200
xllcorner 350000
yllcorner 480000
cellsize 50
[rows 144 to 179 of 200, columns 0 to 81 of 200]
41.2 37.7 37.9 41.7 48 52.4 51.7 48.4 45.4 46.6 49 54.2 57.9 62.6 71.5 69.7 63.4 53.5 47 46 45 43.5 39.9 38.1 38.4 40.9 44.5 45.5 42.9 36.1 33.5 32.6 32.4 35.4 42.3 41.7 36.9 32.8 31.2 28.2 27.7 28 31.4 32 36.9 42 39.6 34.8 34.2 39.3 44.3 44.1 40 33.4 31.1 33 32.3 32.5 34.3 31.7 35.6 32.7 33.2 33.3 34 34.9 35.5 38.3 39.8 40 43.9 45.5 48.9 50 51.9 51.4 43.3 52 60.7 69.9 76.9 71.9
39.1 37.6 37.7 42.8 48.2 52.3 49.7 45.5 46.5 46.7 50.1 55.1 61.8 69.1 70.6 65 56.9 50.1 45.8 45.8 47 47.6 43.6 39.2 40.9 46.9 51.7 51.6 47.5 40.9 37.1 33.1 35.6 43.4 45.5 41.2 35.8 32.4 30.8 29.6 27.6 28.9 31.2 32.6 36.9 39.3 35.9 33.2 34.6 42.5 45.2 45.8 41.3 35.1 30.5 30.3 30.7 32.8 32.4 32.1 32.2 39.4 33.9 33.3 33.8 35 36.8 38.7 39.8 43.2 44.6 48.7 52.6 52.7 53 51.1 43.1 50.2 58.2 66.1 72.3 64.6
37.7 37.3 38.4 44.1 48.3 50.4 47.5 45.1 45.2 46.2 50.4 57.4 63.3 67.6 68.8 63.9 55.3 47.4 46.6 49.4 51.9 52.6 47.9 43.3 46.8 51.7 54.2 53.2 48.8 44.2 39.5 36.4 43.5 51 47.9 39 33.1 31.3 30.6 27.9 27.2 28.8 31.2 32.5 35.1 36.6 34.2 33 38.8 45.7 45.6 43.7 38.8 32.3 30.2 30.3 30.8 31.4 31.7 30.9 33.9 33.9 39.5 39.5 34.2 36.1 38.3 38.8 42.8 43.8 45.5 54.7 55.1 54.5 52.2 49.4 43.1 49.8 54.7 61.2 64.4 58.6
37.1 37.6 39.4 44.2 47.7 48.3 46.6 45 45.8 45.2 51.4 56.9 61.9 66.2 66.6 62.2 52.3 47.6 50.5 53 55.9 58.7 54.4 49.7 48.7 52.7 54.2 52.5 49.8 48.1 43.1 43.4 52 52.2 45.9 37.1 31.6 29.5 29.8 27.3 27.3 29.9 30.5 32 33.6 34.1 33.4 36.1 43 47 47.7 42 34.6 30.6 30.2 30.6 30.9 30.5 31.4 32.6 33.1 33 33.5 33.3 45 42.7 40.3 47.3 43.1 45.3 56.2 56.8 57 54.3 49.7 46.1 43.1 47.9 51.4 54.5 55.7 51.4
39.3 37.9 41.3 46.9 49.3 49.1 46.6 48.4 48.6 44.5 49.2 54.8 59.5 63.6 62.8 58.1 48.6 49.8 52.6 56.5 59.7 65.3 58.9 51.7 45 50.9 52.8 50.7 50.4 48.7 45.9 49.6 54 48.9 41.8 34.2 30.8 30.1 29.2 26.9 27.5 28.9 30.1 31.6 32.2 32.5 33.7 37.6 44.3 47.5 45.1 37.5 31.9 30.3 30.3 30.8 34.2 34.6 33 32.5 32.6 32.7 33 34.2 36.6 44.2 46.3 44.1 42.2 54.2 58.4 58.1 55.9 51.9 47.1 45.3 43.8 44.8 47.2 48.1 47.1 50.6
43.6 39.1 43.9 50 50 49.9 51.3 56.2 49.6 43.4 46.8 51.9 56.3 60.1 58.2 51 49 52.4 55.8 59.9 64 68.7 62.3 54.1 40 47.8 49 47 49.4 49.8 50.2 52.2 51.3 44 37.1 31.2 30.6 30.1 26.3 27.1 28.9 30.4 31.2 31.9 31.7 34.1 37.6 39.9 43 45.9 41.6 34.6 30.5 30 30 33.4 34.6 34.9 33.5 32.9 32.5 32.6 32.8 34.1 36.3 37.6 44.5 41.7 45.7 52 57.6 57.2 53.2 49.3 44.9 42.4 41 43.1 43.2 43 48.2 54.7
47.4 41.9 46.5 49.1 50.2 51.7 55.7 57.8 50.7 43 44.7 48.1 52.1 54 52.3 48.2 50.5 54.1 59.1 63.2 68.2 69.5 59.2 50 39.4 43.6 44.7 45.2 48.7 51.7 53.6 53.2 48.2 39 33.1 30.6 30.1 29.4 26.3 27.1 29.9 30.6 30.9 30.9 33.1 36.2 38.8 41.4 43.5 42.6 38.4 31.4 29.9 28 29 33.1 33.5 34.1 33.7 34.3 32 32.4 32.8 34.8 36 39.6 41.3 46.6 49.6 50.5 52.5 54.7 51.3 47.3 43.4 40 38.2 37.9 43.1 43.1 51 56
50 44.1 46.1 47.5 50.4 53.8 57.9 55.3 50.4 44.2 42.9 44 45.9 46.7 46.7 48.8 51.4 55.6 60.4 65.4 71.3 65.6 52.8 43.6 39.1 39.8 40.9 44.4 50 54.5 56.7 53 45 35.8 30.5 30.4 30.1 28.4 26.8 28.3 28.3 29.3 30.1 31.3 34.6 37.4 39.3 41.1 42.6 39.5 35.5 30.7 28 28 28 31.8 33.5 33.8 33.7 34.4 31.5 31.9 33.5 34.6 36.7 44.2 40.4 51.8 54.4 53.7 53.4 48.7 48.9 45.6 43.6 39.8 36.9 38.6 42.9 47.3 51 56.9
49.5 44.9 45.2 46.4 50 54.8 60.4 55.3 49.9 45.4 42.2 41.4 42.1 43 45.4 48.9 52.5 56.6 61.9 68.8 69.9 60.1 48.2 39.6 38.7 37.5 41.4 47.5 51.7 55.7 55.2 49.2 41.4 33 29.8 30.3 29.7 27.3 26.9 28 28 28 28.3 32.2 35.7 38.4 40 42.1 41 37.4 33.4 29 28 28 28 29.2 33.4 33.8 32.7 33.3 31.1 31.5 33.2 35.6 37.6 40.1 44.5 53.5 53.1 52.3 53.6 50.3 47 45.8 43.4 38.3 36.2 37.1 39.1 45.3 52.4 59
49.2 44.2 43.3 44.4 46.9 55.2 60.6 56.9 47.1 42.6 39.9 39.5 39.8 40.8 46 49 52.8 58 64.1 72.1 65.7 55.1 44.2 36.8 37.1 37.5 43 49.3 52.9 55.5 51.8 45.3 38.5 32.9 29.7 29.8 28.7 26.5 27.4 26.8 27.9 29.1 29.4 32.9 37.8 38.8 40.6 41.6 38.9 35.1 30.6 28.6 28.1 28.4 28.7 30 32.2 33 32.9 31.5 31 31.7 33.9 37.1 39.8 40.7 50.8 50.9 49.7 51 51.3 48.4 45.8 44.4 43.7 42.7 35.7 36.1 37.3 45.3 53 61
45 42.2 41.9 42.9 47.5 55 55.2 53.4 41.6 38.7 38.5 38.6 38.5 40.7 46.3 49.5 54.3 59.2 69.2 67.4 56.9 49.2 41.5 35.1 36.8 40 44.6 50.4 54 54.6 48.1 42.1 36.1 32.1 30.2 28.8 26.1 26.2 27.5 28.3 30.1 30.9 31.3 34.3 37.8 38.4 39.8 39.6 36.8 33 28.3 28.5 28.5 30.4 31.9 32 32.3 32.5 32.4 30.2 30.9 32.5 35.5 39.9 39 46.4 49.3 48.4 47.8 47.7 47.4 47.4 41 40.7 40.1 38.4 42.6 37.6 37.6 44.6 51.1 64.8
41.9 40.9 41.6 42.6 47.7 53.1 48.4 46.5 39 38.3 37.5 37.8 37.6 40.3 45.7 50 54.4 64.1 69.9 63.7 51.5 44.5 38 33.3 37.1 40.6 45.2 51.3 53 51.9 44.2 38.8 35 30.4 29.4 27.1 25.9 26.2 27.2 26.7 28.7 30.1 32.2 34.1 35.1 37.5 37.6 37.8 34.4 29 28.4 28.8 29.7 30.5 31.5 31.8 31.9 32.1 30.5 30.2 31.3 32.8 36.9 39.5 38.3 45.4 46.9 44.9 44.7 44 45.3 43.1 40.8 41.1 40.3 38.2 36.7 37.4 45.5 47.1 52.1 68.4
40.4 41.2 43.7 44.8 49.3 49 45 41.1 37.3 37.4 37 36.4 36.5 38.6 43.9 49.9 57.7 68.4 65.6 58.9 48.4 40.6 37.5 32.7 37.4 39.6 44.8 50.1 49.8 47.9 41.1 37.1 33.8 28.5 28.2 26.1 25.8 26 27.5 29.8 29.9 30.4 31.8 33 34.5 35.8 35.3 34.4 29.6 28 28.8 29.5 30.1 30.3 30.5 30.6 31.5 30.3 30.2 30.3 31.8 39.5 38.3 38.5 43.5 43.8 44.3 43.2 41.9 42.4 45.4 44.6 40 40.7 39.9 39 36.4 40.2 45.3 46.4 51.1 62.8
41.3 44.7 46.6 46.9 45.9 45.3 43 38 36.7 36.5 35.8 35.3 36 37 40.6 53.9 64.5 65.5 61.1 56 45.2 38.2 36 31.7 37.3 39.6 44.6 47.3 46.2 43.6 39.6 36.6 32.8 28.4 26.4 26 25.5 25.8 28.5 30.2 30.4 32.4 34.1 36.3 36.4 35.1 32 28.9 27.7 28.3 28.6 29.2 30 30.4 30.5 30.5 30.7 30.3 30.2 30.2 32 34.9 39.5 37.8 42.3 42.7 43.3 41.2 39.7 40.8 42.3 40.4 40.1 40.1 38 37.4 36.8 41.3 43.7 45.6 49.7 53.9
42.9 48.6 50.2 50.3 49.6 43.6 40.5 35.7 36.5 36 34.7 34.8 35.5 35.7 42.5 52.1 62.9 61.6 56.9 53.9 45.4 36 33.4 31.9 36.8 40 41.9 43.4 43.4 40.7 38.1 37.4 33.6 27 26.1 25.9 26 25.7 28.4 29.7 30.2 33.4 37.2 39.7 38.2 33.3 29 27.9 27.3 28.4 28.1 28.5 28.8 29 29.5 29.8 30.9 31 30.4 30.4 31.9 36.2 38.4 37.8 38.2 41.2 39.5 38.1 38.5 39.3 39.7 39.2 37.6 36.3 35.2 38.3 37.7 40.9 44 45.4 45.8 48
45.7 49.2 50.6 51.3 49.8 43.5 36.9 34.4 37 34.2 33.6 34.2 34.8 36.2 41.5 53.2 59.2 56.3 52.9 49.6 42.1 34.4 32 31.5 36.5 38.1 39.1 41.8 41.4 38.6 36.5 35.8 32.5 26.6 25.8 25.9 26 26.2 26.5 27.9 32.4 35.2 38.7 41.4 38.2 31.5 26.8 27.5 27.4 27.7 28 28.6 28.8 28.8 29.3 29.6 30.6 31.4 31.3 31 32.5 35.8 37.9 36.3 38 39.4 36.8 34.3 36 38.1 38.6 38.2 37.1 37.1 38.2 41.8 41.2 41.5 44.2 44.5 45.2 45.1
46.4 48.1 48.7 48.4 45.6 40.5 34.8 33.8 33.5 33 34.1 34.8 35.4 35.2 41.1 50.3 53.9 50.9 49.3 44.4 37.3 32.2 30.9 32.3 35.9 36.7 38.1 41.6 38.8 35.7 33.7 33.3 30.4 26.1 25.9 31 25.8 26.4 26.8 28.4 31.8 38.1 40.4 43.2 36.7 28.4 27.5 27.2 27.4 27.6 28.1 28.7 28.7 28.7 29.4 29.8 30.1 31.3 31.8 31.8 32.3 34.4 37.5 35.1 38.6 38.1 35.7 34.8 34.8 37.2 37.6 37.9 38.2 39 40.7 40.3 40.8 43.8 44.2 43 44.1 47
45.7 45.7 44.8 43.3 39.9 35.7 34.6 33.4 32.9 33.4 36.1 37 36 36 40.6 46.9 49.8 46.3 46.4 41 35.1 31.3 30.9 34.4 36 35 37.3 38.5 36.1 33.4 32.1 30.9 27.2 26.4 29 29.7 26 29.1 32.2 29.6 33.6 41.2 41.3 40.9 33.5 27.8 27 27.1 27.3 27.7 28.2 28.8 28.7 28.6 28.9 29.8 30.3 30.9 32.1 32.5 33 34.1 37.1 35.3 39.1 36.1 35.1 35.8 36 37.2 37.3 37.8 38.4 39 39.3 39.3 40.9 43.2 44.2 44.6 44.5 45.6
42.3 39.3 38.1 36.4 32.7 31.1 31.1 31 32 34.9 36.8 36.2 35.7 34.9 38.2 43.5 44.6 44.1 41.4 36.4 31.7 30.9 30.9 35.6 35.3 33.8 36.9 36.8 34.9 33.1 32.4 31.4 28.2 26.8 28.6 29 25.7 28.6 31 31 36.1 42.2 40 36.4 29.8 26.7 26.8 27 27.3 27.8 28.3 28.8 28.5 28.8 29.1 29.4 30.2 30.9 31.8 32.1 33.1 33.8 33.7 35.6 36.4 34.8 35.2 35.9 36.4 36.9 37.6 38.1 38.4 38.9 39.6 40.1 41.5 42.4 43.5 43.6 44.2 45.5
35.1 32.8 30.1 36.1 28.9 29.7 31.1 31.7 32.1 34.2 35.1 34.6 34.1 32.6 36.7 40.4 40 40.4 37 31.5 30.5 31.1 31.2 37 35.8 35.1 35.7 35.5 34.3 33.2 33.7 35.7 33.9 29.6 27.9 27.5 25.8 27.9 28.8 30.9 35.5 37.3 35.3 32 26.8 26.5 26.7 26.9 27.2 27.8 28.3 28.7 29 28.8 29.1 30.1 29.7 30.8 31.4 32 32.7 35.3 34.4 34.5 35 35 35.5 36.3 36.8 37.3 37.9 38.1 38.4 38.8 39.4 40 40.6 43.2 42.3 44 46.8 48
29.9 28.6 29 29.1 29.4 30.4 32.2 33.6 34.4 34.1 33.4 32.6 31.6 32.6 35.2 37.2 37.6 36.1 33.1 30.9 30.7 31 33.6 36.3 35.4 34.9 37 35.4 34.1 34.3 36.5 39.3 39.8 36.4 29.1 25.6 25.5 28.5 28.7 31 34.1 32.8 31.4 27.8 26.2 26.4 26.6 26.8 27.2 27.7 28.2 28.7 28.9 29 29.4 29.8 30.3 31 31.6 32 32.5 36 33.2 33.9 34.7 35.5 35.9 35.4 36.2 36.6 37.6 38.3 38.5 38.8 39.3 39.9 40.6 43.7 42.6 46.1 48.6 48
28.4 29.1 29.4 29.3 29.6 30.5 32.3 33.2 33.5 32.4 31.1 30.1 30.2 30 33.8 34.3 33.8 32.3 30.5 30.9 30.9 34 34.8 36 35.3 34.5 33.9 33.6 33.8 35 37.8 42.2 41.5 38.2 32.1 25.5 24.8 28.4 28 30.9 32 30.1 27.8 27.1 26.5 26.3 26.6 26.8 27.2 27.7 28.1 28.4 28.8 28.9 29.1 29.6 30.4 31.2 31.9 32.3 32.6 36.3 33.3 34.1 34.7 35.4 35.6 36.3 36.5 37.3 38.1 38.4 38.5 39.1 39.6 40.2 40.8 43.5 42.7 43.6 43.9 44.5
28.4 29.2 30.7 30.3 29.2 29 31.3 31.6 31.2 31.4 30 26.9 26.4 29.7 32.9 32 31.7 29.9 30.4 30.7 34.6 37.5 36.2 36.3 35.8 34.8 35 34.4 35.1 36.4 38.5 44 42.4 37.8 32.4 25.9 25 26 27.2 31.1 31.5 28.4 25.9 26.2 26.2 26.2 26.4 26.7 27.1 27.5 27.8 28.2 31.5 29.6 29.5 30.3 30.5 31.3 32 32.5 32.8 36.2 33.6 34.2 34.8 35.5 35.8 36.3 36.9 37.4 37.7 38.3 38.8 39.5 40.2 40.8 39.9 40.1 40.7 42.6 44.2 44.9
29.3 31.4 34.1 33.7 28.4 28.2 28.3 28.6 29.4 29.6 29.4 24.9 23 25.9 29.1 30.5 32.3 30.9 30.9 34.5 39.9 42 38.4 37.7 36.8 34.6 34.7 34.5 34.8 38.4 38.8 42.9 41.3 36.2 30.8 25.1 25.1 24.5 27 30.3 28.4 26.6 25.9 26.1 26.7 26.5 26.6 26.9 26.9 27.2 28.2 29.1 29.8 28.6 29.1 30.1 30.6 31.3 32 32.5 33 35.5 34.1 34.2 34.6 35.4 35.6 36.1 37 37.4 37.8 38.2 38.9 39.6 40.5 40.7 40.7 41.5 42.5 42.7 43.8 44.8
31.2 35.8 40.2 38 32.1 32.4 28.6 27 28 30.7 30.4 25.2 21.6 23.2 25.9 30.5 33 30.6 31.2 40.6 48 46 38.6 37.2 36.5 34.7 34 34.4 35.5 38.2 38.5 39.6 38.8 35.8 31.4 24.9 25.1 25.3 27 28.5 25.4 26 25.8 25.9 30 29.1 26.6 28 30.2 31.5 29 28.3 28.6 28.8 29.1 29.7 30.9 32.1 31.9 32.5 33 34.5 34.4 34.2 35 34.8 35.5 36 36.7 37.4 37.9 38.5 39.1 39.7 40.5 41 43.6 41.3 42.6 43.8 44.2 44.5
34.6 39.7 45.8 40.6 35.8 36.1 31.3 31.7 33.1 35.6 30.9 26.5 24.7 24.3 25 31.6 33.7 32.4 37.5 46.3 52.6 47.2 37.8 36.1 35.5 34.8 33.5 34.2 34.2 33.5 35.8 36.6 36.8 35.8 32.1 25.1 24.9 25.1 27.4 24.9 25.9 25.9 25.9 26.9 29.3 26.9 26.4 28.7 35.1 33.4 29.6 28 28.6 28.4 29.4 29.1 29.8 30.6 32 32.3 32.7 33.6 34.5 33.9 36.7 37.4 35.5 36.1 36.9 37.7 37.2 37.8 38.7 39.8 40.4 40.6 43.6 41.4 42.1 43.2 43.7 43.9
36.2 43.7 49 39.4 39.5 39.5 37.1 34.6 36 39 32.1 28.4 27.6 25.6 26.8 34 35.5 36.1 42 50.2 53.6 46.3 36.7 34.8 34.2 34.5 33.2 34.1 32.6 31.3 33 33.1 33.8 34.8 31.3 24.7 25.3 25.8 25.6 25.7 25.9 25.7 25.6 25.6 25.9 26.3 28.2 32.7 41.7 34.6 28.1 27.9 28.4 28.8 30.1 29.8 30.2 30.7 31.1 31.9 32.3 32.7 35.7 37.8 40.5 37.4 36.1 37 37.8 38.6 39.4 38.6 38.6 39.7 39.7 39.9 40.6 41.4 42.2 42.7 43.3 44.2
39.3 48.9 45.2 42.7 43.9 45.7 48.2 41.6 39.5 38.3 32.1 28.5 28.8 27.6 29.1 35.8 36.9 38.9 46.2 53.5 53.7 44.7 35.5 34 33.6 34.3 32.9 31.9 30.8 30 28.9 30.3 32.5 33.1 29 24.8 25.1 25.7 25.1 25.6 25.7 25.6 25.6 25.9 27.7 28.8 31.7 39.9 45.5 33.4 28.9 28.9 28.7 31.1 30.6 30.2 29.9 30.7 30.7 31.7 32 32.3 37.2 43.1 41.2 36.4 36.7 37.2 38.3 38.6 40.5 40.2 38.6 39.7 40 41.7 41.5 41.9 42.1 42.6 44.2 47.6
40 47.4 44 50 49.8 51.1 51 45.9 42.1 38.4 32.5 29.4 29.3 29.4 32.2 34.5 35.5 40.4 49 52.9 47.9 38.5 33.7 33.1 32.8 33 32.9 31.3 29.9 28.9 26.9 27.2 28.8 30.2 27 24.7 25.2 25.1 25.1 25.4 25.4 25.2 25.1 26.6 28.7 31.1 36.1 41.4 43 34.4 30.3 30.7 30.9 30.6 29.5 30.1 30.1 30.5 31 31.1 31.3 31.9 37.2 41.5 37.8 35.7 36.4 37.2 41.4 40.6 40.2 39.2 38.6 40.5 41.1 43.6 47.3 45.3 45.9 46.2 47.1 48.2
45.1 47.6 50.1 53.4 54.9 57.4 51.7 47.4 42.7 37.3 32.4 31 30.3 30.5 32.2 34.5 35.2 41 44.6 51.7 47.8 38.7 33.5 32.6 31.9 31.9 31.2 28.5 27.4 26.3 24.7 26.3 27.7 27.5 26 26.1 24.8 25.2 25 25 24.8 24.6 26.4 30 31.6 34.3 36.9 40.6 39.9 31.9 30.6 31.1 31.6 31.4 29.2 28.9 29.6 29.8 31 30.5 30.8 31.7 37.1 38.1 35.8 35 35.5 39.6 42.2 39.6 38.9 38.1 38.4 39.1 41.1 47.3 48.4 48.3 47.9 48 49.1 50.2
46.5 49.6 54.8 57.4 60 59.1 53.3 47.2 42.4 35.8 32.3 30.8 30 30.4 33.4 35.1 33.5 38.4 42.3 50.3 46.1 35.7 33 32.4 31.4 31.3 28.4 26.9 25.7 24.3 24.1 25.5 27.6 26.7 25.7 26 24.9 24.9 24.5 24.7 24.7 24.5 28.4 31.2 32.3 33.5 37.9 38.7 35.3 29.6 29.8 31 31.8 32 29.6 28.8 29.1 29.4 29.9 30.4 30.5 32.2 37.2 36 34.5 34.5 36 39.9 41.1 41 38.8 38.3 39.2 40.1 43.6 47.8 48 48.5 51.1 53.5 55.2 56.9
45.7 51.5 56.5 60.5 63.8 57.2 51.7 46.2 42.8 38.5 31.2 30 28.6 31.2 33.8 34.5 32.2 35.3 41.5 43.3 39.1 32.8 29.5 29.6 29.7 30.1 26.7 28.3 25 24.5 24.3 25.5 27 25.3 24.9 24.9 24.7 24.5 24.4 24.4 24.4 26.6 29.2 30.6 30.9 33.8 35.9 36.1 31.3 27.1 27.5 30.9 31.3 30.5 28.8 28.7 29.1 29.6 29.6 30.1 31.8 32.7 37 35.1 34.3 35.6 37.1 40.4 43.8 43.2 38.5 40 39.9 43.5 45.7 47.8 49.3 52.2 54 55.9 58.7 62.7
45.5 51.1 57.2 62.5 62.3 54.6 49.7 45.2 42.1 37.6 30.3 29.7 29.3 31.5 34.4 34.3 31.9 35 38.9 37.2 32.7 28.7 26.1 26 27.2 27.5 24.9 31.2 26.4 25.4 24.1 24.7 26.3 25.2 24.2 24 24.6 24.6 24.5 24.5 25 26.6 29.7 29.3 30 32.3 33.5 32 27.8 26.8 27 29 29.8 29.4 28.7 28.7 28.9 29.1 29.8 31 33 35.5 37.2 34.5 35.2 38.9 39.6 42.8 46.3 45.2 40.1 40.6 43.5 46.4 48.1 50.4 53.7 54.4 56.4 60.3 64.8 68.2
43.8 52.1 59.3 66 62.7 53.8 48.1 44.2 40.8 35.5 29.5 28 30 32.7 35.6 33.5 32 34.1 35.3 33.2 28.2 25.6 25.7 25.1 25.1 25.3 24.5 31 26.7 25.5 24.6 24.2 25.5 25.4 23.9 24.3 24.4 24 24.3 24.3 25.6 26.9 26.7 28 29.4 30.5 31.2 29.3 26.8 27.2 27.3 27.6 28.9 29.8 28.7 28.7 28.9 31.4 31.3 31.4 37.7 38.1 37.5 34.2 33.9 37.9 40.9 45.5 46.5 47.2 43.5 46.2 45.7 48.2 49.6 54.2 55.9 57.6 60.7 65.8 70.4 76.3
46.6 53.1 61 68.1 63.4 52.3 45.9 41.6 39.1 34.3 29 27.5 29.3 34.9 36.8 34.1 32.4 33.4 33.4 30.6 26.4 25.8 25.6 25.4 24.9 25.2 25.8 24.5 25.7 25.5 26.3 25.2 24.7 24 23.9 24.4 24.5 24.5 24.2 24.5 28 29.5 28.1 26.7 27.3 29 29 26.8 27.2 27.5 27.5 27.5 28.7 28.8 29 29.8 29.4 29.8 30.6 34.1 37.1 38.5 36.7 32.9 35.7 39.7 41.1 43.8 43.5 45.4 47.6 47.4 47.8 49.2 52.7 56.6 59.4 62.1 66.5 72.5 80.6 90.6
47.9 55.5 61.8 64.9 60.9 50.7 43.4 38.5 35.6 30.8 27.8 27.5 29.1 33.6 35.6 32.3 31.3 31.8 31.6 27.2 26.1 25.5 25.7 25.3 25.3 26.6 26.5 26.2 23.8 24.9 26 25.1 23.2 24.4 24.8 23.8 24 24.1 24.2 25 31.3 32.8 29.3 28.3 29.8 28.4 27.2 27.1 26.8 27.1 27.3 27.7 27.9 27.9 28.2 28.1 28.5 28.8 31.3 34.9 37.1 38.8 36.1 33 38 43.4 44.9 45.3 45.8 46.1 47.8 48.2 47.4 50.4 54.7 59 63.4 68.1 73.8 83.3 93.3 105.9
