GeneralExemplars/GeoExemplars/data/LakeDistrict/terrain-50-dtm_3563996/sd/SD58.asc
ncols 200
nrows 200
xllcorner 350000
yllcorner 480000
cellsize 50
[rows 144 to 179 of 200, columns 82 to 163 of 200]
70.1 68.2 59.3 54.6 54.5 55.2 57 62.9 73.9 80.9 87.9 90.5 93.5 95.5 99.8 103.6 111 115 119.2 123.4 125.1 129.4 134.3 141.2 150.4 159.5 165.8 175.7 181.9 184.5 193.3 206.4 212.7 220.7 224.9 231 235.6 241.1 253.9 260.9 263.9 270.8 272.4 274.4 276.5 275.3 268.4 282 279.3 271.8 261.9 255.9 251 246 239.2 231.1 223.4 204.3 197.7 180.8 173.5 164.3 152.8 149 147.8 147.7 144.9 150.2 158.1 172.4 179.2 182.4 182.7 185.1 190.4 187.8 182.5 177 171.2 166.7 164.6 170.7
62.3 58.9 53.7 53.2 54 58.4 63.9 71.8 79.8 85.3 91.3 92.7 96.4 101.1 107.5 111.9 114.8 117.9 121.3 126.3 123.8 125.2 128.7 137.5 146 153.1 162.1 172.1 177.7 182.2 196.9 207.5 215.8 219.4 223.8 228.6 236 241.2 250.3 259.2 261.1 267.8 270.7 277.5 278.1 270.4 274.8 280.7 278.6 273.9 259.8 255.6 256 245.1 240.4 228.4 215.6 203.8 194.6 181.7 177.7 167 159.6 152.2 151.2 152 147.3 150.5 160.4 176.4 179.9 178.8 176.4 182.1 184.3 180.5 178.5 174.5 169 165 162.9 171.7
53.6 52.4 52 53.1 54.3 61.9 70.4 75.3 80.5 86.9 90.8 93.9 99 105.6 110.4 114.9 118.5 122.6 127.8 129.7 123.1 124.6 128.9 134.1 140.6 148.7 156.1 165.2 174.1 184.9 194.7 204.2 209.9 215.5 220 230.6 239.1 244.1 249.5 253.2 261.4 269.9 272.2 274.6 276.2 271.5 275.5 278.8 276.3 269.1 261.7 254.7 252.6 244.7 237.7 227.9 216 202.5 193.6 183.8 175.9 168.1 158.9 157.7 159.6 157.3 147.5 152.3 163.7 172.3 171.1 168.4 167.7 174.2 177.1 174 173.3 170.2 166.1 163.6 164.9 170.8
50.4 54.3 56.4 55.4 59 63.5 71.6 77.7 83 86.8 90.1 95.7 101.7 106.9 112 119.2 123.8 129.8 134.8 128.9 119.9 123.3 126.5 130.2 135.6 143.5 150.2 159.9 168.8 179.5 189.8 197.5 204.8 210 219.8 229.9 237.5 243.6 248.2 252.7 260.7 270.2 273.2 270.4 274.1 274.4 282.2 284.1 280.7 272.2 258.1 251.1 249.9 241.2 231.5 227.4 216.3 203.3 192.2 182.5 172.6 168 162.2 163 162.6 157.3 147.7 152.4 161.8 163.9 159.6 156.9 157.8 161.9 165.4 166.2 168 163.9 161.8 161.5 166.2 168.2
55.8 59 61.1 62.5 63.5 64.8 71.4 77.3 81.7 86.3 90.6 97.4 103.3 109.1 114.6 126 133.2 141.3 134.3 124.1 118.9 120.5 123.7 128.5 134.8 142.8 149.2 156.9 165.4 174.7 185.1 193.5 199.6 205.8 216 227.1 234 245.5 248.8 250.6 259.4 267.7 268.7 268.8 271.7 274.1 280.1 282.3 276.4 271.4 256.3 247.7 242.8 235.1 228.1 220.2 211.6 202.2 190.5 180.2 171.1 165.1 166.2 168.6 162 155 149.8 150.5 155.2 153.2 145.4 146.5 147.8 150.6 154.3 158.4 158.1 158.6 157.9 158.8 162.3 164.1
58 61.1 64.1 67 69.4 68.6 71.3 75.2 80.1 84.6 87.2 98.1 106 112.3 119.2 129.1 132.4 131.5 128.4 120.2 116.5 118.4 121.7 128.5 137.2 146.8 151.7 157.6 165 173.5 180.8 188.5 196 202.9 211.4 221 229.8 242.1 245.9 247.3 255.3 260.3 262.8 263.5 265.4 271.5 275.3 278.1 275.5 266.6 250.7 243.8 237.9 233 222 214.6 205.9 196.5 187.5 178.5 166.8 166 173 172.6 166.2 153 146.6 144.5 146.6 142.4 141.5 143.1 140.9 142.1 146 150.5 148.3 152.7 152.9 153.9 156.9 157.7
59 63.3 67.8 70.3 73.8 75.2 71 74.9 80 85.5 88.5 95.4 114.6 122 125.5 121.4 120.8 123.2 122.2 115.3 113.7 116.3 120.2 128.8 142 151.2 155.8 161.6 170.6 174.2 178 183 190 196.7 207.3 216.5 226.8 236.1 239.3 242.9 251.4 253.8 258 259.5 261.4 266.4 269.6 271.4 266.2 257.8 245.8 239.6 235.3 228.6 216.7 209.9 199.8 190.1 178.9 171.9 160 168.7 172.4 171.4 163.2 147.3 140.3 139.2 139.1 142.1 143 142.4 141 141 142.3 143.2 141.7 145.9 144.5 148.6 150.9 149.9
62.2 68.9 73.1 75 82.8 79.4 73.6 75.2 80.8 86.9 84.1 84.8 99.3 110.3 113.6 111.5 112.2 115.4 113.3 110.7 110.3 114 118.7 132.8 150.1 158.7 160.3 167.1 172.4 171.8 174 177.7 182.8 190.7 200.7 210.7 219 228 230.6 236.8 244.4 248.8 251.8 256.6 258.2 262.2 265.8 264.9 259.2 250.3 241.9 235.1 230.4 223.5 211.8 202.3 189.4 181.8 172.5 165.6 160 167.6 167.8 165.6 156.9 142.4 137.7 137.9 136.4 139 140.3 144.3 146.1 143.6 141.6 140.1 140.2 139.2 139.3 142.5 144.9 146.6
66.5 74 79.6 83.3 85.2 79.9 74.1 75.3 81 84.2 79.6 74.4 83.4 92.4 100.9 103.4 104.1 107 105 106 106.9 109.1 114 134.7 154.9 165.7 166.8 170.8 171.4 168.6 171.1 174.8 177 183.6 193.3 203.9 212.5 215.7 222.6 231.1 238.3 244.6 247.7 251.6 252.2 255.3 260.4 258.1 252.6 242.7 237.7 229.6 224 216.5 205.1 194.8 182.5 173.3 164.7 158.8 155 160.9 160.8 156.6 146 137.9 133.8 136.7 137.8 135.9 136.3 141.2 142.3 144.5 143 140.1 140.2 137.7 136.7 137.7 140.4 148
69.5 78.8 84.8 89.3 84.7 77.3 71.8 71.6 74.7 74.6 74 72.6 77.2 83.8 91 95.8 97.7 97.6 98.3 100.5 100.6 106.6 118.4 133.1 152.7 164.2 164.6 167.8 168.5 169.4 172.1 173.3 174.6 178.5 186 196.8 203.8 209.3 214.5 224.2 231.8 238.8 244.2 246.5 251.8 250.7 252.7 253.6 245.1 239.7 232.3 225.4 218.1 209.9 199.1 189.4 176.5 166.8 157.9 153 150.9 152.6 150.4 143.6 139.2 136 133.2 135.8 137.5 138.3 138.5 138.8 138.3 140.9 142.1 140.3 139.8 138.1 136.5 136.2 140.3 148.1
76.7 83.5 87.1 85.1 82.4 73.1 68.5 66 66.3 67.3 69.1 73.1 76.4 81.2 87 90.2 91.9 92.5 92.9 96.3 100.5 107.7 115.5 125.5 143.8 155.3 158.7 162 167.5 174.2 177.4 178 175.5 177 180.3 189.4 196.7 203.3 208.7 217.6 224.9 232.5 237.7 241.7 240.9 243.6 245.9 244.7 242.9 237.9 227.4 222.5 213.8 204.5 193.8 186.3 176.2 167 154.6 147.3 145.7 147 146.2 141.9 138.9 136 134.1 132.9 135.5 137.3 140.1 137.9 137.5 139 141.1 143.8 144.1 143.4 138.7 136.1 140.2 148.6
79.5 85.1 82.4 78.1 73.8 64.4 63.1 62 63.1 66.6 68.9 73.3 77.2 80.7 84.1 86.1 89.3 94.5 98.9 101.2 104 108.4 113.9 119.4 130.9 143.3 150.5 160.5 170.1 178.1 182.5 181.9 177.1 176.7 177.9 182.6 190.2 196 202.7 210.4 217.1 225.1 230.7 235 236.2 237.1 239 241.7 242.2 235.4 225.4 217.9 210 201 192.1 184.4 173.7 162 152.2 146.3 143.7 144.3 143.4 142.1 140.1 136.4 132.2 132.5 135.8 139.1 142 139.1 138.4 141.1 143.5 146.7 148.8 148.4 143 138.6 139.4 146.6
70 73.5 74.6 71.4 68.6 62.5 60.4 60.4 62.8 65.3 70.7 75.3 78 80.2 78.8 81.3 92.4 99.5 103.2 104.6 105.9 108.3 113 118.8 126.7 134 145 164.4 173.7 180 183.7 185.2 181.8 175.6 175.8 177.8 183.1 188.4 196.3 202.5 210.4 216.8 223.8 228.9 231 231.9 234.8 237.8 237.8 229.4 220.8 212.5 206.2 198.7 190.8 181.3 172.2 165.9 156.6 149.1 144.8 141 139.4 139.4 138.7 134.1 137.1 137 140 148.4 151.5 148.8 139.1 141 144.9 149.1 152.6 150.3 144.9 140.5 138.5 144.2
56.5 63.2 65.5 65.3 64.4 61.8 60.8 59.2 60.9 63.8 77.7 79.7 82.1 80 74.3 85.5 97.2 105.8 107.6 108.6 111.9 110.3 111 117.6 123.4 126.8 136.4 154.1 171.8 176.1 178.6 182.2 181.2 179.3 172.1 171.9 176.3 181.7 189.6 196.8 202 209.9 217.1 222.4 224.4 227 229.8 233.1 234.7 225.9 216.1 208.9 203 196.5 188.1 177.4 168.1 163.6 159.3 153.1 147.6 143.1 135.8 137.2 137.3 136.7 141.8 144.5 152.7 157.1 157 152.3 142.4 139.2 143.8 151.1 152.6 150.2 144.8 140.6 138.7 145.8
50.5 54.5 58.8 62.8 64.4 66.1 65.8 62 59 67.4 83.5 86.5 84.9 79 72.9 85.3 99.4 108 113.3 113.9 112.1 109.2 109.7 113.1 116.4 120.6 127.5 141.1 156.5 168.8 174.7 176.5 174.7 175.5 171.7 166 169.1 176.1 183.9 190 196.6 204.1 211.7 216.1 219 222.4 224 226.7 228.3 226.4 215.2 207.9 201.7 193.2 183.1 175.5 168.9 162.2 158.5 154.2 149.2 143.9 137.2 136.1 135.7 137.6 143.8 150 154.1 159.2 157.9 153.2 144.9 138.8 141.2 145.8 147.2 146.7 142.6 138.5 140.4 148
49.1 55.9 60.8 64.3 68.2 71 69.7 64.9 60.8 66.5 79.4 83 80.3 75.9 69.3 79.7 93.6 105 109.5 108.5 106.7 105.2 107.7 110.1 113.6 116.6 122.6 130.3 141.5 156.7 170.4 170.6 166 166.7 164.7 160.4 164.2 169.3 177 184.8 191.7 198.8 207 211.9 215.4 218.4 221 221.7 220.7 222.4 209.6 205.6 200.4 194 185.7 176.1 168.4 161.6 157.7 153.3 148.8 144.4 144.1 136.6 134.5 134.2 146 154.9 159 161.1 155.5 151.8 145.7 138.8 137.4 140.7 141.3 141.1 138.9 134 141.3 146.7
51.9 57.7 62.5 67 71.6 75.2 71 66.1 61.6 59.4 68.7 74.3 73.1 68.1 66.8 73.8 88 97 100.4 99.3 102.7 106.1 108.6 108.8 110.1 113.2 119.1 124.5 131.9 145.1 158.9 163.2 160.4 158.2 158.6 157.2 160.4 164.1 170.9 178.5 184.6 192.8 201.8 209.2 211.7 215.5 218.3 217.3 214.1 211.5 202.6 199.2 195 193.4 187.6 176.6 169.9 161.1 155.7 151.1 147.1 146.4 146.6 137.1 133.8 133.3 142.8 149.4 155.4 158.6 153.2 148.6 144 138.8 134.3 135.5 135.5 134.3 133.4 132 138.7 142.7
49.9 57 66 70.3 75.8 76.1 70.3 65.5 60.5 56.4 60 61.9 62.3 62.8 64.4 69.5 78.7 84.4 88 96.7 103.5 109.9 112.9 114.6 109.4 108.7 115.8 119.4 123.7 134.7 144.2 150.9 152.3 148.4 149.3 152.7 159.9 163.4 171.3 177.9 186.4 191.4 198.9 205 207.5 207.5 210.8 210.7 206.3 201.4 199.1 193 188.1 188.9 185.2 174.6 169.4 159.8 151 146 143.1 149.9 147.9 140.6 140 138.5 136 139.1 144.2 150.3 151.8 146 141.8 137.9 132.2 131.3 131.3 129.3 128.5 129.7 132.8 135.1
49.1 56.6 69 74.3 73.3 72.2 68.4 63.4 55.1 54.9 56.7 58.2 60 61.4 63.4 67.2 72.3 78 87.3 96.7 107.9 112.8 115.8 116.4 110.8 105.9 111.5 114.9 119.8 127 132.9 136.9 138.3 140.8 142.8 148.3 155.2 161.7 171.6 178.6 188.5 194.8 199.6 202.7 204 202.5 200.8 202.3 198.6 193.8 188.2 185.2 182.4 181.3 180.2 169.9 164.1 157.4 150.7 140.1 141 150.3 149.8 145.8 146.3 144 140.3 137.1 135.1 141.9 147.4 143.2 136.7 133.7 128.6 132.7 130.4 127.9 127.2 127 129 129
51.4 54.6 63 65.6 65.2 64 60.5 56.6 53.1 54 55.4 59.4 63.4 63.7 64.2 66.6 72.4 78.6 88.3 101.9 110 115.1 118.4 115.9 108.8 102.7 106 111.8 117.5 123.9 127.9 130.1 132.8 136.9 139.5 143.6 150.3 159 168.2 175.1 184.4 191 195.9 199.5 200.1 197.7 193 194.2 193.9 187.8 183.7 178.5 176 174.2 172.3 165.1 158.1 152.3 147.3 137.4 141.8 149 150.8 152.5 152.2 147.3 144 140.4 135.7 134.4 141.1 137.2 132.1 128.8 127.9 133.3 135.9 134.9 131.5 127.3 124.7 125.8
51.6 52.1 54.8 54.7 54.3 50 51.4 52.6 51.8 52.8 57.2 61.7 64 65.5 65.8 67.1 73.3 80.6 88.3 103.6 109.6 113.4 113.3 111 103.2 96.6 99.5 105.5 112.4 116.2 123.5 126.5 130.2 133.1 135.9 140.4 150.1 158.5 165.9 173.9 181.3 189.1 194.2 195.4 195.9 192.9 189.5 186.8 188 182.2 177.3 173.6 171.5 168.9 165.1 158.9 150.7 147.2 142.7 135.7 139.1 145.1 148.6 155.6 157.7 151.3 145.9 142.5 137.9 133.5 136 132.2 128.8 127.1 131.8 138.3 143.1 140.8 136 131.2 125.1 123.1
45.2 46.7 47.3 47.7 48.6 49 49.8 51 50.8 51.2 51.6 52.4 54.6 56 55.9 60.7 69.1 77.5 94.7 101.6 103.7 104.6 103.2 99.3 91.9 90.9 91 96.8 104.8 113.8 120.7 124.5 127.2 130.4 133.4 137 149.1 157.8 164.3 169.4 179.6 187.2 189.3 190.7 190.6 189.2 183.7 179.8 179.5 173.9 170.4 168.2 164.2 162.9 158.7 152.6 147.2 142.8 138.5 133.9 137.2 141.1 148.1 154.6 160.4 155.2 148.6 143.2 138.3 133.5 129.1 128.7 127.1 130 137.2 143.4 149.9 144.8 138.8 134.3 127.5 124.4
45.2 45.4 46.5 47.4 48 48.3 48.9 49.5 49.7 50.6 51.2 51.8 53.2 54.2 54.8 55.4 56.5 62.1 77.9 85.3 90.4 91 87.6 79.6 87.9 95.9 100.5 104.1 107.9 114.2 117.8 121.3 123.4 127.9 127.5 133.9 148.1 153.1 158.6 163.5 171.2 180.3 183.8 185.7 187.1 182.8 177.2 175.4 173.4 172.3 166.6 163.5 160.4 157.7 153.1 146.9 142.6 138.5 134.4 131.6 136.3 138.5 146.7 153 161.9 156 149.6 143.6 137.6 131.7 129.2 127.9 126.9 131.9 137.2 143 147.8 146.8 140.5 135.7 130.2 126.7
45.6 46.1 46.6 47 47.4 47.8 48.3 49.4 51.1 54.2 54.4 52.3 53 53.9 54.8 55.6 56.7 58.4 62.9 73.3 77.2 76.1 75.6 85.8 93.9 100.5 105.6 108.9 111.8 116.4 118.8 121.1 121.6 123 125 132.4 143.1 148.9 150.7 161.1 170.1 176.6 177.3 176.9 179.5 176 170.8 170.6 172 171.8 165.5 161.2 156.1 151.7 148.5 142.9 135.4 131.1 127.5 130.4 133.6 135.6 145.2 153.8 160 153.5 148.7 142.2 137.3 132 129.2 126.7 126.7 132.4 136.3 139.9 143.8 146.6 140.7 135.8 132 127.7
45.2 45.9 46.3 46.8 47.7 48.8 50.7 52.8 57.4 60.7 61.9 62.1 58.4 53.6 55.4 55.7 56.3 58.3 61.1 63.8 68.5 76.4 84.7 90.2 97.9 103.5 107.4 111.1 114.9 118.3 121.6 123.1 124.6 124.3 125.9 132.9 138.7 144.6 150.7 164.6 178 178.9 175.4 170 171.3 168.5 166.4 166.6 167.8 169.9 164.1 158.9 152.4 147.3 143.3 140.1 134.6 129.1 125.2 128.4 130.8 137.2 147.6 153.5 157 152.4 145.8 142 138 133.3 129.3 126.4 128.9 134 136.8 140 142.5 143.1 140 135.6 132.3 127.1
44.6 45.6 46.3 47.2 48.9 50.4 52.3 58.9 62.1 63.5 65.1 65.8 66.8 66.8 54.8 55.6 56.4 56.7 59.3 65.5 74.6 81.5 90.7 92.6 99.5 105 109.1 112.8 116 119.8 123.2 126.5 129.1 129.1 130.1 132.5 136.3 141.2 152.5 166.3 178.7 174.1 170.8 169.3 164.6 159.6 160.8 162 163.3 168.6 165.4 157.6 149.5 145.9 141.6 135.6 134.8 130.9 123.8 124.3 125.2 132.9 143.5 149.8 151.7 148.9 142.7 139.6 137 132.9 126.5 128.7 133.3 136.7 142 144.3 147.1 145.4 140.2 135.5 132 125.9
45.6 47.6 49.5 50.1 54.3 59.2 59.1 62.4 64.6 65.8 67.3 68.7 70 71.3 72.8 69 61.9 57.8 57.5 65.7 76.5 83.9 88.4 91.4 98.7 107.3 111.5 114.8 118.2 122 124.9 128.2 133.1 133.5 130.5 130.9 134.3 139 151.8 167.5 172.2 168.9 167 164.4 159.1 156.1 153.1 157.2 159.2 163.7 163.5 152.1 144.4 142.1 139.4 136.8 130.8 129.2 124 119.7 124.2 129.8 136.2 143.9 145.7 143.4 140.3 137.4 135.1 131.5 128.9 135.1 140.1 143.7 148 149.1 149.1 146.6 140 135.6 132 127.6
48.8 53.6 56.9 57.8 62.7 65 65.2 66.4 67.8 69.4 70.6 72 73.8 75.6 79.6 77.3 72.7 59.8 58.1 61.7 78.3 85.7 89.2 92.7 99.8 107.7 112.7 116.6 120.9 124.3 127.1 132.4 137.8 137.5 133.9 128.7 131 137.7 146.1 154.8 162.3 162.4 162.3 160.7 157.1 152.3 149.3 151.3 155.3 157.6 155.6 147.9 142.6 135.9 133.2 132 127.7 124.5 120.7 117.8 121.6 126.3 130.5 135.6 137.9 137 135.6 134.6 132.4 125.8 131.9 138.8 143.8 148.8 150.6 150.8 149.9 146.1 140.2 136.1 131.3 127.7
51.6 55.9 60.1 63.1 65.3 68.2 69.4 70 71.7 72.9 74.8 77.4 79.2 80.3 82.8 81.4 77.9 68.9 59.7 58.8 71.9 86.2 89.8 93.4 98.9 105 111.2 115.1 119.9 125.2 134.7 138.8 140.4 137.8 133.8 128.7 130.9 137 139.1 148.1 151 155.8 158.3 157.1 153.4 150.3 146.7 147.6 153.9 153.9 147.6 144.1 139.3 132.2 130 127.8 125.5 121.7 119.3 117 115.7 124 127.2 130 131.9 131.7 131.2 129.8 128.9 123.7 134.8 142.7 146.7 145.2 145.8 146.5 147 145.3 140.4 135 130.6 126.9
55 60 64.3 66.8 69.3 71.7 74.2 75.6 75.5 77 79.3 82 84.6 86.1 87 86.3 81.7 73.8 62.1 59.3 64.6 80.2 89.3 91.4 95.9 102.4 108.8 112.9 118.1 126.4 131.8 135.3 135.8 136.9 134.5 128 128.1 132.2 135.5 140.8 146.6 155.7 160.6 157.1 153.5 149.4 146.1 146.4 150.6 148.7 145.3 141.4 135.8 130.8 128.9 125.8 125.3 126.8 121.3 115.5 114.2 119 122.7 124.6 126.5 127.3 127 125.3 123.1 125.2 133.5 139 143.2 138.4 139.3 139.7 140.8 142.1 139.7 134.7 129.8 125.8
60.8 64.9 69.2 74.6 76.3 78.2 79.4 79.6 80.1 81.1 84.9 86.8 89.5 92.1 92.7 90 85.3 74.3 60.3 59.9 64.6 76.2 86.4 90.8 92.6 95.9 101.9 107.2 113.8 119.4 124.6 128.9 130.5 133.6 133.8 128.1 127.6 130.9 133.7 138.4 147.3 153 157.6 157.9 154.6 151.2 147.7 144.8 147.7 145.2 141.4 137.2 131.6 128.7 126.9 127.8 132.1 129.9 122.2 114.3 112.6 113.6 117.8 121 122.6 122.7 122.5 121.5 119.9 122.5 128.7 132 132.3 131.9 134.2 135.4 136.9 138.1 136.4 132.5 128.5 124.4
66.9 70.9 76.9 83 83.6 85.8 84.8 84.9 84.9 88 91.7 92.5 95.8 97.7 98 94.1 87.9 73.4 60.7 60.9 72.7 78.5 86.1 92.3 93.6 94.3 96.1 102.4 108.7 113.6 118 122.4 126.3 129.2 131.8 130.5 127.6 129.2 130 134.4 141.7 148.3 152.6 156.7 155.5 151.5 146.8 142.2 143.6 141.8 138.4 134.4 130.5 128.2 127.2 130.5 131.9 126.5 121.4 113.7 111.4 111.2 112 116.5 118 117.7 118.1 120.3 119.7 120.5 121.8 119.2 124.8 127.8 129.5 130.5 132.7 133.4 132.2 130.3 127.7 126
72.7 81.6 88.9 92.3 93.8 92.8 91.4 91.1 91.4 94.3 93.6 93.9 93.1 93.9 94.6 94.7 87.2 71 61.4 66.2 75.2 79.3 83.8 90 97 98.3 95.6 101 107.1 111.6 115.3 120 123.8 126.6 130.2 134.3 131.2 126.3 128.2 132.1 137 144.7 149.8 153.5 153.2 151.1 146.6 143.1 139.1 138.2 136.1 133.7 131.5 128.9 127.6 132.9 129.6 123.7 118.9 113 109.7 109.2 109.8 114.5 117.4 119.5 122.3 122.5 119.7 116.3 117.7 116.6 120.8 122.9 125.2 125.7 126.9 126 127.3 125.9 126 128.1
85.9 96.7 104.3 106.3 101.9 99.1 96.9 96.2 96.1 94.5 91.8 89.3 89.3 90 90.3 90.2 83.6 67 62 67.3 75.1 78.4 83.7 89.7 97.1 103.8 99.2 97.7 104.9 107.7 113 117.2 121.3 129.3 132.8 137.4 133.2 126.7 126.2 128.5 132.9 141.4 149.6 148 147.7 148.2 144.9 142.6 137.7 136.8 136.1 135 133.2 129.9 128.4 131.2 126.3 119.2 114.7 109.7 108.8 108 112.6 115.7 119.6 125.4 129.4 128.8 125.2 121.2 115.6 114.4 118 120.4 121.6 121.7 121.9 121.9 122.1 122.1 125 129.4
102 112.8 119.1 121 114.8 109 103.8 101.4 98.2 93.1 89.1 85.6 84.8 85.6 86.1 86.1 82.9 66.3 63.2 64 72.2 77.6 83.4 90.3 96.6 100.8 98.8 96.9 100.6 105.1 109.3 113 115.8 130.2 136.2 136.9 133.9 124.2 123 124.6 127.8 136.2 143.5 140.9 141.4 142.5 142.4 140.3 137.5 138.2 139.5 138.2 134.7 131.6 127.3 125.5 121.2 112.7 108.1 108 108 108.8 112.7 116.7 123.8 128.6 132.7 132.5 128 123.3 118.4 113.4 114.4 117.8 117.8 118.8 119.1 118 118.3 119.6 122.5 126.2
117.8 126.9 134.4 135.5 133 124.1 115.3 106.3 100.3 94.5 89.4 85.3 82.4 81.6 81.7 80.8 78.1 71.4 64 63.3 63.8 71.2 80.3 86.4 90.9 94.2 93.7 92.5 99.8 104.6 105.9 109.2 113.6 123.1 127.8 128.5 125.7 120.3 119.7 120.6 122.7 130.1 135.4 135.6 135.5 136.5 135.7 135.9 136.6 141.7 143.5 140.6 136.5 131.7 126.6 119.1 115.5 109.2 107 107.1 107.5 107.8 111.1 119.3 129.2 133.6 138.1 136 130.4 123.4 119.7 114.7 112.1 112.2 114.4 115.6 115.5 114.8 114.4 116.2 119.1 122.3
