GeneralExemplars/GeoExemplars/data/LakeDistrict/terrain-50-dtm_3563996/sd/SD58.asc
ncols 200
nrows 200
xllcorner 350000
yllcorner 480000
cellsize 50
[rows 0 to 35 of 200, columns 82 to 163 of 200]
112.9 115.6 114.6 112.9 111.8 107.2 103 113.5 124.6 133.8 136.5 132.2 121.8 110.3 100.8 102 103.8 102.7 98.6 100.2 105.7 111.8 108.7 110.4 115.2 112.5 110.6 104.6 103.8 103.4 103.8 105 105.4 108.2 111.7 108 108.1 118.1 121.5 118.5 116.1 114.6 115.3 117.4 119.3 124 133.6 143 157.3 160.2 163.6 170.4 174.7 181.3 180.2 177.3 174.4 171.4 170.6 173.8 183.3 188.2 196.8 199.4 199.7 202.1 204.6 206.6 209.7 212 214.3 218.3 215.2 212.1 207 204.1 202.5 199.1 198.4 197.6 187.7 184.2
108.1 109.9 107.7 106.8 105.4 101.2 102.2 113.8 122.7 130.9 131.4 124.6 114.7 102.2 99.1 100.9 100.2 98.9 98.3 102.7 111.8 104.8 101.7 109.2 108.8 106.9 104.8 103.4 104.6 103.1 103.7 104.8 111.6 120 122.9 111.8 108.3 111.8 112.8 111.5 112.3 113.7 116.4 121.7 124.4 128.3 135.3 141 148.4 152.8 157.6 163.1 169.5 179.5 178 173.5 170.2 171.7 174.6 179.4 186 191.5 194.1 195.4 199.7 203.6 206.9 210.8 213.3 215.7 216.2 223.5 220.5 214.5 210 208.5 201.8 198.6 194.1 191.1 185.2 188.1
105.9 104.9 103.4 101.9 99 99.6 101.7 111.6 120.4 126.2 123.2 115.7 106.4 98.3 96.8 97.8 99.5 98.9 98.8 105.3 108 101.1 102.4 106.2 102.6 101.9 102.3 104.2 103.7 102.9 103.3 110.1 120.9 127.5 121 111.4 109.1 110.1 110.7 111.8 117.8 120.1 121.7 124.6 127 130.6 136.8 140.5 144.1 146.9 149.4 153.5 160.2 171.8 170.4 167.2 172.1 176.9 180.2 182.9 185.6 189.1 190.8 195.3 198 204.1 209.4 214.1 218 221.4 221.7 224.9 222.4 217.1 212.9 207.7 197.5 192.7 189.3 186.9 188.7 194.9
105 103.9 100.7 98.1 97.8 98.1 103.2 109 116.6 118.6 113.5 105.8 98.6 96.6 96.6 98.6 99.1 98.1 101.2 110.2 101.9 100.2 102 101.4 100.4 101.5 103.2 103.4 103.4 102.6 104.4 119.3 127.5 128.4 116.6 109.1 109.2 109.9 111.2 117.4 120.1 122.4 124.8 127.4 130.6 134.5 136.3 139.1 141.7 144.7 146.1 148.1 152 161.3 160.1 166.2 173.3 182.1 184.1 180.6 181.9 183.7 190 191.6 198.3 205.4 212.2 217.2 222.1 226.4 221.9 225.5 222.7 216 211.4 197.7 197.1 186.8 186.5 185.7 191.1 197
107.9 103.9 100.7 97.1 96.7 98 104 109.4 112.3 109 103.5 97.6 96.6 96.9 97.3 97.9 98.3 98 103 102.4 99 99.1 99.4 99.5 99.9 101.5 102.4 102.2 102.1 103.5 115.6 125.7 128.2 123.3 109.5 109.5 111.6 117.8 115.8 119.9 122.3 124.8 127.9 131.5 134.4 137.6 138.7 140.8 142.7 145.2 147.2 149.2 150.4 154 160.1 171.2 178.3 186.2 182.1 175.3 176.4 182.6 187.1 191.8 202.2 209.9 216.5 222 224.6 224.8 221.4 221.5 217 209.7 202.7 196.1 191.1 185.9 185.4 186.9 192.9 196.2
113.6 105.8 100.9 97.2 96.9 97.4 100.3 109.4 106.1 101 97.4 96.7 96.6 97 97.2 97.9 97.3 98.5 103.3 98.4 98.2 98.8 99.2 99.8 100.5 100.3 100.7 101.1 102.7 111.7 123.3 126.8 120.6 117 112.8 115.6 121 121.8 118.7 120.9 123.8 127.8 131.8 135.5 138.1 141.1 141 142 143.5 146.5 150 153.2 155.7 159.6 164.1 171.8 183 183.1 176.6 174.5 176.8 180.7 183.5 194.9 205.8 213 217.9 221.4 220.1 219 213.5 213.8 210 201.6 194.9 194.3 186.1 185.7 185.5 188.2 197.9 197
111.5 104.7 103.2 99.6 98 96 98.2 101.2 99 97.3 96.8 96.7 97.6 98.9 101.2 101.1 101.6 99.9 98.2 97.8 97.9 98.6 100.4 102.3 100.6 99.5 102.4 102.8 107.7 119.6 122.1 120.2 120.3 121 125.4 130.3 131.7 124.8 118.3 121 125.1 130.1 136.4 139.7 144.9 147.7 142.9 142.8 145.8 150.3 154 157.4 160.5 162 165 171.1 179.6 177.3 174.2 177.2 177.9 176 181.7 194.3 202.1 206 207.9 209.5 210.5 210.1 205.6 202.9 198.4 193.1 194.3 186.5 186.4 185.7 185.6 190.8 196.9 193.7
105.3 100.4 98.3 99 97.8 96 96.5 96.6 99.5 100.2 99.8 101.7 104.8 106.3 111.9 106.7 98 97.8 96.9 97.7 97.7 98.8 104.2 105 99.4 99.2 101 101.8 113.7 119 116.6 120.8 125.4 127.9 132.7 140.1 138.4 131.6 123.4 119.9 127.8 135.6 141.7 145.3 147.9 146.5 142.8 144.1 148.5 152.6 157.3 161.4 166.2 164 162.2 166.5 171.6 171.5 177.4 178.8 174.6 171.7 179.7 187.5 192.9 195.2 195.7 197.7 200.3 200.2 196.8 193.9 192.5 193.4 187.2 186.7 187.1 189.6 189.5 192.5 194.3 188.8
100.4 96.2 96.1 97.5 95.9 95.2 95.5 99.9 106.3 105 105.9 109.2 113.5 118 112 108.1 99.1 97.1 96.8 97.1 98.1 102 110.4 103.8 99.4 99.4 100.3 108.1 114.8 112.8 118.5 124.7 129.7 134 139.4 145.9 141.3 133.2 123 120.7 130.2 139 146.8 146.7 143.1 142.4 140.8 145.1 150.1 155.5 161.7 167.5 166.4 162 158.7 160.1 164.7 171.5 176 173.1 169 169.8 173.5 175.9 179.1 182.9 187.3 190.6 190.2 192.5 193.9 192.3 192.3 189.1 187.8 189.6 191.3 194.5 197 197.5 190.9 182.6
98.6 95.3 94.8 95.1 94.6 94.8 99.1 108 109.5 107.8 112.6 116.4 123.5 123.9 113.7 105.3 98 96.7 96.5 97.8 101.1 108.8 110.9 100.4 99.4 99.7 102.6 111.4 108.4 112.2 121.1 128.4 134.2 140 145.7 144.3 137.5 131.7 123.6 124.2 130 136.8 138.5 141.3 138.7 137.4 139.6 143.2 147.1 154.7 162.6 166.5 163.7 160.2 159.2 160.5 163.1 169.5 170.6 170 168.3 168.3 167.8 168.9 171.4 176.7 181.5 181.7 185.8 189.9 190.7 190.1 190.9 188.6 193.4 195.4 197.5 200.8 203.4 205.8 193.6 189.7
96.4 95.7 94.7 95.6 95.3 94.7 104.7 111.7 111.1 114.8 120.2 125.7 130.5 121.8 111.3 98.4 96.6 96.3 96.9 97.9 106.1 111.5 110.7 102.9 99.8 100.8 108.2 107.6 104.6 111.9 119.3 133.3 141.1 148.8 147 140.1 133.2 128.5 121.6 123.5 126.4 130.1 132.5 134 133.8 135.6 138 140.1 146.1 154.3 158.3 161.4 158.9 160.2 161.9 164.2 166.4 170.5 174 175.1 174.9 167.7 168.4 171.5 174.9 179.8 180.4 181.2 185.3 187 187.4 189.8 187.4 193.3 197.4 200.7 204.4 210.7 211 206.5 200.2 197.8
99 103 95.9 94.6 94.5 95.8 109.8 114 112.7 123.7 129.3 131.5 125.6 115.5 105.2 96.7 95.8 96.2 96.8 101.4 113 116.2 110.9 107.5 103.3 102.3 108 103.1 105.5 108.6 119.3 136.4 147.5 150.3 143.7 137.6 130.8 124.9 120.4 119.7 121.5 125 123.1 125.9 130 133.8 135.7 137.9 146.7 147 153.2 153.2 158.8 161.4 164.3 167 169.3 174.4 179.4 180.7 177.9 169.4 169.2 174.9 178.8 184.1 186.5 185.9 184.1 185.3 187.2 188.3 188.7 195.5 200.9 204.5 209.7 212.7 208.8 204.2 200.6 195
103.6 101.5 94.7 94.3 94.2 100.3 111 111.5 115.8 126.5 130.3 124.2 114.4 105.1 98.8 95.9 95.9 96.4 98.4 106.9 120.4 117.9 112 108.4 105 103.4 104.9 101.8 104.1 103.7 116.4 133.5 142.5 145.2 138.9 132.9 126.1 121.7 118.1 114.6 115.6 117.2 119.4 124.7 127.2 128.7 130.2 132.2 144.4 146.9 148.4 155 159.4 162.8 165.9 169.5 173.5 178.5 182.4 181.7 176 168.3 174.4 177.5 185.3 191.9 194.2 192.7 189.2 188.2 183.3 185 190.4 198.1 205.7 210 209.8 207.3 201.3 199.3 196.1 186.4
107.9 100 93.6 94 94.2 103.4 109.6 108.7 113.2 120 121.7 115 105.1 98.4 95.8 95.4 95.4 96.6 103.6 112.7 121.3 120.6 113.1 106.4 103.6 103.1 103.4 100.4 101.5 107 114.9 125.7 134.6 137.5 132.9 125.6 120.7 117.6 114.5 115.8 118.5 120 120 122.6 127.1 128.8 130.4 132.2 134.2 146.8 147.1 158.2 169 165.3 169 173.4 178.6 184.7 179.9 175.6 170.7 167.3 175 182 190.7 196.4 200.2 198.1 195.9 189.1 184.8 182.1 188.9 194.5 199.2 202.9 201.6 198.2 196.6 196.4 195.2 185.5
108.6 96.7 93.5 93.4 95.7 105.6 105.4 106.7 111.6 115.2 110.6 105.6 100.3 95.5 95.2 95.3 95.5 101.3 109 116.6 124.5 122.1 113.2 103.4 101.8 101.7 102.1 100 100.3 106.1 112.8 115.5 124.9 130.2 125.1 119.1 116.4 113.7 114.7 120.3 121.8 123.5 125.4 128.2 127.6 129.5 130.7 132.3 137 146.4 147.3 156.4 170 167.7 171 175.4 182.1 183.8 175.5 170.4 166.6 170.7 177.1 186.1 193.4 200.2 205.8 202 195 183.7 181 180 181.2 188.4 191.8 193 192.3 194.9 198.1 199.7 194.6 185.5
104.1 94.6 93 93 96.2 101.9 101.1 103.9 109.8 111.4 103.7 97.4 95.5 95.6 94.7 95.5 97.7 101.4 110 118.1 121 115.2 105.8 100.5 100.6 101 100.6 98.9 99.9 103.7 106.7 104.4 116 122.2 117.6 114.1 112.1 114.2 122.4 124.5 125 127.1 134.2 132.1 131.1 132.5 131 134.8 140.2 147.8 155.6 161.7 162.8 166.2 169.5 171.8 176.7 177 168.6 164.8 162.6 170.8 179.9 189.2 199.4 208.5 205 198.8 190.9 181.9 178.3 175.6 174.2 179.1 185 185.8 189.9 195.4 199.5 201.4 195.1 186.1
99.9 93 92.6 94.1 97.5 98.3 97.7 101 105.2 96.8 94.3 95.1 96.8 98.9 102 98.3 98.5 101.3 110.5 116.4 114.2 108 99.7 99.3 100.5 99.4 98 99 99.6 102 101.8 103.5 111 115 109.8 112 115.8 121.1 125.2 127.1 128.4 132.2 134.8 137.5 137.9 137.8 139.4 140.3 146.8 149.9 154.5 157 157.8 160.4 163.1 164.8 165.9 162.7 156.9 158.3 161.9 169.8 180.9 191.9 202.6 209.2 203.6 195.3 186.6 180.3 176.1 171.2 167.4 173.9 179.3 183 189 193.8 198.6 198.8 193 188
100.1 94.9 92.2 94.6 95.4 93.6 93.7 96.3 93.8 96.1 99.6 104.3 106 107.7 104.6 97.9 96.6 101.5 110.6 111.6 107.9 100.3 99.2 99.8 100.5 96.5 96.8 98.5 99.4 100.3 101.5 103 105.9 108 113 116.4 119.8 124.3 127.6 129.8 132.9 137.1 139.2 142.4 145.2 145 143.1 145.4 146.6 149.6 154.5 152.3 152.2 156.4 158.6 159.6 155.8 149.4 151.3 152.8 159.4 171.1 184.7 197.5 205.2 208.7 202.6 189 180.8 178.8 173 168.7 164.7 169.4 174.8 182.1 187.3 190.8 194.6 193.3 189.4 185.9
96 92.5 91.7 93.2 92.6 93.4 94 93.4 98.7 108.4 111.9 114.5 117.4 113.1 101.6 97.1 95.7 102.5 106.8 103.4 99.2 98.7 99.5 103.2 101.3 94.6 96.6 97.7 99.1 101.5 102.9 103.8 106.8 110.9 115.3 119.8 123.8 127.7 129.3 133.2 137.1 141.6 146.5 151.7 150.2 149.6 150.5 145.8 143.5 147 146.7 146.7 150.3 156.4 157.8 155.1 151.8 149 149.8 151.1 160.7 171.3 184.6 195.7 199.3 199.2 193.4 181.1 177 173.1 170.4 166.2 162.1 166.1 171.6 177 180.5 185 186.4 184.5 182.6 179.9
94.9 94.1 91.6 91.5 92.4 93.8 93.1 94.1 107.4 116.1 120.2 125.4 122.8 112.2 97.4 95.7 95.7 100.7 101.2 98 97 98.4 102.5 104.1 100.3 94 96.4 97.3 99.9 102.7 103.9 107.1 110.6 113.5 120.9 125.3 129.4 127.6 129.6 134.4 139.6 145.9 151.9 150.9 147.2 145.8 143.6 139.4 137.1 141.1 142.7 147.2 156 161.6 161.1 157.4 154 148.9 148 153.2 161 168.8 178.9 188.7 190.2 190.1 187.9 180.7 175.8 168.7 162.5 160.5 160.5 162.8 166.5 168.5 171.6 173.6 173.8 174.7 177.6 180.3
94.5 92.8 91.7 91.9 93.1 92.7 92.9 97.7 113.2 120.4 126.5 128.1 119.1 105.5 95.1 95.5 96.3 97.1 96.7 97.4 97.2 102.2 107.6 103.6 95.5 94 95.8 96.9 102 106.3 109.2 110.6 113.5 117.8 124.8 129.5 127 124.7 128.2 132.5 139.7 149 151.9 147.7 144 141.1 136.9 135.5 137.4 142.8 147.4 152.2 160.9 162.5 161.8 162.3 157.7 153.2 146.9 152.2 159.5 169.2 177.3 181.3 183.4 187.4 186.8 173.5 172.5 165.9 160.3 159.9 159.7 160.3 162.1 163 164.3 165.7 165.2 168.7 177.6 186.6
93.4 90 92.3 92.4 92 92.1 92.4 102.4 115.2 122 127.4 123.7 113.7 99.3 93.7 95.3 96.5 95.8 95 95.5 98.8 106.7 106.2 99.5 93.8 94.5 95.8 97.2 104.8 108.7 111.9 114.2 118.6 125.5 127.5 126 121.4 121.9 125.5 130.6 136.9 146.8 148.2 144 141.3 138 135.6 139.4 143.2 147.1 150.7 154.6 158.9 161.7 165.4 167.3 160.4 153.5 145.6 148.5 159.9 167.8 171.2 179.5 186.8 186.4 181.4 172.5 164.3 160.7 158.6 158.6 159.5 162.6 167.3 169.6 165.9 164.4 165.4 171.2 182.9 189.9
91.9 89.4 90.4 90.8 91.7 91 93 104.3 114.2 122.3 124.5 116.8 106.9 95 93.6 94.8 95.2 95.2 95.8 96.5 103.9 106.4 100.4 93.4 93.7 94.1 95.1 99.4 104.1 109.9 113.9 117.6 121.7 127.8 128.5 123.9 118.4 119.3 121.7 126.2 132.7 141.4 143.1 140.8 138.2 134.7 136.8 141.7 145.3 148.8 152.5 156.5 160.8 167.1 168.4 167.3 160.5 152.5 143.9 146.8 157.4 163 171.8 182.2 188.6 179 170.2 169.3 161.2 159.1 158.6 160 163.6 168.9 173.6 172.6 168.1 164.4 168.8 176.7 183.7 191.5
90.4 89 89.9 90.9 90.7 90.3 93.9 105.8 113.5 120.2 117.1 109.2 98.6 93.5 93.9 94 95 94.9 95.3 98.1 103.9 101.1 94.2 93.2 93.6 93.7 96.5 98.8 103.9 110 115 120.1 124.2 128.8 126 121.7 117.7 115.7 116.9 120.6 127.6 135.3 138.4 136.9 134.8 130 137.9 143 147.7 151.5 155.7 159.8 165.8 169.4 166.9 159.4 153.5 145.4 140.7 142.9 151.6 159.4 171 183.8 184.2 173.1 169.4 164.9 160.1 159.9 160.9 163.4 168.5 176.5 176.2 171.8 168 163.8 169.2 177.1 183.3 191.9
89.4 88.7 88.5 89.4 90 91.4 95.2 105.3 111.3 114.5 107.4 98.3 92.9 92.5 92.8 93.6 95.1 95.2 95.6 99.2 99.8 95.2 93.2 93.4 93.6 93.8 94.3 96.6 106 110.7 117 125.2 129.9 128.4 123.8 119.7 116.6 114.1 114.3 114.9 123.8 130.9 133.2 131.8 130.2 130.6 139.3 147.5 152.4 156.8 160.2 164.5 168.6 166.5 159.6 138.9 139.2 138.3 139.6 140.9 143.7 153.8 169.7 178.4 177 167 169.5 166.2 161.1 161.5 163.3 165.1 169.4 173 173.5 169.4 166.2 163.1 169.1 175.5 182.6 185.9
88.9 90 87.7 88.6 89.4 90.8 96.5 103 105.9 103.4 96.8 92.1 92.8 92.3 93.1 93.5 94.9 95.1 97.4 98.8 95.3 92.8 93 93.4 93.8 94.6 94.7 98 106 111.4 118.9 130.8 131.3 125.5 121.5 116.9 115.2 114.4 115.4 116.4 122.4 128.9 128.7 126.4 126.7 131.7 142 149.9 155.6 161.6 166.1 166.8 164.8 159 146 136.9 139.4 138.7 139.7 141.6 141.1 144.8 155.3 161.8 165.1 166.6 169.2 163.4 160.4 163.9 165.9 169.2 172.4 173.6 172.1 168.4 164 162.4 165.3 171.4 178.2 179
88.1 88.8 86.8 88.7 89 90.8 95.5 99.1 101.5 94.8 90.7 90.7 91.8 92.7 93 93.3 94.6 94.9 97.4 96.8 93.1 93.2 93.9 94.6 94.7 97.2 95.5 95.5 102.5 113.7 122.1 126.8 125.4 120.7 117.4 115 112.9 114.9 116.1 120.6 124.5 128.3 129.2 129 129.5 133.6 142 148.4 157.7 167.1 166.8 161.4 154.7 146.4 135.8 138.5 147 149.9 151.7 151.7 148.9 142.9 145.6 159.9 164.1 164.6 164.2 157.1 163.8 167.4 169.4 173.2 175.1 175.2 171.9 168.6 164.5 161.5 164.3 171.4 169.2 166.8
87.8 88.1 86 87.8 89 89.9 92.6 97.9 96 90.6 90.2 91.2 92 92.9 93 93.7 93.6 96.2 96.6 93.7 94.1 93.9 94.5 95.1 95.3 96.2 95.9 96.2 103.4 111.1 115.1 116 115.2 112.8 113 110.7 111.7 115.6 120 123.5 128.4 131 133.4 134.7 134.3 135.3 140.4 145.3 152.7 165.6 161.6 152.8 141.2 135.5 138.4 145.6 153.5 154.9 157 157.5 156.4 153.7 153.4 163 152 157.2 158 162.4 166.7 170.8 177.5 176.8 176.4 172.7 169 166.8 164.2 160.3 162.7 164.7 166.8 167
88.4 86.4 85.7 87.4 87.5 89.1 93.3 94.3 90.7 89.9 90.1 90.9 92 92.1 93.6 94 93.6 95.5 94.8 94.3 94.9 95 95.2 95.9 96.6 96.8 96.5 97.5 103.4 107.5 109 108.1 106.6 105.8 107.7 110.1 115.1 120.2 124.3 127.6 132.1 134.6 137.8 138.6 136.4 133.3 138.2 142.8 152.5 157.7 152.6 142.2 134.7 137.7 147 154.2 158 160.6 162.6 162.3 161.7 160 162.4 155.3 146.1 148.7 156.6 165.7 170.5 181.3 177.4 172.4 170.5 165.9 159.8 159.5 158.7 159.7 161.4 164.4 172.7 174.7
86.1 85.5 85.8 86.5 87.2 88.7 91.6 91.6 89.7 90.9 92.6 93.4 93.1 93.1 92.9 94.4 94.2 94.3 94 94.3 95.2 95.3 95.7 95.7 96.5 97.2 97.5 98.2 98.9 100.3 100.6 100.7 102.6 103.5 108.1 110.8 117.2 121.6 126.8 131.3 137.9 143.7 144.6 140.7 135.5 130.4 132.4 138.4 145.5 147.3 141.3 133 136.3 145.9 152.6 158 161.1 164.6 167.1 168.4 166.8 162.4 163.1 157.2 146.3 152.3 163.3 168.1 173.3 177.6 170.7 167.7 165.6 155.2 156.3 158 157.5 160.2 166 172.1 176 178.3
85 85 88.1 91 90.1 88.1 90.6 90.5 95.2 97.8 100.5 102.1 101 97.5 94.4 94.3 93.6 93.4 93.9 93.9 94 94.9 95.3 95.3 96.2 97 97.6 98.4 99.3 99.5 100.4 101.1 101.5 104.5 109.4 114.9 119.7 124.1 130.1 136.6 143.2 149.6 146.1 136.7 131.1 129.3 130 132.5 133.9 132.3 131.8 135.5 143.4 148.6 155.1 166.2 170.6 171.2 173.6 174.8 165.6 162.5 166 158.7 146.6 151.1 159.7 163.1 165.3 166.5 163.8 163 157 154.7 157.1 158.3 159.4 167.3 176.1 178 179.5 182.3
84.1 88.2 93.7 96.2 94.4 90.3 89.7 94.1 98.9 103.6 110.1 112.9 112.2 105 95.8 93.8 93 93.2 93 93.4 93.9 94.3 94.7 95.2 96.1 96.8 97.4 98.3 98.9 99.8 101 104.2 101.5 105 110.5 116.5 121.3 126.2 132.6 140.1 146.9 137 132.6 127 127.3 127.9 127.6 127.8 128.3 131 134.1 138.9 147.9 154.2 160.4 168.2 176.1 180.6 180.2 171.3 163.3 172.1 164.5 156.3 147.4 148.3 152.4 156.8 156.9 151.7 152 152.9 154.2 155.5 157.3 157.9 163.3 171.7 178.1 183.8 185 188.7
83.7 92.3 102.5 103.1 97.4 90.7 90.9 96.8 103 111.5 117.1 119.5 116.6 109.1 99 94 92.5 92.7 92.6 93.3 93.7 94.2 94.6 95.1 95.8 96.5 97.2 98.2 101.1 105.2 109.6 109 102.7 104.6 112 116.8 121.8 127.3 134.4 143.7 135.8 124.9 125.5 126 126.4 127.7 131.3 133.5 135.9 141 142.4 144 148.1 152.8 159 170 177.8 180.1 176.3 164.2 169 167.7 161.2 155 149.7 148 148.6 149.3 151.9 150.3 151.8 152.8 157.7 157.8 157.7 160.6 164.9 172.6 177.6 182.7 188.7 196.6
85.6 100.7 107.5 105.8 96.1 91.4 91 98.4 108.5 119.4 125.1 123 115.5 107.2 98.9 92 92.1 92 92.3 93.1 93.6 94.1 95.3 95.9 97.3 96.7 96.7 98.7 105.7 110.4 113.4 108.9 104.5 103.7 109.9 116.1 121.6 127.7 135.8 137.4 123.4 123.9 127.7 129 130.9 133.6 137.9 140.3 143.2 145.8 144.5 144.6 146.4 152.5 159.2 166.7 171.1 171.5 165.1 166.7 168.6 161.3 155.2 152.1 150.7 152.6 153.7 154.4 157.4 157.4 156.8 159 160.5 161.3 159.9 162.8 166.5 170.6 175.7 180.3 188.1 199.8
95.4 105.5 109.2 99.1 91.3 91.6 96.5 98.6 114.2 125.3 130.9 126.1 114.5 103.4 97.8 91.2 91.8 91.4 92 92.4 93.1 93.5 96.4 100.7 101.7 99.6 97 101.2 108.2 114.4 112.8 106.6 103.8 104.1 107.7 116.7 122.1 127.3 132 129.2 125.5 129 132 134.7 136.3 138.6 142.2 143.3 147.5 148.1 148.7 149.4 149.3 153.8 158.6 165 167.7 169.7 165.8 172.1 173.7 163.4 154.6 151.1 151.6 153.6 157 156.9 159.6 159.1 158.7 162.7 165 164.1 163 164.1 165.6 166.2 174.3 179.1 185 193.1
102.4 110.9 106 94.9 90.6 91.4 95.9 102.9 115.2 125 127.7 121.4 107.8 95.7 92.6 91 91.4 91.2 91.6 92 95.5 98.6 105.7 113.3 113.9 107.2 100.1 101.9 111 112.4 107.2 103.7 104.4 105.1 105.6 114 117.3 123.1 120.7 123.2 129.4 133.7 136.9 139 140.4 143.1 149.6 152 148.5 146.1 148.8 157 154.1 156.8 159.6 165.7 170 166.7 174.8 179.8 176.7 167 158.4 153.6 153.4 157.7 159.5 158.7 159.2 162.4 165.5 170.7 168.6 166.9 168 165.5 164.9 169.7 174.4 177.9 182.1 192.5
